	-0.289031047	0.0025834463	0.7	0.5
	-0.302982457	0.002760279	0.7	0.505
	-0.313932122	0.00260642942	0.7	0.51
	-0.324489979	0.0022587997	0.7	0.515
	-0.333253519	0.00231278976	0.7	0.52
	-0.342209578	0.00196170389	0.7	0.525
	-0.35407478	0.00213432711	0.7	0.53
	-0.359118814	0.00202597792	0.7	0.535
	-0.365755689	0.00164053516	0.7	0.54
	-0.372378546	0.00203579907	0.7	0.545
	-0.377033623	0.00171333944	0.7	0.55
	-0.383463813	0.00165371768	0.7	0.555
	-0.385050715	0.00134050385	0.7	0.56
	-0.38887263	0.00149093618	0.7	0.565
	-0.39292365	0.00144773131	0.7	0.57
	-0.395787043	0.00132804608	0.7	0.575
	-0.399083879	0.00134736283	0.7	0.58
	-0.40163909	0.00125008145	0.7	0.585
	-0.403809036	0.00125400757	0.7	0.59
	-0.404510574	0.00111102146	0.7	0.595
	-0.405681316	0.00100637345	0.7	0.6
	-0.407387176	0.00104411747	0.7	0.605
	-0.408269786	0.00104809736	0.7	0.61
	-0.408794312	0.000893705589	0.7	0.615
	-0.409914536	0.00113629816	0.7	0.62
	-0.408744755	0.00114620044	0.7	0.625
	-0.409568404	0.000950120195	0.7	0.63
	-0.408591353	0.000959104759	0.7	0.635
	-0.4091749	0.00100511213	0.7	0.64
	-0.40816284	0.00111161878	0.7	0.645
	-0.408005306	0.0011960921	0.7	0.65
	-0.406102345	0.00108095877	0.7	0.655
	-0.403860231	0.00123143701	0.7	0.66
	-0.404127454	0.00124847299	0.7	0.665
	-0.401189763	0.0012379529	0.7	0.67
	-0.400134809	0.00133991463	0.7	0.675
	-0.398277062	0.0013076013	0.7	0.68
	-0.39663045	0.00138975866	0.7	0.685
	-0.393921131	0.0015065801	0.7	0.69
	-0.391979433	0.00164530738	0.7	0.695
	-0.292452653	0.00237403568	0.705	0.5
	-0.304456132	0.00249009297	0.705	0.505
	-0.314531887	0.002396818	0.705	0.51
	-0.326455944	0.002636715	0.705	0.515
	-0.337459638	0.00215995149	0.705	0.52
	-0.345990597	0.00178081321	0.705	0.525
	-0.354425037	0.00190960258	0.705	0.53
	-0.361009833	0.00183535448	0.705	0.535
	-0.368211956	0.00174629673	0.705	0.54
	-0.373485185	0.00159464807	0.705	0.545
	-0.382069091	0.0015929352	0.705	0.55
	-0.384396409	0.00143152246	0.705	0.555
	-0.389779446	0.00173879195	0.705	0.56
	-0.391920775	0.00168731004	0.705	0.565
	-0.396005655	0.0015636891	0.705	0.57
	-0.400550234	0.00164043584	0.705	0.575
	-0.402509861	0.00119082587	0.705	0.58
	-0.405112017	0.00117044019	0.705	0.585
	-0.40792594	0.0012995153	0.705	0.59
	-0.407729307	0.00123295376	0.705	0.595
	-0.408937558	0.00103159606	0.705	0.6
	-0.411236539	0.00104313225	0.705	0.605
	-0.411658803	0.00102810575	0.705	0.61
	-0.412045802	0.00101606886	0.705	0.615
	-0.412311101	0.000985039268	0.705	0.62
	-0.413298163	0.00089046819	0.705	0.625
	-0.412872337	0.000961072686	0.705	0.63
	-0.412263532	0.000971283086	0.705	0.635
	-0.410769984	0.000994320484	0.705	0.64
	-0.411412154	0.0011859745	0.705	0.645
	-0.410365035	0.00103753205	0.705	0.65
	-0.408448455	0.00114501413	0.705	0.655
	-0.407717308	0.00121026042	0.705	0.66
	-0.407234956	0.00141048445	0.705	0.665
	-0.405056969	0.00146744411	0.705	0.67
	-0.401688107	0.00143585057	0.705	0.675
	-0.399822229	0.00129880492	0.705	0.68
	-0.398642927	0.00161849931	0.705	0.685
	-0.395934158	0.00176545616	0.705	0.69
	-0.392906025	0.0017147296	0.705	0.695
	-0.292758784	0.0025590254	0.71	0.5
	-0.308026745	0.00235972971	0.71	0.505
	-0.319682411	0.00218676105	0.71	0.51
	-0.329618082	0.00229538564	0.71	0.515
	-0.339292102	0.00183157187	0.71	0.52
	-0.346914895	0.00193877841	0.71	0.525
	-0.355890985	0.00189051477	0.71	0.53
	-0.363169685	0.00190004648	0.71	0.535
	-0.369887415	0.00186877138	0.71	0.54
	-0.37683484	0.00160600912	0.71	0.545
	-0.385084325	0.00148185719	0.71	0.55
	-0.387705489	0.00149264627	0.71	0.555
	-0.392889421	0.00139042192	0.71	0.56
	-0.395119432	0.0015203632	0.71	0.565
	-0.398912458	0.00153977133	0.71	0.57
	-0.40283759	0.00160928349	0.71	0.575
	-0.405096684	0.00129649762	0.71	0.58
	-0.406977647	0.00127373361	0.71	0.585
	-0.410541034	0.00136148144	0.71	0.59
	-0.412153704	0.00104973271	0.71	0.595
	-0.413900943	0.0010398032	0.71	0.6
	-0.41480831	0.00102321736	0.71	0.605
	-0.415980672	0.00102178433	0.71	0.61
	-0.416847641	0.0010718195	0.71	0.615
	-0.416160203	0.00105646441	0.71	0.62
	-0.416274822	0.00110180962	0.71	0.625
	-0.414797748	0.00104497034	0.71	0.63
	-0.41554386	0.00103649066	0.71	0.635
	-0.415671079	0.00122339713	0.71	0.64
	-0.414954942	0.00114611183	0.71	0.645
	-0.413635823	0.00110046912	0.71	0.65
	-0.411804222	0.00119823252	0.71	0.655
	-0.410349327	0.00121929696	0.71	0.66
	-0.408708311	0.00127208026	0.71	0.665
	-0.406819635	0.00135793344	0.71	0.67
	-0.407557614	0.00142629774	0.71	0.675
	-0.40175043	0.00163452764	0.71	0.68
	-0.400128571	0.00164614994	0.71	0.685
	-0.398263259	0.00140708503	0.71	0.69
	-0.396160156	0.00165377925	0.71	0.695
	-0.297748421	0.0029352742	0.715	0.5
	-0.303185624	0.0023467505	0.715	0.505
	-0.317400056	0.00238523255	0.715	0.51
	-0.328571191	0.00220480583	0.715	0.515
	-0.340301958	0.00223462942	0.715	0.52
	-0.350120824	0.00194712986	0.715	0.525
	-0.356945202	0.0017660518	0.715	0.53
	-0.366764613	0.00175775678	0.715	0.535
	-0.374223109	0.00195423344	0.715	0.54
	-0.378073411	0.00168643079	0.715	0.545
	-0.384285942	0.00165483195	0.715	0.55
	-0.392199793	0.00149803223	0.715	0.555
	-0.397607797	0.00144178381	0.715	0.56
	-0.398091596	0.00141265726	0.715	0.565
	-0.403168853	0.00137349069	0.715	0.57
	-0.405643733	0.00160435148	0.715	0.575
	-0.408034471	0.00153025109	0.715	0.58
	-0.410943845	0.001205142	0.715	0.585
	-0.413366172	0.00113297801	0.715	0.59
	-0.414547403	0.0011952176	0.715	0.595
	-0.415550072	0.0011169691	0.715	0.6
	-0.417487953	0.00104053699	0.715	0.605
	-0.418029744	0.00108187645	0.715	0.61
	-0.41843696	0.00112100049	0.715	0.615
	-0.418352824	0.00102295251	0.715	0.62
	-0.419014048	0.000986855325	0.715	0.625
	-0.419151295	0.000998783573	0.715	0.63
	-0.419075998	0.00112658521	0.715	0.635
	-0.418749429	0.000972722785	0.715	0.64
	-0.417575292	0.000983261217	0.715	0.645
	-0.416878612	0.00112323727	0.715	0.65
	-0.414593138	0.00138734434	0.715	0.655
	-0.413187754	0.00143909296	0.715	0.66
	-0.410613102	0.00135634004	0.715	0.665
	-0.410854028	0.00124772781	0.715	0.67
	-0.407480106	0.00131615571	0.715	0.675
	-0.404588555	0.00167703802	0.715	0.68
	-0.401736156	0.00161310937	0.715	0.685
	-0.401285383	0.001755896	0.715	0.69
	-0.397945739	0.00176207301	0.715	0.695
	-0.295994322	0.00303305658	0.72	0.5
	-0.308379985	0.00230101044	0.72	0.505
	-0.321174001	0.00227778515	0.72	0.51
	-0.330534507	0.00226404409	0.72	0.515
	-0.341250895	0.00188222118	0.72	0.52
	-0.353999538	0.00262254749	0.72	0.525
	-0.35890525	0.001982693	0.72	0.53
	-0.369654958	0.00243627818	0.72	0.535
	-0.375441569	0.00204068371	0.72	0.54
	-0.382958277	0.00183466736	0.72	0.545
	-0.388023303	0.00203715575	0.72	0.55
	-0.392184815	0.00159642574	0.72	0.555
	-0.399380898	0.00135045142	0.72	0.56
	-0.401986424	0.00141125336	0.72	0.565
	-0.404243312	0.00119891597	0.72	0.57
	-0.409952554	0.00143099166	0.72	0.575
	-0.411085265	0.00156722249	0.72	0.58
	-0.414795435	0.00133881139	0.72	0.585
	-0.415060205	0.00115417845	0.72	0.59
	-0.418675875	0.00112987008	0.72	0.595
	-0.418983204	0.00102704155	0.72	0.6
	-0.420322936	0.00101922248	0.72	0.605
	-0.421029529	0.00102089302	0.72	0.61
	-0.422816255	0.00114838529	0.72	0.615
	-0.422571816	0.00106094942	0.72	0.62
	-0.422983363	0.000893049735	0.72	0.625
	-0.422002705	0.000945374635	0.72	0.63
	-0.42075202	0.00102089099	0.72	0.635
	-0.41952302	0.00102665227	0.72	0.64
	-0.419391607	0.00115231457	0.72	0.645
	-0.419489746	0.00108271387	0.72	0.65
	-0.417485139	0.00131607193	0.72	0.655
	-0.416268224	0.00138238557	0.72	0.66
	-0.414918278	0.00129855236	0.72	0.665
	-0.41238283	0.00141557173	0.72	0.67
	-0.410116827	0.00137375427	0.72	0.675
	-0.406991869	0.00144237702	0.72	0.68
	-0.403112868	0.00153784915	0.72	0.685
	-0.402188693	0.00180906672	0.72	0.69
	-0.397867572	0.00182187131	0.72	0.695
	-0.296525497	0.00263888876	0.725	0.5
	-0.30827581	0.00253654737	0.725	0.505
	-0.321461137	0.00234370985	0.725	0.51
	-0.334049402	0.00211965691	0.725	0.515
	-0.344118131	0.00179796807	0.725	0.52
	-0.35276775	0.00194322746	0.725	0.525
	-0.361568273	0.00228691257	0.725	0.53
	-0.367663093	0.00168308406	0.725	0.535
	-0.377051289	0.00175700766	0.725	0.54
	-0.386458313	0.00217909254	0.725	0.545
	-0.389867956	0.00187696107	0.725	0.55
	-0.394688232	0.00182800009	0.725	0.555
	-0.399994543	0.00161331405	0.725	0.56
	-0.404803144	0.00162890838	0.725	0.565
	-0.40836805	0.00135010496	0.725	0.57
	-0.411763579	0.00126278041	0.725	0.575
	-0.414859624	0.00129548807	0.725	0.58
	-0.417016259	0.00121548686	0.725	0.585
	-0.418543618	0.00118579315	0.725	0.59
	-0.420921377	0.00118612448	0.725	0.595
	-0.421193994	0.0011063064	0.725	0.6
	-0.424086325	0.00116386351	0.725	0.605
	-0.424337865	0.000994885414	0.725	0.61
	-0.423469089	0.00102202478	0.725	0.615
	-0.425760943	0.000885177504	0.725	0.62
	-0.424897876	0.000901230628	0.725	0.625
	-0.424530061	0.000922191301	0.725	0.63
	-0.424265527	0.000924942888	0.725	0.635
	-0.4222654	0.0010758676	0.725	0.64
	-0.421744226	0.001167637	0.725	0.645
	-0.419417036	0.0011160864	0.725	0.65
	-0.417888792	0.00117697058	0.725	0.655
	-0.416901524	0.00137212172	0.725	0.66
	-0.416536058	0.00137361057	0.725	0.665
	-0.412844856	0.00157122367	0.725	0.67
	-0.412124681	0.00149882971	0.725	0.675
	-0.409712226	0.00179664222	0.725	0.68
	-0.407868799	0.00173855585	0.725	0.685
	-0.404083632	0.00175306565	0.725	0.69
	-0.40073428	0.00205065737	0.725	0.695
	-0.298069037	0.00276242686	0.73	0.5
	-0.313332235	0.0021749394	0.73	0.505
	-0.319217231	0.00252411547	0.73	0.51
	-0.33320254	0.00229802392	0.73	0.515
	-0.346126552	0.00238775435	0.73	0.52
	-0.356106021	0.00179614333	0.73	0.525
	-0.361674056	0.00188669443	0.73	0.53
	-0.37057636	0.00143018082	0.73	0.535
	-0.377756777	0.00191228629	0.73	0.54
	-0.385487023	0.0021100428	0.73	0.545
	-0.394022364	0.00157130689	0.73	0.55
	-0.397124598	0.00177001337	0.73	0.555
	-0.403663095	0.00159898833	0.73	0.56
	-0.405770856	0.00141467634	0.73	0.565
	-0.409178171	0.00141455951	0.73	0.57
	-0.416361006	0.00129324113	0.73	0.575
	-0.419081606	0.00115455681	0.73	0.58
	-0.419451495	0.0011588016	0.73	0.585
	-0.421838103	0.00114348676	0.73	0.59
	-0.423027724	0.00118932706	0.73	0.595
	-0.425292191	0.001169315	0.73	0.6
	-0.425151448	0.00110110915	0.73	0.605
	-0.427019448	0.00111688606	0.73	0.61
	-0.426982528	0.00120002554	0.73	0.615
	-0.427200819	0.000914670686	0.73	0.62
	-0.427236002	0.000860068043	0.73	0.625
	-0.427586658	0.000847910878	0.73	0.63
	-0.425601809	0.00101254005	0.73	0.635
	-0.425472482	0.00106326997	0.73	0.64
	-0.423686264	0.00111815974	0.73	0.645
	-0.421675306	0.00112463704	0.73	0.65
	-0.421508683	0.00122433972	0.73	0.655
	-0.418936879	0.00136366015	0.73	0.66
	-0.418340973	0.00131684444	0.73	0.665
	-0.416363454	0.00153228175	0.73	0.67
	-0.414216176	0.00131845192	0.73	0.675
	-0.412531624	0.00141757248	0.73	0.68
	-0.409983412	0.00140973634	0.73	0.685
	-0.407357673	0.00150785868	0.73	0.69
	-0.402595665	0.00203177052	0.73	0.695
	-0.300949421	0.00274601584	0.735	0.5
	-0.311657094	0.00250846035	0.735	0.505
	-0.327177335	0.00232344272	0.735	0.51
	-0.337319941	0.00207360306	0.735	0.515
	-0.348008208	0.00201271825	0.735	0.52
	-0.35710401	0.00201757397	0.735	0.525
	-0.364011171	0.00221137427	0.735	0.53
	-0.373375967	0.00185518852	0.735	0.535
	-0.381009119	0.00197752547	0.735	0.54
	-0.388240678	0.0015769775	0.735	0.545
	-0.395598101	0.00183554159	0.735	0.55
	-0.399183129	0.00149457729	0.735	0.555
	-0.403877156	0.00146563978	0.735	0.56
	-0.409128411	0.00151473066	0.735	0.565
	-0.412123902	0.00139688729	0.735	0.57
	-0.415231992	0.00117541491	0.735	0.575
	-0.418688747	0.00119091592	0.735	0.58
	-0.422650333	0.00138521977	0.735	0.585
	-0.423413746	0.00114684421	0.735	0.59
	-0.425639568	0.00107492293	0.735	0.595
	-0.426444351	0.00116458997	0.735	0.6
	-0.428208655	0.00104437706	0.735	0.605
	-0.429082463	0.00102199807	0.735	0.61
	-0.429637566	0.0010012017	0.735	0.615
	-0.430017995	0.00098536737	0.735	0.62
	-0.428409855	0.00107403965	0.735	0.625
	-0.428461454	0.000866438712	0.735	0.63
	-0.428587165	0.0010468627	0.735	0.635
	-0.427549485	0.00104310482	0.735	0.64
	-0.426559444	0.00124238507	0.735	0.645
	-0.425630978	0.001173739	0.735	0.65
	-0.422841628	0.00152616298	0.735	0.655
	-0.422500824	0.00112811268	0.735	0.66
	-0.419574719	0.00125479153	0.735	0.665
	-0.418527488	0.00125038213	0.735	0.67
	-0.415712419	0.00173219469	0.735	0.675
	-0.411710204	0.00177067176	0.735	0.68
	-0.411515173	0.00151357447	0.735	0.685
	-0.406780533	0.00192179049	0.735	0.69
	-0.404576862	0.00192846465	0.735	0.695
	-0.298627062	0.00238306013	0.74	0.5
	-0.312525547	0.00221051802	0.74	0.505
	-0.325285004	0.00236783936	0.74	0.51
	-0.332949383	0.0022946636	0.74	0.515
	-0.350057922	0.00273390977	0.74	0.52
	-0.357378484	0.00211832955	0.74	0.525
	-0.365121563	0.0021663863	0.74	0.53
	-0.37332562	0.00195146425	0.74	0.535
	-0.383566292	0.00157106673	0.74	0.54
	-0.387788273	0.00174573819	0.74	0.545
	-0.395002343	0.00137442204	0.74	0.55
	-0.400310624	0.00180637361	0.74	0.555
	-0.407435865	0.0017296214	0.74	0.56
	-0.409573496	0.00153782716	0.74	0.565
	-0.414240776	0.00143580112	0.74	0.57
	-0.418503129	0.00139598384	0.74	0.575
	-0.420770417	0.00118530463	0.74	0.58
	-0.424397031	0.00118180172	0.74	0.585
	-0.42598518	0.00106940215	0.74	0.59
	-0.427607265	0.00110303705	0.74	0.595
	-0.429160475	0.00101277713	0.74	0.6
	-0.430925482	0.00110151945	0.74	0.605
	-0.431667285	0.000983928303	0.74	0.61
	-0.431583487	0.000915638817	0.74	0.615
	-0.432650419	0.00113143237	0.74	0.62
	-0.4306341	0.000953151847	0.74	0.625
	-0.430779627	0.00101306876	0.74	0.63
	-0.431425131	0.00114175179	0.74	0.635
	-0.430607357	0.00116776276	0.74	0.64
	-0.428310902	0.00105477029	0.74	0.645
	-0.427034979	0.00115035947	0.74	0.65
	-0.42568272	0.00131923439	0.74	0.655
	-0.425088212	0.00150575762	0.74	0.66
	-0.421094378	0.00153374856	0.74	0.665
	-0.418546917	0.00161250542	0.74	0.67
	-0.416985321	0.00153176824	0.74	0.675
	-0.414119461	0.00193665168	0.74	0.68
	-0.410944261	0.00189374175	0.74	0.685
	-0.40952072	0.00191670858	0.74	0.69
	-0.408041894	0.0018810045	0.74	0.695
	-0.296393802	0.00238641205	0.745	0.5
	-0.310109582	0.00257720807	0.745	0.505
	-0.326106931	0.00208636795	0.745	0.51
	-0.337780173	0.00239102742	0.745	0.515
	-0.346817755	0.00219362624	0.745	0.52
	-0.359503521	0.00228762857	0.745	0.525
	-0.366504181	0.00192388584	0.745	0.53
	-0.376321243	0.00163358633	0.745	0.535
	-0.383305605	0.00173735774	0.745	0.54
	-0.388678897	0.00169899983	0.745	0.545
	-0.396830045	0.00137502407	0.745	0.55
	-0.403160724	0.0013843155	0.745	0.555
	-0.408434109	0.00164003157	0.745	0.56
	-0.412891146	0.00146763287	0.745	0.565
	-0.415408079	0.00144241549	0.745	0.57
	-0.418321625	0.00138995799	0.745	0.575
	-0.423751728	0.001225684	0.745	0.58
	-0.426027183	0.00116131816	0.745	0.585
	-0.429382472	0.00111933503	0.745	0.59
	-0.42950196	0.000944661024	0.745	0.595
	-0.430763168	0.00114067058	0.745	0.6
	-0.433783732	0.00110932572	0.745	0.605
	-0.434115658	0.00113853154	0.745	0.61
	-0.433367875	0.00107870685	0.745	0.615
	-0.433615372	0.000966598717	0.745	0.62
	-0.433385125	0.00118701752	0.745	0.625
	-0.433628643	0.00098346652	0.745	0.63
	-0.434057128	0.00102146357	0.745	0.635
	-0.432256575	0.00116434575	0.745	0.64
	-0.432186653	0.0011626792	0.745	0.645
	-0.430470357	0.00115345824	0.745	0.65
	-0.427574429	0.00139979028	0.745	0.655
	-0.425516371	0.00133851078	0.745	0.66
	-0.424564994	0.00136504971	0.745	0.665
	-0.421259877	0.00143672091	0.745	0.67
	-0.418491512	0.00151690322	0.745	0.675
	-0.414933467	0.00153927485	0.745	0.68
	-0.414361122	0.00162064716	0.745	0.685
	-0.409465666	0.00161559671	0.745	0.69
	-0.407666188	0.0021039122	0.745	0.695
	-0.299980961	0.0028255677	0.75	0.5
	-0.311637567	0.00258421253	0.75	0.505
	-0.327956149	0.00282631441	0.75	0.51
	-0.335108841	0.00246322836	0.75	0.515
	-0.347254338	0.00205192454	0.75	0.52
	-0.357721571	0.00172848182	0.75	0.525
	-0.368223028	0.00176954015	0.75	0.53
	-0.377805862	0.00168818013	0.75	0.535
	-0.384252569	0.00179949902	0.75	0.54
	-0.391544914	0.00176438642	0.75	0.545
	-0.398628327	0.00171227824	0.75	0.55
	-0.404906671	0.00121147519	0.75	0.555
	-0.408496511	0.00162798783	0.75	0.56
	-0.412727203	0.00126687069	0.75	0.565
	-0.41844266	0.00134480675	0.75	0.57
	-0.422098822	0.00117533118	0.75	0.575
	-0.425310419	0.00121267296	0.75	0.58
	-0.427246074	0.00124839999	0.75	0.585
	-0.430400681	0.00092470064	0.75	0.59
	-0.432866392	0.000996698528	0.75	0.595
	-0.434126334	0.00102030459	0.75	0.6
	-0.435359838	0.000929447677	0.75	0.605
	-0.435504374	0.00103991869	0.75	0.61
	-0.434684026	0.00114269888	0.75	0.615
	-0.435431094	0.000986506853	0.75	0.62
	-0.436305139	0.000990825452	0.75	0.625
	-0.434826661	0.000971042246	0.75	0.63
	-0.435000589	0.0010124278	0.75	0.635
	-0.432513599	0.0011197329	0.75	0.64
	-0.432650113	0.00125786994	0.75	0.645
	-0.430561481	0.0012583116	0.75	0.65
	-0.428261045	0.00127163178	0.75	0.655
	-0.426528635	0.00141190564	0.75	0.66
	-0.42468389	0.00136054029	0.75	0.665
	-0.423223589	0.00132957663	0.75	0.67
	-0.420759217	0.00165628149	0.75	0.675
	-0.417220155	0.00165573273	0.75	0.68
	-0.413535543	0.00187670598	0.75	0.685
	-0.411786652	0.00186834317	0.75	0.69
	-0.409785933	0.00169721827	0.75	0.695
	-0.300795319	0.00321270724	0.755	0.5
	-0.312347767	0.00281940476	0.755	0.505
	-0.325169767	0.00271948976	0.755	0.51
	-0.337779854	0.00255163058	0.755	0.515
	-0.347498126	0.00213692974	0.755	0.52
	-0.361064693	0.0017974512	0.755	0.525
	-0.368141024	0.00167770491	0.755	0.53
	-0.375917853	0.00172740302	0.755	0.535
	-0.383993173	0.00171513432	0.755	0.54
	-0.392765969	0.00161221442	0.755	0.545
	-0.397269857	0.00169572782	0.755	0.55
	-0.405582678	0.00142183449	0.755	0.555
	-0.410217162	0.00156371377	0.755	0.56
	-0.41391937	0.00122465863	0.755	0.565
	-0.419226588	0.00138046647	0.755	0.57
	-0.423608825	0.00127902906	0.755	0.575
	-0.426841479	0.00110575978	0.755	0.58
	-0.429590328	0.000996667221	0.755	0.585
	-0.432205678	0.000957384828	0.755	0.59
	-0.433742821	0.00115934695	0.755	0.595
	-0.434511837	0.000857183179	0.755	0.6
	-0.436110341	0.00103053181	0.755	0.605
	-0.437101268	0.000918082009	0.755	0.61
	-0.438429685	0.00102368066	0.755	0.615
	-0.437432882	0.00103071469	0.755	0.62
	-0.437315138	0.000897990324	0.755	0.625
	-0.43742847	0.00112194312	0.755	0.63
	-0.436960618	0.00121393921	0.755	0.635
	-0.434739866	0.00116472742	0.755	0.64
	-0.432468289	0.00129747237	0.755	0.645
	-0.431406749	0.00120383577	0.755	0.65
	-0.430645109	0.00128011827	0.755	0.655
	-0.427914245	0.00150757846	0.755	0.66
	-0.426017573	0.00155736015	0.755	0.665
	-0.421038972	0.00157558213	0.755	0.67
	-0.421290484	0.0015542289	0.755	0.675
	-0.416678322	0.00174098795	0.755	0.68
	-0.416100387	0.00155631156	0.755	0.685
	-0.412660813	0.00200825603	0.755	0.69
	-0.409651036	0.00177652738	0.755	0.695
	-0.296093031	0.00273977509	0.76	0.5
	-0.310985337	0.00294384414	0.76	0.505
	-0.323089915	0.00285704959	0.76	0.51
	-0.339710818	0.00230300445	0.76	0.515
	-0.348663547	0.00206709804	0.76	0.52
	-0.361012077	0.002160916	0.76	0.525
	-0.368111211	0.00186370185	0.76	0.53
	-0.378448248	0.0018714648	0.76	0.535
	-0.387002684	0.00156724522	0.76	0.54
	-0.395671088	0.00177974275	0.76	0.545
	-0.40043375	0.00158282128	0.76	0.55
	-0.407290002	0.00137373102	0.76	0.555
	-0.412441403	0.00153721813	0.76	0.56
	-0.414553797	0.00133222771	0.76	0.565
	-0.419351573	0.00132323174	0.76	0.57
	-0.425488042	0.00122258024	0.76	0.575
	-0.4283572	0.00113852745	0.76	0.58
	-0.429615951	0.00128950227	0.76	0.585
	-0.433235626	0.00104790132	0.76	0.59
	-0.434610321	0.00115714865	0.76	0.595
	-0.437332742	0.000955942953	0.76	0.6
	-0.436796708	0.00108403123	0.76	0.605
	-0.438545813	0.000993361485	0.76	0.61
	-0.439093704	0.00101191272	0.76	0.615
	-0.438726948	0.000965323083	0.76	0.62
	-0.438242981	0.00117106488	0.76	0.625
	-0.437184231	0.000934912941	0.76	0.63
	-0.436254915	0.0011291876	0.76	0.635
	-0.43597144	0.00114604136	0.76	0.64
	-0.435006818	0.00113820509	0.76	0.645
	-0.433060022	0.00128025664	0.76	0.65
	-0.431572213	0.00129661542	0.76	0.655
	-0.429504846	0.00130154281	0.76	0.66
	-0.425530931	0.00164909967	0.76	0.665
	-0.421634535	0.00176506324	0.76	0.67
	-0.421335278	0.0017041636	0.76	0.675
	-0.418586601	0.0017739777	0.76	0.68
	-0.416566641	0.00180054528	0.76	0.685
	-0.411067315	0.0017515423	0.76	0.69
	-0.412234916	0.00178800898	0.76	0.695
	-0.298506097	0.00292446817	0.765	0.5
	-0.312281415	0.00264844459	0.765	0.505
	-0.320966805	0.00284357703	0.765	0.51
	-0.337508791	0.00254186426	0.765	0.515
	-0.351163295	0.00234181172	0.765	0.52
	-0.360193799	0.00236709962	0.765	0.525
	-0.371218366	0.00198148625	0.765	0.53
	-0.379258176	0.00160312345	0.765	0.535
	-0.386837915	0.0017600976	0.765	0.54
	-0.395865083	0.00179282328	0.765	0.545
	-0.399998516	0.00160475839	0.765	0.55
	-0.407355151	0.0016544475	0.765	0.555
	-0.414380603	0.00162411259	0.765	0.56
	-0.417586173	0.00135332036	0.765	0.565
	-0.422653962	0.00148081465	0.765	0.57
	-0.425419872	0.00129284453	0.765	0.575
	-0.429418842	0.00127097466	0.765	0.58
	-0.432079699	0.00133592466	0.765	0.585
	-0.432317122	0.00122283613	0.765	0.59
	-0.436087534	0.00104331142	0.765	0.595
	-0.43747474	0.00116398098	0.765	0.6
	-0.438864099	0.00105376789	0.765	0.605
	-0.440307128	0.000872124507	0.765	0.61
	-0.440701537	0.000860210228	0.765	0.615
	-0.440504843	0.00095816877	0.765	0.62
	-0.439849459	0.0011798389	0.765	0.625
	-0.439210443	0.00107097615	0.765	0.63
	-0.437438027	0.00130886483	0.765	0.635
	-0.43779671	0.000993037558	0.765	0.64
	-0.434836623	0.00130605173	0.765	0.645
	-0.434553616	0.00138501876	0.765	0.65
	-0.430981993	0.0016135838	0.765	0.655
	-0.428761391	0.0017538607	0.765	0.66
	-0.426219727	0.00164414844	0.765	0.665
	-0.423411824	0.00188096153	0.765	0.67
	-0.420385012	0.00166216868	0.765	0.675
	-0.41921504	0.00170193733	0.765	0.68
	-0.415318455	0.00166892043	0.765	0.685
	-0.41368792	0.00160659531	0.765	0.69
	-0.411145124	0.00179306992	0.765	0.695
	-0.299085426	0.00249648427	0.77	0.5
	-0.316389009	0.00280133018	0.77	0.505
	-0.328612679	0.00288955156	0.77	0.51
	-0.34058582	0.00228888449	0.77	0.515
	-0.351394084	0.00260815799	0.77	0.52
	-0.360585442	0.00238791063	0.77	0.525
	-0.37182788	0.00217812384	0.77	0.53
	-0.378369364	0.00210982577	0.77	0.535
	-0.386285575	0.00171606024	0.77	0.54
	-0.396588261	0.00169248508	0.77	0.545
	-0.403874761	0.00158570532	0.77	0.55
	-0.408256725	0.00161437349	0.77	0.555
	-0.412653952	0.00150763297	0.77	0.56
	-0.419246066	0.00149195974	0.77	0.565
	-0.422653467	0.00134735789	0.77	0.57
	-0.427358576	0.00124133006	0.77	0.575
	-0.430020665	0.00135346637	0.77	0.58
	-0.432129872	0.00106001273	0.77	0.585
	-0.434385822	0.00110550543	0.77	0.59
	-0.435415458	0.00113582284	0.77	0.595
	-0.438991122	0.00101196685	0.77	0.6
	-0.439709711	0.00107717757	0.77	0.605
	-0.441716213	0.00108072336	0.77	0.61
	-0.442603045	0.000890673169	0.77	0.615
	-0.441783976	0.000931215088	0.77	0.62
	-0.441532492	0.00105528313	0.77	0.625
	-0.440080494	0.00106415129	0.77	0.63
	-0.439507135	0.00114113529	0.77	0.635
	-0.438945842	0.00124147856	0.77	0.64
	-0.436334534	0.00142351279	0.77	0.645
	-0.433860754	0.00126878354	0.77	0.65
	-0.43180776	0.00153461088	0.77	0.655
	-0.42920703	0.00163391155	0.77	0.66
	-0.426794742	0.00156800016	0.77	0.665
	-0.424928625	0.00173396448	0.77	0.67
	-0.421527231	0.00187746014	0.77	0.675
	-0.419805291	0.00158144131	0.77	0.68
	-0.416527544	0.00176121041	0.77	0.685
	-0.412150574	0.00211158601	0.77	0.69
	-0.408603616	0.00195448302	0.77	0.695
	-0.298969997	0.00266472869	0.775	0.5
	-0.310573485	0.00276520938	0.775	0.505
	-0.328842721	0.00268379171	0.775	0.51
	-0.337765269	0.00235751863	0.775	0.515
	-0.351625109	0.00215007968	0.775	0.52
	-0.361452235	0.00222516129	0.775	0.525
	-0.370340785	0.00167830634	0.775	0.53
	-0.379631633	0.00194484307	0.775	0.535
	-0.385389171	0.00193612593	0.775	0.54
	-0.395347315	0.00176708943	0.775	0.545
	-0.403348888	0.00178835588	0.775	0.55
	-0.408806	0.00143705902	0.775	0.555
	-0.413358858	0.00151779638	0.775	0.56
	-0.41879426	0.00118304951	0.775	0.565
	-0.423708297	0.00140082182	0.775	0.57
	-0.42864633	0.00125799995	0.775	0.575
	-0.430333757	0.00138511766	0.775	0.58
	-0.434126262	0.00105034502	0.775	0.585
	-0.433970892	0.00125363928	0.775	0.59
	-0.436956806	0.00126373917	0.775	0.595
	-0.438588442	0.0011275362	0.775	0.6
	-0.440956953	0.00125008872	0.775	0.605
	-0.440736487	0.00116005031	0.775	0.61
	-0.442393186	0.00106840448	0.775	0.615
	-0.44200826	0.00109158397	0.775	0.62
	-0.441483122	0.00132974476	0.775	0.625
	-0.440382335	0.00133651083	0.775	0.63
	-0.440808253	0.00114861644	0.775	0.635
	-0.437608357	0.00135290653	0.775	0.64
	-0.43741806	0.00136906988	0.775	0.645
	-0.436328112	0.00139019107	0.775	0.65
	-0.43188103	0.00148529623	0.775	0.655
	-0.429627097	0.0014746945	0.775	0.66
	-0.427276874	0.00165034856	0.775	0.665
	-0.424031734	0.00148880554	0.775	0.67
	-0.421466331	0.0019971792	0.775	0.675
	-0.419765321	0.00198640125	0.775	0.68
	-0.415866479	0.00193318405	0.775	0.685
	-0.413189932	0.00180303614	0.775	0.69
	-0.41094238	0.00187938068	0.775	0.695
	-0.297241897	0.00280305559	0.78	0.5
	-0.312175266	0.00286308959	0.78	0.505
	-0.325687627	0.00228811731	0.78	0.51
	-0.340543776	0.00234442889	0.78	0.515
	-0.349437931	0.00226489814	0.78	0.52
	-0.360144256	0.00213790357	0.78	0.525
	-0.370986222	0.00230136591	0.78	0.53
	-0.378602884	0.0020078861	0.78	0.535
	-0.386413893	0.00183705369	0.78	0.54
	-0.397626126	0.00180414501	0.78	0.545
	-0.401247316	0.00172242928	0.78	0.55
	-0.409301934	0.00126498843	0.78	0.555
	-0.414677885	0.00131707564	0.78	0.56
	-0.421285522	0.00118622841	0.78	0.565
	-0.423642788	0.00121460529	0.78	0.57
	-0.427754114	0.00127062421	0.78	0.575
	-0.432045479	0.00134358375	0.78	0.58
	-0.435188789	0.00125455896	0.78	0.585
	-0.435999303	0.00119835271	0.78	0.59
	-0.438397731	0.00113385491	0.78	0.595
	-0.440641571	0.0012835117	0.78	0.6
	-0.440708539	0.00112995258	0.78	0.605
	-0.442733412	0.00113579373	0.78	0.61
	-0.443609572	0.00112495823	0.78	0.615
	-0.442560501	0.00113467215	0.78	0.62
	-0.443057918	0.001058023	0.78	0.625
	-0.443220039	0.00124077533	0.78	0.63
	-0.441790592	0.00113314852	0.78	0.635
	-0.43964765	0.00125446005	0.78	0.64
	-0.438539658	0.00139193795	0.78	0.645
	-0.436888699	0.00138313755	0.78	0.65
	-0.434510908	0.00124831991	0.78	0.655
	-0.430370766	0.00158591116	0.78	0.66
	-0.428624897	0.00147249154	0.78	0.665
	-0.424857773	0.00182138977	0.78	0.67
	-0.424258597	0.0016016405	0.78	0.675
	-0.418769903	0.00172255506	0.78	0.68
	-0.41484622	0.00188229287	0.78	0.685
	-0.412616502	0.00243662919	0.78	0.69
	-0.410172764	0.0020990923	0.78	0.695
	-0.296097483	0.00284354913	0.785	0.5
	-0.311187182	0.002742075	0.785	0.505
	-0.324973164	0.00266497146	0.785	0.51
	-0.336820997	0.00264812462	0.785	0.515
	-0.348469079	0.00233307464	0.785	0.52
	-0.360296916	0.00205800542	0.785	0.525
	-0.371688884	0.00241026398	0.785	0.53
	-0.379432424	0.00188170148	0.785	0.535
	-0.388229084	0.00222268515	0.785	0.54
	-0.396643651	0.00177885157	0.785	0.545
	-0.403038879	0.00159849303	0.785	0.55
	-0.410091448	0.0016274625	0.785	0.555
	-0.415747092	0.00141714917	0.785	0.56
	-0.420234138	0.00117864952	0.785	0.565
	-0.425591788	0.00130939219	0.785	0.57
	-0.429624071	0.0013083606	0.785	0.575
	-0.431502009	0.00131708885	0.785	0.58
	-0.434495048	0.0011883374	0.785	0.585
	-0.437507928	0.00137023763	0.785	0.59
	-0.440955436	0.00102385791	0.785	0.595
	-0.44047377	0.00121319954	0.785	0.6
	-0.44250036	0.00111122905	0.785	0.605
	-0.442932548	0.000966446274	0.785	0.61
	-0.442116067	0.00134487478	0.785	0.615
	-0.443498395	0.00111912815	0.785	0.62
	-0.442433874	0.00123989933	0.785	0.625
	-0.4423763	0.00128418683	0.785	0.63
	-0.44157722	0.0012745102	0.785	0.635
	-0.438863967	0.00135672919	0.785	0.64
	-0.437522987	0.00136810677	0.785	0.645
	-0.437243986	0.00156065736	0.785	0.65
	-0.434138816	0.00154035619	0.785	0.655
	-0.431239751	0.00178854768	0.785	0.66
	-0.428396866	0.00168791029	0.785	0.665
	-0.425739336	0.00162458233	0.785	0.67
	-0.42228009	0.00176503978	0.785	0.675
	-0.417095258	0.00208731643	0.785	0.68
	-0.416213568	0.00206917291	0.785	0.685
	-0.41133349	0.00212703692	0.785	0.69
	-0.408246835	0.00220532425	0.785	0.695
	-0.29112376	0.00239078407	0.79	0.5
	-0.309879312	0.00275160169	0.79	0.505
	-0.323695786	0.00242287427	0.79	0.51
	-0.335183355	0.00265957522	0.79	0.515
	-0.349414828	0.00259782726	0.79	0.52
	-0.35924233	0.00223179936	0.79	0.525
	-0.369586058	0.00202816465	0.79	0.53
	-0.37949718	0.00196946868	0.79	0.535
	-0.386496474	0.00185586325	0.79	0.54
	-0.398308514	0.00164496743	0.79	0.545
	-0.404473321	0.0015387806	0.79	0.55
	-0.408773623	0.00146304025	0.79	0.555
	-0.41531851	0.00154327225	0.79	0.56
	-0.419972995	0.00129739327	0.79	0.565
	-0.426522874	0.00124940075	0.79	0.57
	-0.428157822	0.0014346036	0.79	0.575
	-0.433926926	0.0012542991	0.79	0.58
	-0.434541378	0.00139861558	0.79	0.585
	-0.436537149	0.0013279769	0.79	0.59
	-0.439228807	0.00130731241	0.79	0.595
	-0.441170832	0.00127795889	0.79	0.6
	-0.443648048	0.00109351578	0.79	0.605
	-0.442269341	0.00118190417	0.79	0.61
	-0.445163688	0.00108737518	0.79	0.615
	-0.444226498	0.00109119142	0.79	0.62
	-0.442942755	0.00118255689	0.79	0.625
	-0.443085084	0.00129747438	0.79	0.63
	-0.441467463	0.00131914527	0.79	0.635
	-0.44090106	0.00150325907	0.79	0.64
	-0.438071437	0.00151150647	0.79	0.645
	-0.437841288	0.00146595983	0.79	0.65
	-0.434887962	0.00171453617	0.79	0.655
	-0.431884154	0.00171640983	0.79	0.66
	-0.427873886	0.00179875321	0.79	0.665
	-0.424281882	0.00194992226	0.79	0.67
	-0.422965833	0.00180135189	0.79	0.675
	-0.418692469	0.00224621584	0.79	0.68
	-0.414343488	0.00200870245	0.79	0.685
	-0.411862482	0.00217921037	0.79	0.69
	-0.405540407	0.00246322834	0.79	0.695
	-0.293007468	0.00234118843	0.795	0.5
	-0.306469168	0.00254105039	0.795	0.505
	-0.319578724	0.00249469778	0.795	0.51
	-0.336301921	0.0025879547	0.795	0.515
	-0.348324026	0.00221035561	0.795	0.52
	-0.357383098	0.00266060258	0.795	0.525
	-0.368595562	0.00224957002	0.795	0.53
	-0.37792513	0.00233432316	0.795	0.535
	-0.389952293	0.00207071731	0.795	0.54
	-0.39661399	0.00189607792	0.795	0.545
	-0.403352746	0.00158149316	0.795	0.55
	-0.40979957	0.00165111184	0.795	0.555
	-0.41606041	0.00149300949	0.795	0.56
	-0.421921858	0.00135196233	0.795	0.565
	-0.424564898	0.00136072882	0.795	0.57
	-0.430218327	0.00136265037	0.795	0.575
	-0.433344808	0.00126994782	0.795	0.58
	-0.435629782	0.000992594754	0.795	0.585
	-0.43826308	0.00119093976	0.795	0.59
	-0.439381722	0.00140532565	0.795	0.595
	-0.441214096	0.00131769394	0.795	0.6
	-0.442756678	0.00102451462	0.795	0.605
	-0.443411493	0.00138812434	0.795	0.61
	-0.443736321	0.00115317279	0.795	0.615
	-0.445346673	0.00110479519	0.795	0.62
	-0.444607747	0.00122713197	0.795	0.625
	-0.443756552	0.00120344665	0.795	0.63
	-0.441571507	0.00148064315	0.795	0.635
	-0.439209087	0.00150008442	0.795	0.64
	-0.437464626	0.00163821805	0.795	0.645
	-0.435869195	0.00175192417	0.795	0.65
	-0.436098361	0.00163404104	0.795	0.655
	-0.434367249	0.00174211692	0.795	0.66
	-0.426579904	0.00179386293	0.795	0.665
	-0.425654162	0.00196238705	0.795	0.67
	-0.42289362	0.00188268102	0.795	0.675
	-0.419576104	0.00188308583	0.795	0.68
	-0.414777158	0.00216087361	0.795	0.685
	-0.409878151	0.00196695586	0.795	0.69
	-0.409505468	0.00247020485	0.795	0.695
	-0.289290973	0.0025072749	0.8	0.5
	-0.306247908	0.00236076007	0.8	0.505
	-0.323774321	0.00276410943	0.8	0.51
	-0.337424069	0.00223836168	0.8	0.515
	-0.345337197	0.00231508311	0.8	0.52
	-0.360159585	0.00216678548	0.8	0.525
	-0.368661318	0.00222095549	0.8	0.53
	-0.378637984	0.00208167108	0.8	0.535
	-0.385899808	0.00193213582	0.8	0.54
	-0.397320649	0.0014668176	0.8	0.545
	-0.403241639	0.00161362328	0.8	0.55
	-0.410245509	0.00156724602	0.8	0.555
	-0.414458903	0.0014797908	0.8	0.56
	-0.417869249	0.00124136617	0.8	0.565
	-0.426714039	0.00140870483	0.8	0.57
	-0.429126932	0.00131719641	0.8	0.575
	-0.432940023	0.00133760918	0.8	0.58
	-0.43605855	0.0011787423	0.8	0.585
	-0.438343905	0.00114487635	0.8	0.59
	-0.440458474	0.00118457982	0.8	0.595
	-0.440874038	0.00133585923	0.8	0.6
	-0.445124389	0.00109228701	0.8	0.605
	-0.443943014	0.00111200491	0.8	0.61
	-0.445771945	0.00101188754	0.8	0.615
	-0.444975992	0.00112328652	0.8	0.62
	-0.442658649	0.00128132853	0.8	0.625
	-0.442690814	0.00121075799	0.8	0.63
	-0.441755629	0.00130331076	0.8	0.635
	-0.440995124	0.0015737932	0.8	0.64
	-0.439250839	0.00154562555	0.8	0.645
	-0.434296549	0.00157940126	0.8	0.65
	-0.433384659	0.00171977544	0.8	0.655
	-0.431881943	0.00173676326	0.8	0.66
	-0.428558912	0.00171140047	0.8	0.665
	-0.424312872	0.00187249755	0.8	0.67
	-0.422382796	0.00170192147	0.8	0.675
	-0.420883267	0.00193328528	0.8	0.68
	-0.417267086	0.00229227082	0.8	0.685
	-0.4131075	0.00199478143	0.8	0.69
	-0.40715299	0.00222622339	0.8	0.695
	-0.291757662	0.00304452771	0.805	0.5
	-0.306566779	0.00264366279	0.805	0.505
	-0.322707317	0.00286256403	0.805	0.51
	-0.333201346	0.00228914165	0.805	0.515
	-0.349096495	0.0023458303	0.805	0.52
	-0.359080166	0.00232890071	0.805	0.525
	-0.369320259	0.00214410891	0.805	0.53
	-0.376917249	0.00214284965	0.805	0.535
	-0.387267789	0.00207895207	0.805	0.54
	-0.394594925	0.00161238397	0.805	0.545
	-0.402936315	0.0017205548	0.805	0.55
	-0.408883149	0.00153147597	0.805	0.555
	-0.414042316	0.00160679112	0.805	0.56
	-0.419781285	0.00154010138	0.805	0.565
	-0.42601685	0.00138938109	0.805	0.57
	-0.430795624	0.00127049633	0.805	0.575
	-0.434272741	0.00108625983	0.805	0.58
	-0.436587396	0.00128600737	0.805	0.585
	-0.438381914	0.00105013204	0.805	0.59
	-0.438764833	0.00121300987	0.805	0.595
	-0.441937919	0.00107647496	0.805	0.6
	-0.442760079	0.00117721549	0.805	0.605
	-0.445077762	0.00123621092	0.805	0.61
	-0.444729246	0.00131978643	0.805	0.615
	-0.443236076	0.00142026858	0.805	0.62
	-0.44463781	0.00100013453	0.805	0.625
	-0.442726331	0.00121881544	0.805	0.63
	-0.441499943	0.00135576509	0.805	0.635
	-0.438562881	0.00168058597	0.805	0.64
	-0.440830449	0.00144984871	0.805	0.645
	-0.434668111	0.00152206511	0.805	0.65
	-0.433022248	0.00177980655	0.805	0.655
	-0.429464393	0.00151727606	0.805	0.66
	-0.427768731	0.00160050161	0.805	0.665
	-0.426659628	0.00188651278	0.805	0.67
	-0.422649727	0.0018380226	0.805	0.675
	-0.416968324	0.00195246106	0.805	0.68
	-0.413539866	0.00246086735	0.805	0.685
	-0.41100527	0.00234068975	0.805	0.69
	-0.406350079	0.00271453662	0.805	0.695
	-0.288221095	0.00252744137	0.81	0.5
	-0.304201177	0.00262668485	0.81	0.505
	-0.317677333	0.00220763298	0.81	0.51
	-0.33204895	0.00253275681	0.81	0.515
	-0.345568851	0.0022972716	0.81	0.52
	-0.358104969	0.00179026134	0.81	0.525
	-0.366202628	0.00203531509	0.81	0.53
	-0.378038391	0.00213665009	0.81	0.535
	-0.385751125	0.00225021964	0.81	0.54
	-0.394970755	0.00188700891	0.81	0.545
	-0.401843855	0.00165991085	0.81	0.55
	-0.4064488	0.00165256221	0.81	0.555
	-0.415072359	0.00166055918	0.81	0.56
	-0.420261085	0.00127161828	0.81	0.565
	-0.424473416	0.00120871512	0.81	0.57
	-0.429374902	0.00110169628	0.81	0.575
	-0.432304864	0.00118694546	0.81	0.58
	-0.435058638	0.00127131786	0.81	0.585
	-0.437941982	0.00117627839	0.81	0.59
	-0.439324057	0.0012486115	0.81	0.595
	-0.441139863	0.00103955327	0.81	0.6
	-0.440380129	0.00115231633	0.81	0.605
	-0.443097357	0.00124352301	0.81	0.61
	-0.442980492	0.00124968983	0.81	0.615
	-0.443676555	0.00111993324	0.81	0.62
	-0.442733161	0.00108624243	0.81	0.625
	-0.442677162	0.00136123729	0.81	0.63
	-0.44202283	0.00140088842	0.81	0.635
	-0.439437153	0.0013811404	0.81	0.64
	-0.439096781	0.00136348033	0.81	0.645
	-0.436587369	0.00133688173	0.81	0.65
	-0.433999656	0.00167212981	0.81	0.655
	-0.42907618	0.00193389409	0.81	0.66
	-0.425583201	0.00201265749	0.81	0.665
	-0.422546491	0.00195643501	0.81	0.67
	-0.416989365	0.00209191575	0.81	0.675
	-0.415961647	0.00220309605	0.81	0.68
	-0.411762602	0.00221874636	0.81	0.685
	-0.409713002	0.0024882113	0.81	0.69
	-0.406161436	0.00290774731	0.81	0.695
	-0.289648979	0.00257307923	0.815	0.5
	-0.303880358	0.0025314297	0.815	0.505
	-0.318427481	0.00252648555	0.815	0.51
	-0.330939233	0.00240411608	0.815	0.515
	-0.344621719	0.00240405119	0.815	0.52
	-0.35524986	0.00220183793	0.815	0.525
	-0.367018706	0.00209790339	0.815	0.53
	-0.374343291	0.00200244583	0.815	0.535
	-0.382975769	0.00191695969	0.815	0.54
	-0.391270526	0.00174012001	0.815	0.545
	-0.400976175	0.00161404644	0.815	0.55
	-0.406610855	0.001870637	0.815	0.555
	-0.413205433	0.00155087168	0.815	0.56
	-0.419653461	0.0015574418	0.815	0.565
	-0.424071784	0.00126829374	0.815	0.57
	-0.429307619	0.00135033507	0.815	0.575
	-0.432854076	0.001173864	0.815	0.58
	-0.435135203	0.00131639666	0.815	0.585
	-0.436988291	0.00118838842	0.815	0.59
	-0.437146699	0.00113318844	0.815	0.595
	-0.442014877	0.00131482692	0.815	0.6
	-0.441775239	0.00132878648	0.815	0.605
	-0.444944666	0.00115729221	0.815	0.61
	-0.443455049	0.00126043789	0.815	0.615
	-0.443417506	0.00131728997	0.815	0.62
	-0.443567335	0.00119977938	0.815	0.625
	-0.44329106	0.00118171911	0.815	0.63
	-0.441558207	0.00125510276	0.815	0.635
	-0.439735033	0.00152717009	0.815	0.64
	-0.437606445	0.00159384921	0.815	0.645
	-0.436737583	0.00139154427	0.815	0.65
	-0.434244309	0.00162762744	0.815	0.655
	-0.427757284	0.00185345575	0.815	0.66
	-0.426454872	0.00190667715	0.815	0.665
	-0.421624094	0.0022674389	0.815	0.67
	-0.418367614	0.00187522108	0.815	0.675
	-0.413964815	0.00253458742	0.815	0.68
	-0.409976781	0.0024744309	0.815	0.685
	-0.40683219	0.00207141257	0.815	0.69
	-0.402963956	0.00272119469	0.815	0.695
	-0.284529034	0.0029961701	0.82	0.5
	-0.299954523	0.00264210238	0.82	0.505
	-0.317838638	0.00276750961	0.82	0.51
	-0.330076753	0.00252484527	0.82	0.515
	-0.34152656	0.00199853847	0.82	0.52
	-0.354023731	0.00200379998	0.82	0.525
	-0.365093995	0.00219372698	0.82	0.53
	-0.373929252	0.0018693297	0.82	0.535
	-0.381771039	0.00171977723	0.82	0.54
	-0.392464914	0.00187178096	0.82	0.545
	-0.400082651	0.00147445123	0.82	0.55
	-0.407588055	0.00162848029	0.82	0.555
	-0.414734531	0.00149514349	0.82	0.56
	-0.418854509	0.0015536736	0.82	0.565
	-0.424036363	0.0013357884	0.82	0.57
	-0.427217515	0.00121594829	0.82	0.575
	-0.431580742	0.00127593523	0.82	0.58
	-0.433979435	0.00127890925	0.82	0.585
	-0.436642496	0.00126952109	0.82	0.59
	-0.440047515	0.00104966013	0.82	0.595
	-0.441476823	0.00121722945	0.82	0.6
	-0.44135383	0.00124726868	0.82	0.605
	-0.443140069	0.000878430301	0.82	0.61
	-0.441230917	0.00129394433	0.82	0.615
	-0.441711836	0.00118827494	0.82	0.62
	-0.442670555	0.00126709406	0.82	0.625
	-0.438753085	0.0014421062	0.82	0.63
	-0.440900853	0.0013395552	0.82	0.635
	-0.438441236	0.00157902601	0.82	0.64
	-0.438856865	0.00147462637	0.82	0.645
	-0.435595347	0.0015192677	0.82	0.65
	-0.430571654	0.0016811532	0.82	0.655
	-0.428659841	0.0015939401	0.82	0.66
	-0.42456498	0.00189221519	0.82	0.665
	-0.422004927	0.00191916607	0.82	0.67
	-0.416041069	0.00202800421	0.82	0.675
	-0.416375471	0.00204639706	0.82	0.68
	-0.407561821	0.00218177885	0.82	0.685
	-0.405695054	0.00280573914	0.82	0.69
	-0.400514377	0.0028498173	0.82	0.695
	-0.284600906	0.00283323352	0.825	0.5
	-0.301858802	0.0027039125	0.825	0.505
	-0.31432758	0.00250057338	0.825	0.51
	-0.325963514	0.00288567953	0.825	0.515
	-0.34008647	0.00221875711	0.825	0.52
	-0.351585451	0.00241637277	0.825	0.525
	-0.364346825	0.00188377368	0.825	0.53
	-0.375316563	0.00189143961	0.825	0.535
	-0.382608843	0.00212891532	0.825	0.54
	-0.392980067	0.00192285639	0.825	0.545
	-0.39950278	0.0016315854	0.825	0.55
	-0.406083137	0.00131174925	0.825	0.555
	-0.411260501	0.00167663175	0.825	0.56
	-0.417692525	0.00163593459	0.825	0.565
	-0.422489067	0.00128420235	0.825	0.57
	-0.425805014	0.00157404874	0.825	0.575
	-0.429605514	0.0012041984	0.825	0.58
	-0.433734181	0.00120407363	0.825	0.585
	-0.436551507	0.00113386903	0.825	0.59
	-0.438988861	0.00110312652	0.825	0.595
	-0.439575495	0.00128233148	0.825	0.6
	-0.441226958	0.0012317744	0.825	0.605
	-0.441490021	0.00104757144	0.825	0.61
	-0.440287306	0.0011653169	0.825	0.615
	-0.439641174	0.000959832959	0.825	0.62
	-0.442463969	0.00111128507	0.825	0.625
	-0.441525682	0.00124649333	0.825	0.63
	-0.437148084	0.00158891213	0.825	0.635
	-0.438611997	0.00146290644	0.825	0.64
	-0.436351017	0.00169634374	0.825	0.645
	-0.435384554	0.00154245318	0.825	0.65
	-0.429774588	0.00158838573	0.825	0.655
	-0.42737514	0.00168087354	0.825	0.66
	-0.424733153	0.00203626198	0.825	0.665
	-0.420202856	0.00202572171	0.825	0.67
	-0.417434589	0.00217462917	0.825	0.675
	-0.412815238	0.00251194778	0.825	0.68
	-0.408903819	0.00226434581	0.825	0.685
	-0.404443164	0.00253374429	0.825	0.69
	-0.400908334	0.00241482662	0.825	0.695
	-0.282772621	0.00282277686	0.83	0.5
	-0.300921166	0.00252432609	0.83	0.505
	-0.311587511	0.00246469736	0.83	0.51
	-0.327803192	0.00254979119	0.83	0.515
	-0.339309041	0.00212223045	0.83	0.52
	-0.349166825	0.00220840297	0.83	0.525
	-0.361104671	0.00231796238	0.83	0.53
	-0.372231528	0.00189833038	0.83	0.535
	-0.37975914	0.00192451383	0.83	0.54
	-0.393582972	0.00151713016	0.83	0.545
	-0.396617115	0.00166973208	0.83	0.55
	-0.405929475	0.00159751092	0.83	0.555
	-0.410943788	0.00166849384	0.83	0.56
	-0.417504172	0.00148866437	0.83	0.565
	-0.421829387	0.0011755691	0.83	0.57
	-0.425482308	0.00131692845	0.83	0.575
	-0.430360193	0.00139918989	0.83	0.58
	-0.430675391	0.00119950345	0.83	0.585
	-0.434338807	0.00125489925	0.83	0.59
	-0.436832275	0.0012123636	0.83	0.595
	-0.437876591	0.00116928087	0.83	0.6
	-0.440888142	0.00130176472	0.83	0.605
	-0.441715452	0.00125447756	0.83	0.61
	-0.44269089	0.00102241245	0.83	0.615
	-0.441931642	0.001304599	0.83	0.62
	-0.441157159	0.00126475812	0.83	0.625
	-0.441232604	0.00138487492	0.83	0.63
	-0.43721893	0.0014137886	0.83	0.635
	-0.436502912	0.00138771328	0.83	0.64
	-0.435734737	0.00160373098	0.83	0.645
	-0.432147023	0.00136712569	0.83	0.65
	-0.43087705	0.00184678425	0.83	0.655
	-0.426719882	0.00177081377	0.83	0.66
	-0.420450674	0.00188842933	0.83	0.665
	-0.418793168	0.00197097777	0.83	0.67
	-0.417938501	0.0019971017	0.83	0.675
	-0.411765861	0.0023198214	0.83	0.68
	-0.404729869	0.00244099554	0.83	0.685
	-0.401709202	0.0027086428	0.83	0.69
	-0.399692836	0.00268745079	0.83	0.695
	-0.282452801	0.00321689058	0.835	0.5
	-0.294181857	0.00280524039	0.835	0.505
	-0.312571423	0.00291665569	0.835	0.51
	-0.322621063	0.00234833614	0.835	0.515
	-0.338033412	0.00194399214	0.835	0.52
	-0.348549447	0.00216186067	0.835	0.525
	-0.360837247	0.00200232516	0.835	0.53
	-0.370875248	0.00188727022	0.835	0.535
	-0.377783018	0.00173589563	0.835	0.54
	-0.38776373	0.00211703159	0.835	0.545
	-0.395043579	0.00170007916	0.835	0.55
	-0.403839601	0.00140172101	0.835	0.555
	-0.410124131	0.00136857232	0.835	0.56
	-0.414571249	0.00156721341	0.835	0.565
	-0.418986483	0.00165352682	0.835	0.57
	-0.423714347	0.00135704246	0.835	0.575
	-0.427776434	0.00157585135	0.835	0.58
	-0.431015067	0.00131459989	0.835	0.585
	-0.433138772	0.00124231526	0.835	0.59
	-0.436255077	0.00115269261	0.835	0.595
	-0.437693887	0.00146898119	0.835	0.6
	-0.437084118	0.00126951218	0.835	0.605
	-0.439683752	0.00112522013	0.835	0.61
	-0.440554782	0.00116036693	0.835	0.615
	-0.439312353	0.00129319711	0.835	0.62
	-0.437966579	0.00146869398	0.835	0.625
	-0.438286711	0.00130891031	0.835	0.63
	-0.435901644	0.00159334529	0.835	0.635
	-0.434538316	0.00173649942	0.835	0.64
	-0.43305142	0.0013880084	0.835	0.645
	-0.430063021	0.00168195683	0.835	0.65
	-0.427401743	0.00189103359	0.835	0.655
	-0.424190009	0.00201778541	0.835	0.66
	-0.420502586	0.00229486186	0.835	0.665
	-0.417657864	0.00171983667	0.835	0.67
	-0.412276043	0.00189705387	0.835	0.675
	-0.40912729	0.00218209767	0.835	0.68
	-0.40478679	0.00247574286	0.835	0.685
	-0.399128585	0.00268471881	0.835	0.69
	-0.399808338	0.00278931871	0.835	0.695
	-0.278080514	0.00282393647	0.84	0.5
	-0.294331352	0.00259128924	0.84	0.505
	-0.310364986	0.00260019007	0.84	0.51
	-0.321313673	0.00236591665	0.84	0.515
	-0.334246515	0.00242805923	0.84	0.52
	-0.344163756	0.00203379748	0.84	0.525
	-0.358177346	0.00163986756	0.84	0.53
	-0.370720764	0.00191609203	0.84	0.535
	-0.375955582	0.00204242781	0.84	0.54
	-0.386985419	0.00163513175	0.84	0.545
	-0.397476681	0.00181636074	0.84	0.55
	-0.399820925	0.00163239059	0.84	0.555
	-0.40883482	0.00158101478	0.84	0.56
	-0.412644256	0.00142356818	0.84	0.565
	-0.418049998	0.00150570271	0.84	0.57
	-0.422974221	0.00141722218	0.84	0.575
	-0.427347569	0.00134867596	0.84	0.58
	-0.430821286	0.00113464167	0.84	0.585
	-0.431102778	0.00132639215	0.84	0.59
	-0.433622828	0.00118888741	0.84	0.595
	-0.436152857	0.00125659133	0.84	0.6
	-0.437366172	0.0013016591	0.84	0.605
	-0.435162323	0.00113565835	0.84	0.61
	-0.437748267	0.0013183657	0.84	0.615
	-0.438738223	0.00135815796	0.84	0.62
	-0.435996883	0.00133490365	0.84	0.625
	-0.435255553	0.0012808014	0.84	0.63
	-0.433662429	0.0016477708	0.84	0.635
	-0.432054071	0.00159343736	0.84	0.64
	-0.428711877	0.00177354434	0.84	0.645
	-0.427273218	0.00153486214	0.84	0.65
	-0.42425103	0.00187192266	0.84	0.655
	-0.42055594	0.00189870231	0.84	0.66
	-0.418793075	0.00191529207	0.84	0.665
	-0.415884304	0.00234942087	0.84	0.67
	-0.410875908	0.00206612897	0.84	0.675
	-0.407865678	0.00239516057	0.84	0.68
	-0.402443591	0.00229591871	0.84	0.685
	-0.397829528	0.00255092441	0.84	0.69
	-0.392602097	0.00277702627	0.84	0.695
	-0.276464819	0.00264137193	0.845	0.5
	-0.293335623	0.00267319634	0.845	0.505
	-0.306891734	0.00276531267	0.845	0.51
	-0.322943657	0.00214020534	0.845	0.515
	-0.334179477	0.00229630322	0.845	0.52
	-0.346693495	0.00220842458	0.845	0.525
	-0.356122381	0.00203727735	0.845	0.53
	-0.367945254	0.00199961975	0.845	0.535
	-0.375756525	0.00171541713	0.845	0.54
	-0.384076487	0.00187202401	0.845	0.545
	-0.390998611	0.00153283614	0.845	0.55
	-0.399902182	0.00160420685	0.845	0.555
	-0.404707413	0.00156629808	0.845	0.56
	-0.410552118	0.00163488643	0.845	0.565
	-0.416347538	0.00150560105	0.845	0.57
	-0.421049242	0.00141098776	0.845	0.575
	-0.423782699	0.00147153757	0.845	0.58
	-0.428729143	0.00119955176	0.845	0.585
	-0.431228988	0.00117532838	0.845	0.59
	-0.433975697	0.001313645	0.845	0.595
	-0.436145377	0.00108892995	0.845	0.6
	-0.4370464	0.00114598466	0.845	0.605
	-0.434650407	0.00123165877	0.845	0.61
	-0.436153038	0.00142538977	0.845	0.615
	-0.435575384	0.00164017376	0.845	0.62
	-0.434347838	0.00164670409	0.845	0.625
	-0.432889995	0.00168063254	0.845	0.63
	-0.434695341	0.00146114731	0.845	0.635
	-0.43085918	0.00161979941	0.845	0.64
	-0.431453237	0.00130041675	0.845	0.645
	-0.4246884	0.00175109888	0.845	0.65
	-0.422362598	0.00179131742	0.845	0.655
	-0.418686839	0.00191442899	0.845	0.66
	-0.4166538	0.00199008076	0.845	0.665
	-0.412103556	0.00236283813	0.845	0.67
	-0.409897839	0.00215328951	0.845	0.675
	-0.404825888	0.00235297573	0.845	0.68
	-0.402140482	0.00244702953	0.845	0.685
	-0.394278531	0.00251738033	0.845	0.69
	-0.390360319	0.00277428793	0.845	0.695
	-0.273756335	0.00299609971	0.85	0.5
	-0.287145227	0.00265299467	0.85	0.505
	-0.303099577	0.00273172038	0.85	0.51
	-0.317571188	0.00246827432	0.85	0.515
	-0.331646752	0.00260131912	0.85	0.52
	-0.343221038	0.00229795041	0.85	0.525
	-0.351447348	0.00243441751	0.85	0.53
	-0.363932141	0.00223162896	0.85	0.535
	-0.373156296	0.00184176917	0.85	0.54
	-0.38163424	0.00192583927	0.85	0.545
	-0.389518826	0.00182463275	0.85	0.55
	-0.396728337	0.00159102831	0.85	0.555
	-0.402523995	0.00172084402	0.85	0.56
	-0.408691677	0.00143837099	0.85	0.565
	-0.414866244	0.00150909406	0.85	0.57
	-0.417259343	0.00142905037	0.85	0.575
	-0.421210859	0.00134626221	0.85	0.58
	-0.426276273	0.00139630038	0.85	0.585
	-0.42924725	0.001147225	0.85	0.59
	-0.430960345	0.00140070501	0.85	0.595
	-0.43386121	0.0014019106	0.85	0.6
	-0.4344525	0.00126060946	0.85	0.605
	-0.437097057	0.00127429227	0.85	0.61
	-0.436151958	0.00125562805	0.85	0.615
	-0.433524568	0.00129632328	0.85	0.62
	-0.433440995	0.0016865469	0.85	0.625
	-0.431565147	0.00181861322	0.85	0.63
	-0.431304368	0.00152720938	0.85	0.635
	-0.427789687	0.00161300459	0.85	0.64
	-0.424134591	0.00167374622	0.85	0.645
	-0.423968695	0.00178048317	0.85	0.65
	-0.420048696	0.00189424855	0.85	0.655
	-0.417925408	0.00193236711	0.85	0.66
	-0.413871664	0.00222876949	0.85	0.665
	-0.410598733	0.00232610573	0.85	0.67
	-0.407226784	0.00248186233	0.85	0.675
	-0.404138718	0.00212954241	0.85	0.68
	-0.396985262	0.00279423943	0.85	0.685
	-0.391892738	0.00306740544	0.85	0.69
	-0.391360264	0.00243978286	0.85	0.695
	-0.267688322	0.00265798094	0.855	0.5
	-0.286520241	0.00216634393	0.855	0.505
	-0.300477407	0.00244206256	0.855	0.51
	-0.318411703	0.00209609649	0.855	0.515
	-0.331165297	0.00190621848	0.855	0.52
	-0.339340602	0.0021914206	0.855	0.525
	-0.351996519	0.00230434554	0.855	0.53
	-0.359900705	0.00219179168	0.855	0.535
	-0.371864836	0.00190483173	0.855	0.54
	-0.381676755	0.00166401128	0.855	0.545
	-0.387350333	0.0016255708	0.855	0.55
	-0.394997573	0.00142408017	0.855	0.555
	-0.401587877	0.00150648036	0.855	0.56
	-0.407272265	0.00150227655	0.855	0.565
	-0.411753467	0.00150675372	0.855	0.57
	-0.417051352	0.00145865136	0.855	0.575
	-0.419655391	0.00137644069	0.855	0.58
	-0.424210145	0.00147289543	0.855	0.585
	-0.426557249	0.00117891635	0.855	0.59
	-0.42777524	0.00138817136	0.855	0.595
	-0.430621845	0.00119667618	0.855	0.6
	-0.433431949	0.00159345548	0.855	0.605
	-0.430683387	0.0015305636	0.855	0.61
	-0.431646255	0.00154966661	0.855	0.615
	-0.43195264	0.00134593361	0.855	0.62
	-0.431158419	0.0015513371	0.855	0.625
	-0.428683963	0.00137516228	0.855	0.63
	-0.428165957	0.0014203097	0.855	0.635
	-0.425683077	0.00145551325	0.855	0.64
	-0.425397423	0.00207881822	0.855	0.645
	-0.421233198	0.00197795267	0.855	0.65
	-0.419437829	0.00174144712	0.855	0.655
	-0.413865416	0.00207632822	0.855	0.66
	-0.410522539	0.0022583262	0.855	0.665
	-0.408056146	0.00195642615	0.855	0.67
	-0.404625515	0.00211322038	0.855	0.675
	-0.39973045	0.00239334465	0.855	0.68
	-0.398298148	0.00252203106	0.855	0.685
	-0.389993268	0.00273681023	0.855	0.69
	-0.382759335	0.00280694902	0.855	0.695
	-0.268626689	0.00247542667	0.86	0.5
	-0.286157941	0.00262208677	0.86	0.505
	-0.301625808	0.00265888833	0.86	0.51
	-0.313585086	0.00255180173	0.86	0.515
	-0.326654947	0.00205277534	0.86	0.52
	-0.340774179	0.0022347383	0.86	0.525
	-0.350060389	0.0021021243	0.86	0.53
	-0.358323631	0.00222109591	0.86	0.535
	-0.368862628	0.00198932047	0.86	0.54
	-0.377730455	0.00194027636	0.86	0.545
	-0.385171965	0.00170914934	0.86	0.55
	-0.394701138	0.00179661384	0.86	0.555
	-0.399328138	0.00125361576	0.86	0.56
	-0.403792173	0.00146993861	0.86	0.565
	-0.409027997	0.00162874605	0.86	0.57
	-0.413853224	0.00152624333	0.86	0.575
	-0.418077556	0.0012450671	0.86	0.58
	-0.420983802	0.00137178019	0.86	0.585
	-0.424144646	0.00129684478	0.86	0.59
	-0.425139096	0.00127422537	0.86	0.595
	-0.428768023	0.0014342597	0.86	0.6
	-0.431004876	0.00125986735	0.86	0.605
	-0.430236003	0.00137495919	0.86	0.61
	-0.429882709	0.00163094269	0.86	0.615
	-0.429541214	0.00137601246	0.86	0.62
	-0.42815553	0.00137529491	0.86	0.625
	-0.428250741	0.00173783065	0.86	0.63
	-0.427747689	0.00170711232	0.86	0.635
	-0.424082493	0.00173483857	0.86	0.64
	-0.421894785	0.00154093605	0.86	0.645
	-0.420040562	0.0018978306	0.86	0.65
	-0.417832644	0.00184092362	0.86	0.655
	-0.413746895	0.00206563055	0.86	0.66
	-0.408980034	0.00214942786	0.86	0.665
	-0.406094143	0.00235153879	0.86	0.67
	-0.400956359	0.00230048969	0.86	0.675
	-0.397401541	0.00239821733	0.86	0.68
	-0.392507138	0.00261566712	0.86	0.685
	-0.389200202	0.00266543881	0.86	0.69
	-0.383528613	0.00272673676	0.86	0.695
	-0.264371298	0.0025663112	0.865	0.5
	-0.281497891	0.0028345929	0.865	0.505
	-0.29775884	0.00248641985	0.865	0.51
	-0.31444631	0.00222562492	0.865	0.515
	-0.324368749	0.00261238738	0.865	0.52
	-0.33624869	0.00210711133	0.865	0.525
	-0.349266254	0.00213765053	0.865	0.53
	-0.35968478	0.00232971737	0.865	0.535
	-0.368252382	0.00193847819	0.865	0.54
	-0.375412344	0.00198200184	0.865	0.545
	-0.383619115	0.0016775369	0.865	0.55
	-0.388954154	0.00161382506	0.865	0.555
	-0.393731531	0.00143347012	0.865	0.56
	-0.40164484	0.00162168854	0.865	0.565
	-0.410436236	0.00124907249	0.865	0.57
	-0.410758318	0.00151218157	0.865	0.575
	-0.415915222	0.00132426995	0.865	0.58
	-0.419068727	0.00118715428	0.865	0.585
	-0.422871882	0.00132558301	0.865	0.59
	-0.423881468	0.00134190874	0.865	0.595
	-0.42539861	0.00141167244	0.865	0.6
	-0.426487892	0.0015048645	0.865	0.605
	-0.426905088	0.0015910507	0.865	0.61
	-0.426043901	0.00117514899	0.865	0.615
	-0.426548048	0.00151986621	0.865	0.62
	-0.427154028	0.00153937326	0.865	0.625
	-0.422736408	0.00125181762	0.865	0.63
	-0.420373015	0.00167992906	0.865	0.635
	-0.422549451	0.00185425521	0.865	0.64
	-0.421479032	0.00176756085	0.865	0.645
	-0.418599084	0.00199942035	0.865	0.65
	-0.414894158	0.00208653399	0.865	0.655
	-0.409746053	0.00200402279	0.865	0.66
	-0.409979324	0.00207426344	0.865	0.665
	-0.401610999	0.0023190024	0.865	0.67
	-0.399387668	0.00247165932	0.865	0.675
	-0.393343238	0.00233346979	0.865	0.68
	-0.387830731	0.00262078444	0.865	0.685
	-0.383440773	0.002823373	0.865	0.69
	-0.379215247	0.00330079538	0.865	0.695
	-0.26423479	0.00248052424	0.87	0.5
	-0.276850751	0.00248512218	0.87	0.505
	-0.2924655	0.0023661212	0.87	0.51
	-0.309054504	0.0020150603	0.87	0.515
	-0.319908492	0.00207733689	0.87	0.52
	-0.334423511	0.00217731393	0.87	0.525
	-0.344327846	0.00198810018	0.87	0.53
	-0.354186392	0.00231730323	0.87	0.535
	-0.363795478	0.00214750692	0.87	0.54
	-0.372276223	0.00192443922	0.87	0.545
	-0.3796312	0.00166823164	0.87	0.55
	-0.387899406	0.00143035539	0.87	0.555
	-0.392947031	0.00161888455	0.87	0.56
	-0.39925446	0.0015559062	0.87	0.565
	-0.403434012	0.0014583453	0.87	0.57
	-0.40720496	0.00151651955	0.87	0.575
	-0.410681913	0.00145083617	0.87	0.58
	-0.415639055	0.00160376894	0.87	0.585
	-0.418585554	0.00149652878	0.87	0.59
	-0.420621975	0.00135593929	0.87	0.595
	-0.421157883	0.00148052469	0.87	0.6
	-0.42359998	0.00139756102	0.87	0.605
	-0.424034106	0.00133544281	0.87	0.61
	-0.424797687	0.00146221216	0.87	0.615
	-0.423911794	0.00132569875	0.87	0.62
	-0.421873608	0.00138640562	0.87	0.625
	-0.423866433	0.00193119057	0.87	0.63
	-0.421694056	0.00168082878	0.87	0.635
	-0.419646094	0.00166850476	0.87	0.64
	-0.417480688	0.00193821829	0.87	0.645
	-0.414379491	0.00201457159	0.87	0.65
	-0.410594526	0.00203888557	0.87	0.655
	-0.407286045	0.00226949945	0.87	0.66
	-0.404283199	0.00217955006	0.87	0.665
	-0.399694522	0.00233769268	0.87	0.67
	-0.394960838	0.00253458883	0.87	0.675
	-0.390330359	0.00235476592	0.87	0.68
	-0.386390061	0.00255125337	0.87	0.685
	-0.382755482	0.00294481607	0.87	0.69
	-0.374685383	0.00297273222	0.87	0.695
	-0.258906642	0.00267773722	0.875	0.5
	-0.274315654	0.00245945731	0.875	0.505
	-0.287447841	0.00216152852	0.875	0.51
	-0.304555041	0.00192772643	0.875	0.515
	-0.317321304	0.00217675796	0.875	0.52
	-0.329778702	0.00210955387	0.875	0.525
	-0.34128863	0.00219605632	0.875	0.53
	-0.35147138	0.00174560983	0.875	0.535
	-0.361574064	0.0019011969	0.875	0.54
	-0.371048152	0.00200314941	0.875	0.545
	-0.376443607	0.00168531355	0.875	0.55
	-0.383460885	0.00155051628	0.875	0.555
	-0.391633566	0.00163370215	0.875	0.56
	-0.39576174	0.00145343497	0.875	0.565
	-0.401613829	0.00125088104	0.875	0.57
	-0.405859482	0.00136149903	0.875	0.575
	-0.409721585	0.00135429864	0.875	0.58
	-0.412487596	0.00115646843	0.875	0.585
	-0.414672774	0.00151580931	0.875	0.59
	-0.417775928	0.00137674656	0.875	0.595
	-0.420026442	0.00131467112	0.875	0.6
	-0.420715182	0.0013088971	0.875	0.605
	-0.421029046	0.00139905582	0.875	0.61
	-0.421584602	0.00152357059	0.875	0.615
	-0.423243697	0.00141308678	0.875	0.62
	-0.419112528	0.00149920315	0.875	0.625
	-0.417702791	0.00162125976	0.875	0.63
	-0.415852311	0.00181866627	0.875	0.635
	-0.41343054	0.00178015336	0.875	0.64
	-0.41324381	0.00183127848	0.875	0.645
	-0.411772071	0.00185921626	0.875	0.65
	-0.408297145	0.00223234944	0.875	0.655
	-0.401562548	0.00186317805	0.875	0.66
	-0.399069318	0.00220875891	0.875	0.665
	-0.396723972	0.00223487348	0.875	0.67
	-0.393986258	0.00205564524	0.875	0.675
	-0.389495541	0.00273857271	0.875	0.68
	-0.382043622	0.00267421662	0.875	0.685
	-0.378400945	0.00305338178	0.875	0.69
	-0.372575878	0.00309905764	0.875	0.695
	-0.25786462	0.00288125985	0.88	0.5
	-0.271698113	0.00286665804	0.88	0.505
	-0.287571368	0.00228643228	0.88	0.51
	-0.29921384	0.00232083222	0.88	0.515
	-0.313296054	0.00214298128	0.88	0.52
	-0.325643997	0.00212140876	0.88	0.525
	-0.339832858	0.00208564797	0.88	0.53
	-0.350653206	0.00206680897	0.88	0.535
	-0.357019766	0.00198692444	0.88	0.54
	-0.369142462	0.00161225417	0.88	0.545
	-0.376205027	0.00187804565	0.88	0.55
	-0.380343449	0.00170579593	0.88	0.555
	-0.387373653	0.00151169694	0.88	0.56
	-0.391479346	0.00160617533	0.88	0.565
	-0.398348861	0.00158942361	0.88	0.57
	-0.404059925	0.00137313268	0.88	0.575
	-0.407300818	0.00143124287	0.88	0.58
	-0.410177043	0.00145397477	0.88	0.585
	-0.411948414	0.00105318084	0.88	0.59
	-0.413649401	0.00146787213	0.88	0.595
	-0.414559329	0.00149465932	0.88	0.6
	-0.416973458	0.00123947153	0.88	0.605
	-0.417830202	0.00161026107	0.88	0.61
	-0.420013157	0.00159162116	0.88	0.615
	-0.418707915	0.001501641	0.88	0.62
	-0.417721902	0.00132642994	0.88	0.625
	-0.416403967	0.00168642673	0.88	0.63
	-0.414301876	0.00184300256	0.88	0.635
	-0.411381102	0.00183894418	0.88	0.64
	-0.41034034	0.00200822414	0.88	0.645
	-0.407693962	0.00213357703	0.88	0.65
	-0.40518456	0.00216680656	0.88	0.655
	-0.398989316	0.00195513985	0.88	0.66
	-0.392058533	0.00244098886	0.88	0.665
	-0.388892536	0.0028277355	0.88	0.67
	-0.389321513	0.00212644531	0.88	0.675
	-0.383554072	0.00278953038	0.88	0.68
	-0.379359431	0.00305259847	0.88	0.685
	-0.375811429	0.00240435009	0.88	0.69
	-0.369152927	0.00304595842	0.88	0.695
	-0.254910238	0.00255875257	0.885	0.5
	-0.270178575	0.00265098751	0.885	0.505
	-0.284781063	0.00244551871	0.885	0.51
	-0.297894718	0.0025199738	0.885	0.515
	-0.310347115	0.00233867092	0.885	0.52
	-0.323514924	0.00222757347	0.885	0.525
	-0.335101788	0.00209148433	0.885	0.53
	-0.343752085	0.00186701618	0.885	0.535
	-0.351965326	0.00190151688	0.885	0.54
	-0.365388229	0.00184785318	0.885	0.545
	-0.373540606	0.00169851164	0.885	0.55
	-0.376172833	0.00181808065	0.885	0.555
	-0.383379738	0.00172449608	0.885	0.56
	-0.390461558	0.00147516636	0.885	0.565
	-0.394166696	0.00147830619	0.885	0.57
	-0.400840491	0.00131867747	0.885	0.575
	-0.403949824	0.00138370358	0.885	0.58
	-0.406190457	0.00144804342	0.885	0.585
	-0.409631595	0.0014242676	0.885	0.59
	-0.411560996	0.00133891629	0.885	0.595
	-0.413531549	0.00130839474	0.885	0.6
	-0.415844205	0.00151812973	0.885	0.605
	-0.414202101	0.00137111347	0.885	0.61
	-0.414915343	0.00155300707	0.885	0.615
	-0.415887853	0.00200536053	0.885	0.62
	-0.413722619	0.00176927074	0.885	0.625
	-0.413602153	0.00191087911	0.885	0.63
	-0.409780258	0.00206922868	0.885	0.635
	-0.409739285	0.00158766722	0.885	0.64
	-0.403334458	0.00222229963	0.885	0.645
	-0.404893111	0.00202282962	0.885	0.65
	-0.398848486	0.0018525445	0.885	0.655
	-0.398847212	0.00182159577	0.885	0.66
	-0.389948175	0.00218170839	0.885	0.665
	-0.384586871	0.00251905136	0.885	0.67
	-0.38113481	0.00261133576	0.885	0.675
	-0.381731293	0.00272469918	0.885	0.68
	-0.370170094	0.00305750674	0.885	0.685
	-0.368105487	0.00258836931	0.885	0.69
	-0.36470528	0.00287871921	0.885	0.695
	-0.246269039	0.00215844388	0.89	0.5
	-0.264156575	0.00263088727	0.89	0.505
	-0.282516512	0.00234314132	0.89	0.51
	-0.295419206	0.00230508505	0.89	0.515
	-0.30906626	0.00237382261	0.89	0.52
	-0.321926131	0.00227268524	0.89	0.525
	-0.330288245	0.0019954812	0.89	0.53
	-0.341919647	0.00162480272	0.89	0.535
	-0.35175338	0.00200429264	0.89	0.54
	-0.360956037	0.00180884331	0.89	0.545
	-0.369473113	0.00174935613	0.89	0.55
	-0.375902578	0.00187926921	0.89	0.555
	-0.379150526	0.00176543725	0.89	0.56
	-0.388045719	0.00160101033	0.89	0.565
	-0.392100177	0.00150649264	0.89	0.57
	-0.396277593	0.00159436708	0.89	0.575
	-0.400090865	0.00142889565	0.89	0.58
	-0.402508287	0.001242024	0.89	0.585
	-0.404850458	0.00123624757	0.89	0.59
	-0.406634072	0.00135956259	0.89	0.595
	-0.412212054	0.00149776093	0.89	0.6
	-0.408543152	0.00161380363	0.89	0.605
	-0.410341967	0.00148222796	0.89	0.61
	-0.410193131	0.00157705603	0.89	0.615
	-0.409707321	0.00139711467	0.89	0.62
	-0.408821635	0.00173129955	0.89	0.625
	-0.407460219	0.00197809031	0.89	0.63
	-0.406036132	0.00206446255	0.89	0.635
	-0.404021733	0.00181865918	0.89	0.64
	-0.403032013	0.00214517871	0.89	0.645
	-0.397437308	0.00254927382	0.89	0.65
	-0.397752638	0.00233642101	0.89	0.655
	-0.393941399	0.00220675837	0.89	0.66
	-0.385507119	0.00258021827	0.89	0.665
	-0.38279116	0.00226068368	0.89	0.67
	-0.37835979	0.00222057244	0.89	0.675
	-0.375240124	0.00270977896	0.89	0.68
	-0.365613071	0.00326383096	0.89	0.685
	-0.36441953	0.00304730569	0.89	0.69
	-0.356216538	0.00366206077	0.89	0.695
	-0.244928845	0.00213207743	0.895	0.5
	-0.260469301	0.00240201285	0.895	0.505
	-0.277745152	0.00193218818	0.895	0.51
	-0.292703234	0.00232770776	0.895	0.515
	-0.30548781	0.00232048234	0.895	0.52
	-0.31833447	0.00193640512	0.895	0.525
	-0.329510172	0.00220949832	0.895	0.53
	-0.337295293	0.0021823209	0.895	0.535
	-0.347482441	0.00203729565	0.895	0.54
	-0.355468999	0.00211142325	0.895	0.545
	-0.36481079	0.00189953134	0.895	0.55
	-0.371845941	0.0019133157	0.895	0.555
	-0.377799171	0.00173051235	0.895	0.56
	-0.384463412	0.00167956358	0.895	0.565
	-0.388754739	0.00156386642	0.895	0.57
	-0.394166033	0.00147964683	0.895	0.575
	-0.396022179	0.00162497854	0.895	0.58
	-0.398090817	0.00123263138	0.895	0.585
	-0.402396691	0.00142012508	0.895	0.59
	-0.403449639	0.00128015586	0.895	0.595
	-0.406161438	0.00128087098	0.895	0.6
	-0.406798541	0.00119133752	0.895	0.605
	-0.406856762	0.00147912887	0.895	0.61
	-0.406929414	0.00173971967	0.895	0.615
	-0.409521677	0.00175033886	0.895	0.62
	-0.409332203	0.00197280234	0.895	0.625
	-0.408436979	0.00194894098	0.895	0.63
	-0.403915728	0.00175811178	0.895	0.635
	-0.402533768	0.00156323555	0.895	0.64
	-0.4002924	0.00226110541	0.895	0.645
	-0.396198791	0.00216541127	0.895	0.65
	-0.39435815	0.00187172666	0.895	0.655
	-0.388862066	0.00233852085	0.895	0.66
	-0.386343084	0.00236595142	0.895	0.665
	-0.376688871	0.00225279401	0.895	0.67
	-0.374306753	0.00269159574	0.895	0.675
	-0.370025186	0.0023998267	0.895	0.68
	-0.36523699	0.00296061284	0.895	0.685
	-0.359277326	0.00310957213	0.895	0.69
	-0.357575218	0.00306325139	0.895	0.695
	-0.241639817	0.0023704675	0.9	0.5
	-0.257935029	0.00263944891	0.9	0.505
	-0.270186933	0.00226833057	0.9	0.51
	-0.288835866	0.00228995752	0.9	0.515
	-0.300222141	0.00241952461	0.9	0.52
	-0.312126928	0.00190186895	0.9	0.525
	-0.323298816	0.00200845873	0.9	0.53
	-0.335324432	0.00179459389	0.9	0.535
	-0.344849711	0.00213224814	0.9	0.54
	-0.353848195	0.00180192528	0.9	0.545
	-0.360462344	0.00158981638	0.9	0.55
	-0.366745667	0.00165067087	0.9	0.555
	-0.374608307	0.00166064387	0.9	0.56
	-0.380191512	0.00156935189	0.9	0.565
	-0.38521619	0.00156090415	0.9	0.57
	-0.390225769	0.00135475301	0.9	0.575
	-0.391893421	0.00137989329	0.9	0.58
	-0.395510332	0.00128396124	0.9	0.585
	-0.397921873	0.00138477291	0.9	0.59
	-0.399119561	0.00127116125	0.9	0.595
	-0.401631967	0.00146526806	0.9	0.6
	-0.403151676	0.00153681622	0.9	0.605
	-0.403072236	0.00148707265	0.9	0.61
	-0.401641245	0.00170788605	0.9	0.615
	-0.40422585	0.00205481393	0.9	0.62
	-0.402742515	0.00195716221	0.9	0.625
	-0.40002806	0.00160571434	0.9	0.63
	-0.402070336	0.00215655532	0.9	0.635
	-0.394201871	0.00223252658	0.9	0.64
	-0.395135891	0.00234704518	0.9	0.645
	-0.39422356	0.00244960115	0.9	0.65
	-0.388404634	0.00226266237	0.9	0.655
	-0.384859959	0.00225624426	0.9	0.66
	-0.380007025	0.00262479463	0.9	0.665
	-0.376162738	0.00254732434	0.9	0.67
	-0.366635485	0.00261348363	0.9	0.675
	-0.365132696	0.00254982518	0.9	0.68
	-0.356184607	0.00268597685	0.9	0.685
	-0.355359413	0.00316433986	0.9	0.69
	-0.350015329	0.00325720631	0.9	0.695
