0	0	0
0.0230664287949	0	0
0.0461328575897	0	0
0.0691992863846	0	0
0.0922657151794	0	0
0.115332143974	0	0
0.138398572769	0	0
0.161465001564	0	0
0.184531430359	0	0
0.207597859154	0	0
0.230664287949	0	0
0.253730716743	0	0
0.276797145538	0	0
0.299863574333	0	0
0.322930003128	0	0
0.345996431923	0	0
0.369062860718	0	0
0.392129289513	0	0
0.415195718307	0	0
0.438262147102	0	0
0.461328575897	0	0
0.484395004692	0	0
0.507461433487	0	0
0.530527862282	0	0
0.553594291077	0	0
0.576660719871	0	0
0.599727148666	0	0
0.622793577461	0	0
0.645860006256	0	0
0.668926435051	0	0
0.691992863846	0	0
0.715059292641	0	0
0.738125721435	0	0
0.76119215023	0	0
0.784258579025	0	0
0.80732500782	0	0
0.830391436615	0	0
0.85345786541	0	0
0.876524294205	0.00010677872449	3.01274255234e-05
0.899590722999	0.00346997935826	0.000161922066584
0.922657151794	0.0471620770741	0.000775670179181
0.945723580589	0.29135960885	0.00163247933905
0.968790009384	1.00160985793	0.00395657248799
0.991856438179	2.24138440522	0.00509651503682
1.01492286697	3.6234226004	0.00446264099461
1.03798929577	4.61849685352	0.00484645471816
1.06105572456	4.90772940936	0.00606099902259
1.08412215336	4.49675912694	0.00494220441525
1.10718858215	3.65641058509	0.00634703306626
1.13025501095	2.69214180971	0.00436952597434
1.15332143974	1.81350812408	0.00317785834148
1.17638786854	1.13121524683	0.00253541195895
1.19945429733	0.654780389231	0.00215873425224
1.22252072613	0.351993532201	0.00210725470802
1.24558715492	0.178851253364	0.00126277078932
1.26865358372	0.0879562414678	0.00100316087769
1.29172001251	0.0486414646553	0.000744783662902
1.31478644131	0.0426525365632	0.000674204339843
1.3378528701	0.0606284851582	0.000911016595718
1.3609192989	0.105996795992	0.00102461539544
1.38398572769	0.185711272469	0.00145361258484
1.40705215649	0.300890187555	0.00145906259194
1.43011858528	0.452963200335	0.00135684849267
1.45318501408	0.628506061928	0.00137776331485
1.47625144287	0.792655503366	0.00189213041896
1.49931787167	0.924146284744	0.00181837434054
1.52238430046	0.971736266299	0.00277509376037
1.54545072926	0.931002883982	0.00287519715446
1.56851715805	0.806136002723	0.00242290073707
1.59158358685	0.639632093446	0.00130484634713
1.61465001564	0.466539958095	0.00125022349249
1.63771644443	0.317766168047	0.00114303397992
1.66078287323	0.219031506345	0.00163245745288
1.68384930202	0.191688646491	0.00162179257882
1.70691573082	0.252120318017	0.00178043005382
1.72998215961	0.431490987127	0.00242518420432
1.75304858841	0.747076030226	0.00246155767722
1.7761150172	1.19570655215	0.00241010735839
1.799181446	1.72739264715	0.0019688345255
1.82224787479	2.23887482989	0.00202551337256
1.84531430359	2.60300143023	0.00366660626089
1.86838073238	2.72050960882	0.00398108157451
1.89144716118	2.55914032321	0.00416445768683
1.91451358997	2.17805517734	0.00389048634032
1.93758001877	1.68691894452	0.00184504603586
1.96064644756	1.20064519964	0.00114241822276
1.98371287636	0.803048633634	0.00188646854909
2.00677930515	0.542201445038	0.00203304578285
2.02984573395	0.431881186297	0.00223159616227
2.05291216274	0.460426550146	0.00198079441529
2.07597859154	0.585520357032	0.0018552502579
2.09904502033	0.757138612999	0.00140603715952
2.12211144913	0.919688156283	0.00129069822926
2.14517787792	1.01464954759	0.00172560187431
2.16824430672	1.02200715004	0.00204821741762
2.19131073551	0.918506970632	0.00195095401367
2.21437716431	0.78125856853	0.00111270005347
2.2374435931	0.653469852811	0.00108742747438
2.2605100219	0.572666870468	0.00187640204807
2.28357645069	0.572701770425	0.00237323338417
