0	0	0
0.064633040701	0	0
0.129266081402	0	0
0.193899122103	0	0
0.258532162804	0	0
0.323165203505	0	0
0.387798244206	0	0
0.452431284907	0	0
0.517064325608	0	0
0.581697366309	0	0
0.64633040701	0	0
0.710963447711	0	0
0.775596488411	0	0
0.840229529112	0.000778287189244	0.000134537148521
0.904862569813	0.148377705901	0.0020596237072
0.969495610514	1.05853937188	0.00917989915825
1.03412865122	2.04113399667	0.0149289641897
1.09876169192	2.28403450234	0.012381532261
1.16339473262	2.08982494936	0.0114946548557
1.22802777332	1.84128896901	0.0101284189546
1.29266081402	1.61253041677	0.00708095034486
1.35729385472	1.46062379637	0.00665363237608
1.42192689542	1.34082185418	0.00683590186629
1.48655993612	1.25411528807	0.00441279882584
1.55119297682	1.1919264698	0.00439770018586
1.61582601752	1.14784768443	0.00417898412492
1.68045905822	1.11223285837	0.00519029101479
1.74509209893	1.0843404008	0.00331143725284
1.80972513963	1.08104451712	0.00378156157178
1.87435818033	1.07032176137	0.00325551790578
1.93899122103	1.05742608992	0.00317330444476
2.00362426173	1.05655251101	0.00336258765996
2.06825730243	1.05913564576	0.00356386764894
2.13289034313	1.05099750187	0.00280334006439
2.19752338383	1.04467364601	0.00242190553626
2.26215642453	1.04463385575	0.0023178325487
2.32678946523	1.03844612467	0.00249076732437
2.39142250594	1.03016263887	0.00283772035964
2.45605554664	1.03283378174	0.00296053252483
2.52068858734	1.02290584048	0.00303943191602
2.58532162804	1.01872615278	0.0013886009124
2.64995466874	1.01396895917	0.00219075320509
2.71458770944	1.01434583558	0.0027063006267
2.77922075014	1.01444458023	0.00240041545708
2.84385379084	1.00609623208	0.0023435294982
2.90848683154	1.00850285395	0.00221806131756
2.97311987224	1.00211846783	0.00228079407226
3.03775291294	0.997534658085	0.00180322498337
3.10238595365	0.998872197259	0.00199335946813
3.16701899435	0.999832041767	0.00158518044132
3.23165203505	0.995712994749	0.00178751480978
3.29628507575	0.995414432626	0.00250165123184
3.36091811645	0.996817847098	0.00166485148247
3.42555115715	0.993320195175	0.00185297806444
3.49018419785	0.990767294628	0.0018725386137
3.55481723855	0.995034217664	0.00114329528212
3.61945027925	0.994125535065	0.00169819042768
3.68408331995	0.98938268564	0.00164527022545
3.74871636066	0.994673326107	0.00184516767786
3.81334940136	0.99112361519	0.00130178348985
3.87798244206	0.991572493748	0.00228081193122
3.94261548276	0.989664557539	0.0013836227241
4.00724852346	0.98894473706	0.00135078598191
4.07188156416	0.989672661816	0.00193507449102
4.13651460486	0.989614060689	0.00168902913479
4.20114764556	0.988798703374	0.00142651575007
4.26578068626	0.989698630663	0.00197433526562
4.33041372696	0.986848538588	0.00129941349574
4.39504676767	0.988272374012	0.0013190155473
4.45967980837	0.990916977927	0.00131779780266
4.52431284907	0.988744369595	0.00121441411985
4.58894588977	0.9876905568	0.00118907247496
4.65357893047	0.986670278293	0.00131665203139
4.71821197117	0.988560336145	0.00137506820766
4.78284501187	0.989452228853	0.000882597380945
4.84747805257	0.98596241113	0.00113049964559
4.91211109327	0.986333449021	0.00109457613135
4.97674413397	0.988780670465	0.00147831673471
5.04137717467	0.986743301184	0.00165043899288
5.10601021538	0.987937920769	0.00118073755394
5.17064325608	0.986756064289	0.000965697449641
5.23527629678	0.988603923476	0.00126260844166
5.29990933748	0.984959074633	0.00143514541546
5.36454237818	0.985315502771	0.00134107611121
5.42917541888	0.985133903888	0.0012407940277
5.49380845958	0.98770525904	0.0010294926102
5.55844150028	0.987103468277	0.000996787330472
5.62307454098	0.98593668332	0.000938970828689
5.68770758168	0.987084524493	0.00151751684111
5.75234062239	0.985305785591	0.00117773327465
5.81697366309	0.984513056485	0.000909985779268
5.88160670379	0.987721617521	0.00147808902888
5.94623974449	0.986415779754	0.00127814260828
6.01087278519	0.984529992475	0.000905558359295
6.07550582589	0.9866488953	0.00140951388103
6.14013886659	0.986285287906	0.00092104385957
6.20477190729	0.985505569955	0.000987182616656
6.26940494799	0.98472815956	0.00105377360404
6.33403798869	0.985572400379	0.00129918447065
6.39867102939	0.98634326821	0.000935858038228
