0	0	0
0.0256496392002	0	0
0.0512992784003	0	0
0.0769489176005	0	0
0.102598556801	0	0
0.128248196001	0	0
0.153897835201	0	0
0.179547474401	0	0
0.205197113601	0	0
0.230846752801	0	0
0.256496392002	0	0
0.282146031202	0	0
0.307795670402	0	0
0.333445309602	0	0
0.359094948802	0	0
0.384744588002	0	0
0.410394227202	0	0
0.436043866403	0	0
0.461693505603	0	0
0.487343144803	0	0
0.512992784003	0	0
0.538642423203	0	0
0.564292062403	0	0
0.589941701603	0	0
0.615591340804	0	0
0.641240980004	0	0
0.666890619204	0	0
0.692540258404	0	0
0.718189897604	0	0
0.743839536804	0	0
0.769489176005	0	0
0.795138815205	0	0
0.820788454405	0	0
0.846438093605	1.45892174905e-05	1.42198102531e-05
0.872087732805	0.00120592350055	0.000131345904327
0.897737372005	0.0238615571762	0.000465070003553
0.923387011205	0.165857574399	0.00160585584307
0.949036650406	0.563331928837	0.00298829147128
0.974686289606	1.20528510382	0.0051441098486
1.00033592881	1.8585762121	0.0071530641572
1.02598556801	2.33589368971	0.00458390656369
1.05163520721	2.55234845444	0.0035551484843
1.07728484641	2.54485078053	0.00422290501841
1.10293448561	2.40382902178	0.00399171151442
1.12858412481	2.20536721818	0.0049438242168
1.15423376401	1.97685772618	0.00427267502547
1.17988340321	1.75404365767	0.00516070013954
1.20553304241	1.56213287398	0.00512510543365
1.23118268161	1.39109792062	0.00361182013539
1.25683232081	1.24228968029	0.00301556957807
1.28248196001	1.12316497715	0.00243359015836
1.30813159921	1.02186753321	0.00315038723247
1.33378123841	0.936270413216	0.00224627766905
1.35943087761	0.872598670746	0.00199117673575
1.38508051681	0.816783579535	0.00301517549894
1.41073015601	0.774961110109	0.00279267224909
1.43637979521	0.737389216716	0.00232693411355
1.46202943441	0.709775647824	0.00270031218094
1.48767907361	0.690044532782	0.00229309434883
1.51332871281	0.680975648874	0.00194506305053
1.53897835201	0.672813248992	0.00226295799996
1.56462799121	0.670576425696	0.00254499275563
1.59027763041	0.675919626517	0.0020068805778
1.61592726961	0.687328891983	0.00225070158213
1.64157690881	0.701523584013	0.00241512867488
1.66722654801	0.72408393535	0.00270424625256
1.69287618721	0.748195295907	0.00160778475507
1.71852582641	0.780490339796	0.00228221189345
1.74417546561	0.81547161712	0.00254827943955
1.76982510481	0.852377255852	0.00265312132135
1.79547474401	0.893928888252	0.00227693673117
1.82112438321	0.935197142844	0.00295208884514
1.84677402241	0.976816202019	0.00264793421821
1.87242366161	1.01782676552	0.00287655057875
1.89807330081	1.05784310775	0.00253614313107
1.92372294001	1.0949271705	0.00289938046963
1.94937257921	1.13266019902	0.00239524225648
1.97502221841	1.15894486959	0.00219606587529
2.00067185761	1.18717845428	0.00239027929958
2.02632149681	1.20420534849	0.00203636546194
2.05197113601	1.2156479422	0.0021180999728
2.07762077521	1.21705060528	0.00209913864531
2.10327041441	1.21212408411	0.00185557381869
2.12892005361	1.19397885738	0.00265769439919
2.15456969281	1.17613241155	0.00223270498502
2.18021933201	1.15087449784	0.00257807839126
2.20586897121	1.12791358662	0.00209332651585
2.23151861041	1.09386983493	0.00245647581679
2.25716824961	1.06707493627	0.00246579587601
2.28281788881	1.03749928983	0.00272959064934
2.30846752801	1.01190251314	0.00227907128625
2.33411716721	0.985981024026	0.0021004371994
2.35976680641	0.965418397344	0.00171504286655
2.38541644561	0.945660008606	0.00171922391104
2.41106608481	0.92993193957	0.00180323816425
2.43671572401	0.917421397273	0.00164823079458
2.46236536321	0.906543402446	0.00120251023637
2.48801500241	0.893446993009	0.00163754006313
2.51366464161	0.886392536761	0.00154982324966
2.53931428081	0.886043704563	0.00179321012915
