0	0.162934154	-0.986636945
1	0.517489208	-0.855689733
2	0.828785137	-0.559566973
3	0.994096927	0.10849562
4	0.99119353	0.132421248
5	0.918643485	0.395087519
6	0.857503342	0.514478395
7	0.717472917	0.6965864
8	0.490951061	0.871187153
9	0.482205267	0.876058263
10	0.348809718	0.937193566
11	0.105631352	0.994405359
12	0.0673789949	0.997727453
13	-0.0495759723	0.998770355
14	-0.182645383	0.983178857
15	-0.488159119	0.872754648
16	-0.691370031	0.722500851
17	-0.989679658	0.143297506
18	-0.991421271	0.130705256
19	-0.999094445	0.0425474997
20	-0.999349644	0.0360595262
21	-0.958775872	-0.284163383
22	-0.899859064	-0.436180771
23	-0.898196853	-0.439593465
24	-0.866510612	-0.499158651
25	-0.556777763	-0.830661497
26	-0.278816159	-0.960344495
27	-0.127518286	-0.99183622
28	0.0292360459	-0.999572535
29	0.037988424	-0.999278179
30	0.162934154	-0.986636945
