0	-0.754701292	-0.660164065
1	-0.83209222	-0.681481833
2	-0.894478368	-0.0929850488
3	-0.965396656	0.166357496
4	-0.663350623	0.144877458
5	-0.441533986	0.0917157975
6	-0.758080431	0.360273765
7	-0.870714266	0.509307426
8	-0.547780269	0.989220874
9	-0.257007473	0.673133213
10	-0.0135473939	0.512094979
11	0.154538298	0.680009704
12	0.312037479	0.810967438
13	0.531527792	0.940533955
14	0.837710784	0.879750909
15	0.863730913	0.508103195
16	0.233618957	0.160936565
17	-0.0564068316	0.169833841
18	-0.0457705915	0.143669161
19	-0.0417241712	-0.0114806072
20	0.372011537	-0.26129855
21	0.459298829	-0.33766858
22	0.303909341	-0.572296859
23	0.356759906	-0.803571035
24	0.410057968	-0.827985577
25	0.626570907	-0.964115219
26	0.55209579	-0.957724837
27	0.00371557338	-0.951432043
28	-0.484213014	-0.521463669
29	-0.533686355	-0.613414058
30	-0.754701292	-0.660164065
