           1   0.0490002   0.0490002           0
           2   0.0487083   0.0488543 0.000103192
           3   0.0486088   0.0487724 9.59016e-05
           4   0.0497694   0.0490217 0.000227523
           5   0.0489802   0.0490134  0.00018217
           6   0.0486828   0.0489583 0.000159926
           7   0.0490601   0.0489728 0.000137739
           8   0.0490735   0.0489854 0.000121094
           9   0.0483545   0.0489153 0.000126308
          10   0.0491596   0.0489397 0.000116015
          11   0.0492922   0.0489718 0.000109803
          12   0.0488894   0.0489649 0.000100868
          13   0.0483622   0.0489185 0.000103216
          14   0.0489863   0.0489234 9.59572e-05
          15   0.0494012   0.0489552 9.47002e-05
          16   0.0492615   0.0489744 9.06949e-05
          17   0.0485753   0.0489509 8.83457e-05
          18   0.0487634   0.0489405 8.40496e-05
          19   0.0486742   0.0489265 8.07856e-05
          20   0.0488118   0.0489207 7.69495e-05
