           1      1.4473      1.4473           0
           2     1.27773     1.36252   0.0599525
           3     1.32234     1.34913   0.0414367
           4     1.48184      1.3823   0.0423257
           5     1.34459     1.37476   0.0345261
           6     1.44191     1.38595   0.0305316
           7      1.4553     1.39586   0.0277306
           8     1.35049     1.39019   0.0248374
           9     1.40132     1.39142   0.0221085
          10     1.34245     1.38653   0.0204329
          11     1.39205     1.38703   0.0185815
          12     1.36591     1.38527   0.0171162
          13      1.1873     1.37004   0.0215335
          14     1.48061     1.37794   0.0213947
          15     1.44359     1.38232   0.0204112
          16     1.31929     1.37838   0.0195119
          17     1.45884     1.38311   0.0189295
          18     1.41418     1.38484   0.0179564
          19     1.47533      1.3896   0.0176317
          20      1.5586     1.39805   0.0186654
