           1    -7.55614    -7.55614           0
           2    -7.53375    -7.54495  0.00791759
           3    -7.54781     -7.5459  0.00533544
           4    -7.54894    -7.54666   0.0040553
           5    -7.54536     -7.5464  0.00325256
           6     -7.5301    -7.54368  0.00367372
           7    -7.54235    -7.54349  0.00315381
           8    -7.55117    -7.54445  0.00290192
           9    -7.55957    -7.54613  0.00302686
          10    -7.54999    -7.54652   0.0027486
          11    -7.55371    -7.54717  0.00257539
          12    -7.56569    -7.54871  0.00278522
          13    -7.56247    -7.54977  0.00276462
          14    -7.55456    -7.55011  0.00258822
          15    -7.53906    -7.54938  0.00251842
          16    -7.54003    -7.54879  0.00242788
          17    -7.54993    -7.54886  0.00228598
          18    -7.54283    -7.54853  0.00218337
          19    -7.54733    -7.54846  0.00206936
          20    -7.54873    -7.54848  0.00196594
