           1     7.54405     7.54405           0
           2     7.66614     7.60509   0.0431649
           3     7.58485     7.59834   0.0292995
           4     7.58307     7.59453   0.0222221
           5     7.60062     7.59574   0.0178111
           6     7.68149     7.61004   0.0197611
           7     7.62111     7.61162   0.0170013
           8     7.56944     7.60635   0.0156724
           9     7.51367     7.59605   0.0169803
          10     7.57628     7.59407   0.0153969
          11     7.55729     7.59073   0.0143557
          12     7.48496     7.58191   0.0156326
          13      7.5073     7.57617   0.0154478
          14     7.54826     7.57418   0.0144726
          15     7.63096     7.57796    0.013994
          16     7.63228     7.58136   0.0135249
          17     7.57495     7.58098   0.0127345
          18     7.62021     7.58316   0.0122121
          19     7.58678     7.58335   0.0115709
          20     7.57982     7.58318   0.0109937
