1	0	0	0	0
1	0.0256496392002	0	0	0
1	0.0512992784003	0	0	0
1	0.0769489176005	0	0	0
1	0.102598556801	0	0	0
1	0.128248196001	0	0	0
1	0.153897835201	0	0	0
1	0.179547474401	0	0	0
1	0.205197113601	0	0	0
1	0.230846752801	0	0	0
1	0.256496392002	0	0	0
1	0.282146031202	0	0	0
1	0.307795670402	0	0	0
1	0.333445309602	0	0	0
1	0.359094948802	0	0	0
1	0.384744588002	0	0	0
1	0.410394227202	0	0	0
1	0.436043866403	0	0	0
1	0.461693505603	0	0	0
1	0.487343144803	0	0	0
1	0.512992784003	0	0	0
1	0.538642423203	0	0	0
1	0.564292062403	0	0	0
1	0.589941701603	0	0	0
1	0.615591340804	0	0	0
1	0.641240980004	0	0	0
1	0.666890619204	0	0	0
1	0.692540258404	0	0	0
1	0.718189897604	0	0	0
1	0.743839536804	0	0	0
1	0.769489176005	0	0	0
1	0.795138815205	0	0	0
1	0.820788454405	0	0	0
1	0.846438093605	0	0	0
1	0.872087732805	0.000183410418334	0.000183410418334	0
1	0.897737372005	0.0250308167838	0.0250308167838	0
1	0.923387011205	0.170990568711	0.170990568711	0
1	0.949036650406	0.587817196862	0.587817196862	0
1	0.974686289606	1.19849913177	1.19849913177	0
1	1.00033592881	1.85734842706	1.85734842706	0
1	1.02598556801	2.36116502987	2.36116502987	0
1	1.05163520721	2.52685741995	2.52685741995	0
1	1.07728484641	2.56085309076	2.56085309076	0
1	1.10293448561	2.38234414138	2.38234414138	0
1	1.12858412481	2.21749955185	2.21749955185	0
1	1.15423376401	1.99830390329	1.99830390329	0
1	1.17988340321	1.74795295661	1.74795295661	0
1	1.20553304241	1.5411701348	1.5411701348	0
1	1.23118268161	1.38820225555	1.38820225555	0
1	1.25683232081	1.23449584219	1.23449584219	0
1	1.28248196001	1.12115969611	1.12115969611	0
1	1.30813159921	1.02993207628	1.02993207628	0
1	1.33378123841	0.936973370963	0.936973370963	0
1	1.35943087761	0.877867247148	0.877867247148	0
1	1.38508051681	0.80085612701	0.80085612701	0
1	1.41073015601	0.790082354362	0.790082354362	0
1	1.43637979521	0.727177073714	0.727177073714	0
1	1.46202943441	0.692662138785	0.692662138785	0
1	1.48767907361	0.680603228275	0.680603228275	0
1	1.51332871281	0.672286856172	0.672286856172	0
1	1.53897835201	0.666827901947	0.666827901947	0
1	1.56462799121	0.663097245199	0.663097245199	0
1	1.59027763041	0.666108381282	0.666108381282	0
1	1.61592726961	0.696756408467	0.696756408467	0
1	1.64157690881	0.702685937436	0.702685937436	0
1	1.66722654801	0.734901107692	0.734901107692	0
1	1.69287618721	0.753668917314	0.753668917314	0
1	1.71852582641	0.782270405063	0.782270405063	0
1	1.74417546561	0.822199401031	0.822199401031	0
1	1.76982510481	0.856336566714	0.856336566714	0
1	1.79547474401	0.891250590292	0.891250590292	0
1	1.82112438321	0.931833097462	0.931833097462	0
1	1.84677402241	0.983185528032	0.983185528032	0
1	1.87242366161	1.02735593433	1.02735593433	0
1	1.89807330081	1.05937616953	1.05937616953	0
1	1.92372294001	1.10164489104	1.10164489104	0
1	1.94937257921	1.13803580617	1.13803580617	0
1	1.97502221841	1.16219803542	1.16219803542	0
1	2.00067185761	1.18616698308	1.18616698308	0
1	2.02632149681	1.21050415664	1.21050415664	0
1	2.05197113601	1.22229067985	1.22229067985	0
1	2.07762077521	1.22331029646	1.22331029646	0
1	2.10327041441	1.21546960457	1.21546960457	0
1	2.12892005361	1.17746633552	1.17746633552	0
1	2.15456969281	1.178472969	1.178472969	0
1	2.18021933201	1.15408418622	1.15408418622	0
1	2.20586897121	1.12723373918	1.12723373918	0
1	2.23151861041	1.08838499504	1.08838499504	0
1	2.25716824961	1.04986544391	1.04986544391	0
1	2.28281788881	1.05027494817	1.05027494817	0
1	2.30846752801	1.01291876387	1.01291876387	0
1	2.33411716721	0.98355918701	0.98355918701	0
1	2.35976680641	0.968812603128	0.968812603128	0
1	2.38541644561	0.947188961232	0.947188961232	0
1	2.41106608481	0.926160995422	0.926160995422	0
1	2.43671572401	0.912994723546	0.912994723546	0
1	2.46236536321	0.905716996935	0.905716996935	0
1	2.48801500241	0.889105328713	0.889105328713	0
1	2.51366464161	0.883778957833	0.883778957833	0
1	2.53931428081	0.875321599342	0.875321599342	0
2	0	0	0	0
2	0.0256496392002	0	0	0
2	0.0512992784003	0	0	0
2	0.0769489176005	0	0	0
2	0.102598556801	0	0	0
2	0.128248196001	0	0	0
2	0.153897835201	0	0	0
2	0.179547474401	0	0	0
2	0.205197113601	0	0	0
2	0.230846752801	0	0	0
2	0.256496392002	0	0	0
2	0.282146031202	0	0	0
2	0.307795670402	0	0	0
2	0.333445309602	0	0	0
2	0.359094948802	0	0	0
2	0.384744588002	0	0	0
2	0.410394227202	0	0	0
2	0.436043866403	0	0	0
2	0.461693505603	0	0	0
2	0.487343144803	0	0	0
2	0.512992784003	0	0	0
2	0.538642423203	0	0	0
2	0.564292062403	0	0	0
2	0.589941701603	0	0	0
2	0.615591340804	0	0	0
2	0.641240980004	0	0	0
2	0.666890619204	0	0	0
2	0.692540258404	0	0	0
2	0.718189897604	0	0	0
2	0.743839536804	0	0	0
2	0.769489176005	0	0	0
2	0.795138815205	0	0	0
2	0.820788454405	0	0	0
2	0.846438093605	0	0	0
2	0.872087732805	0.000733641673337	0.000458526045835	0.000194536125817
2	0.897737372005	0.0203537783536	0.0226922975687	0.00165358279493
2	0.923387011205	0.161896197304	0.166443383008	0.00321534584635
2	0.949036650406	0.557002007748	0.572409602305	0.0108948145927
2	0.974686289606	1.18612752783	1.1923133298	0.00437402252039
2	1.00033592881	1.80648804413	1.8319182356	0.0179818608327
2	1.02598556801	2.30513219666	2.33314861326	0.0198105981662
2	1.05163520721	2.5545540437	2.54070573183	0.00979223523684
2	1.07728484641	2.52048472507	2.54066890791	0.0142723725636
2	1.10293448561	2.39982277948	2.39108346043	0.00617963176275
2	1.12858412481	2.19908883197	2.20829419191	0.00650917243921
2	1.15423376401	2.01681062282	2.00755726306	0.00654311343734
2	1.17988340321	1.77470862641	1.76133079151	0.00945955777719
2	1.20553304241	1.59279081956	1.56698047718	0.0182506681229
2	1.23118268161	1.40922367028	1.39871296292	0.00743219245422
2	1.25683232081	1.26830849219	1.25140216719	0.0119545770534
2	1.28248196001	1.13190303747	1.12653136679	0.00379834476599
2	1.30813159921	1.0233882521	1.02666016419	0.00231359122659
2	1.33378123841	0.94592370622	0.941448538592	0.00316442137693
2	1.35943087761	0.885036934904	0.881452091026	0.00253486741576
2	1.38508051681	0.822354880419	0.811605503714	0.00760095716147
2	1.41073015601	0.777041300026	0.783561827194	0.00461070897715
2	1.43637979521	0.746052355605	0.73661471466	0.00667341991091
2	1.46202943441	0.708542524331	0.700602331558	0.00561456415373
2	1.48767907361	0.687684206656	0.684143717465	0.00250350391503
2	1.51332871281	0.681197647836	0.676742252004	0.00315044060555
2	1.53897835201	0.671718768491	0.669273335219	0.00172918244951
2	1.56462799121	0.66202940928	0.66256332724	0.000377537009743
2	1.59027763041	0.674268118133	0.670188249708	0.00288490263027
2	1.61592726961	0.700275653672	0.698516031069	0.00124424107476
2	1.64157690881	0.691036164977	0.696861051207	0.00411881655248
2	1.66722654801	0.742152416919	0.738526762306	0.00256372496319
2	1.69287618721	0.753175242328	0.753422079821	0.000174540465289
2	1.71852582641	0.778413197688	0.780341801375	0.00136372874574
2	1.74417546561	0.815615850385	0.818907625708	0.00232763665316
2	1.76982510481	0.855703800138	0.856020183426	0.00022371676851
2	1.79547474401	0.890569760143	0.890910175218	0.000240709807873
2	1.82112438321	0.939690721711	0.935761909587	0.00277808969536
2	1.84677402241	0.973591042808	0.97838828542	0.00339216278188
2	1.87242366161	0.991368975805	1.00936245507	0.0127233112022
2	1.89807330081	1.04535342361	1.05236479657	0.00495778936474
2	1.92372294001	1.07345650835	1.0875506997	0.00996609827679
2	1.94937257921	1.11623120949	1.12713350783	0.00770908908779
2	1.97502221841	1.13522765504	1.14871284523	0.00953546942904
2	2.00067185761	1.19334116587	1.18975407448	0.00253645665105
2	2.02632149681	1.19798253363	1.20424334514	0.00442706227111
2	2.05197113601	1.20091465835	1.2116026691	0.0075575648819
2	2.07762077521	1.2059231784	1.21461673743	0.00614727454039
2	2.10327041441	1.20271941872	1.20909451164	0.00450787144086
2	2.12892005361	1.19107151376	1.18426892464	0.00481015689869
2	2.15456969281	1.17270948005	1.17559122453	0.00203770106048
2	2.18021933201	1.14832033548	1.15120226085	0.00203782897151
2	2.20586897121	1.13587042768	1.13155208343	0.00305353050245
2	2.23151861041	1.11027017631	1.09932758568	0.00773758003992
2	2.25716824961	1.07829706394	1.06408125393	0.0100520956632
2	2.28281788881	1.05096994398	1.05062244608	0.000245718126617
2	2.30846752801	1.01359848567	1.01325862477	0.000240317947609
2	2.33411716721	1.00113461795	0.992346902481	0.00621385320124
2	2.35976680641	0.977513405026	0.973163004077	0.00307619801193
2	2.38541644561	0.961760522804	0.954474742018	0.00515182500016
2	2.41106608481	0.937296587377	0.9317287914	0.00393702629191
2	2.43671572401	0.926304068371	0.919649395959	0.00470556398939
2	2.46236536321	0.907592527174	0.906654762054	0.000663100075351
2	2.48801500241	0.903826338043	0.896465833378	0.00520466276157
2	2.51366464161	0.886029133406	0.884904045619	0.000795557203061
2	2.53931428081	0.884384862741	0.879853231041	0.0032043475043
3	0	0	0	0
3	0.0256496392002	0	0	0
3	0.0512992784003	0	0	0
3	0.0769489176005	0	0	0
3	0.102598556801	0	0	0
3	0.128248196001	0	0	0
3	0.153897835201	0	0	0
3	0.179547474401	0	0	0
3	0.205197113601	0	0	0
3	0.230846752801	0	0	0
3	0.256496392002	0	0	0
3	0.282146031202	0	0	0
3	0.307795670402	0	0	0
3	0.333445309602	0	0	0
3	0.359094948802	0	0	0
3	0.384744588002	0	0	0
3	0.410394227202	0	0	0
3	0.436043866403	0	0	0
3	0.461693505603	0	0	0
3	0.487343144803	0	0	0
3	0.512992784003	0	0	0
3	0.538642423203	0	0	0
3	0.564292062403	0	0	0
3	0.589941701603	0	0	0
3	0.615591340804	0	0	0
3	0.641240980004	0	0	0
3	0.666890619204	0	0	0
3	0.692540258404	0	0	0
3	0.718189897604	0	0	0
3	0.743839536804	0	0	0
3	0.769489176005	0	0	0
3	0.795138815205	0	0	0
3	0.820788454405	0	0	0
3	0.846438093605	0	0	0
3	0.872087732805	0.00119216771917	0.000703073270281	0.000238093652651
3	0.897737372005	0.0244245340243	0.0232697097205	0.00119897053052
3	0.923387011205	0.165255379536	0.16604738185	0.00216781244439
3	0.949036650406	0.575320356944	0.573379853851	0.00730628548595
3	0.974686289606	1.1724303949	1.18568568484	0.00614710735038
3	1.00033592881	1.82530708541	1.82971451887	0.0121221903071
3	1.02598556801	2.31711071207	2.3278026462	0.0139096903948
3	1.05163520721	2.52679404095	2.53606850153	0.00754670577497
3	1.07728484641	2.52217681225	2.53450487603	0.0107640048775
3	1.10293448561	2.38932405957	2.39049699348	0.00414748994809
3	1.12858412481	2.19037956927	2.20232265103	0.00652714933836
3	1.15423376401	1.96751209645	1.99420887419	0.0117394219355
3	1.17988340321	1.77041762277	1.76435973526	0.00677396925213
3	1.20553304241	1.60759487724	1.58051861053	0.0164385518274
3	1.23118268161	1.40518644494	1.40087079026	0.00525872028885
3	1.25683232081	1.25819588145	1.25366673861	0.00818139727555
3	1.28248196001	1.136140451	1.12973439486	0.00364029951055
3	1.30813159921	1.05380262989	1.03570765276	0.0075465453014
3	1.33378123841	0.941210919072	0.941369332085	0.00211060530094
3	1.35943087761	0.873023894248	0.8786426921	0.00284914305259
3	1.38508051681	0.829704881585	0.817638629671	0.00706705857362
3	1.41073015601	0.796496568586	0.787873407658	0.00467348199572
3	1.43637979521	0.739863178029	0.737697535783	0.00453594462458
3	1.46202943441	0.701609299872	0.700937987663	0.00375306264076
3	1.48767907361	0.685451465725	0.684579633552	0.00170653203953
3	1.51332871281	0.673181018657	0.675555174222	0.00231315143381
3	1.53897835201	0.680069028444	0.672871899627	0.00315626858765
3	1.56462799121	0.673862185679	0.666329613386	0.00308544260812
3	1.59027763041	0.666108381282	0.668828293566	0.00222079908023
3	1.61592726961	0.689122353482	0.695384805207	0.00268783258027
3	1.64157690881	0.704181516333	0.699301206249	0.00339255293822
3	1.66722654801	0.707880439628	0.728311321413	0.00851418514738
3	1.69287618721	0.746806835009	0.751216998217	0.00180419778346
3	1.71852582641	0.782270405063	0.780984669271	0.00104979887795
3	1.74417546561	0.809218407177	0.815677886198	0.0030597544088
3	1.76982510481	0.84101457605	0.8510183143	0.00408673144662
3	1.79547474401	0.906009230954	0.895943193796	0.00411257449682
3	1.82112438321	0.936936282776	0.936153367316	0.00187943739652
3	1.84677402241	0.97431789775	0.97703148953	0.00251821020837
3	1.87242366161	1.01931393012	1.01267961342	0.00890413030852
3	1.89807330081	1.06376196523	1.05616385279	0.00453279004859
3	1.92372294001	1.09837028952	1.09115722964	0.0072673914682
3	1.94937257921	1.1274412716	1.12723609576	0.00514007526906
3	1.97502221841	1.14575046517	1.14772538521	0.00640790460339
3	2.00067185761	1.17746939357	1.18565918084	0.00374675226272
3	2.02632149681	1.1870325902	1.19850642682	0.00553643398836
3	2.05197113601	1.20381195992	1.20900576604	0.00546636768272
3	2.07762077521	1.20419761376	1.21114369621	0.00498361793136
3	2.10327041441	1.20498077243	1.20772326524	0.00320703254855
3	2.12892005361	1.1885039082	1.18568058583	0.0034076248067
3	2.15456969281	1.1736726095	1.17495168619	0.00145537158997
3	2.18021933201	1.15517424089	1.1525262542	0.00173617516956
3	2.20586897121	1.13817548981	1.13375988556	0.00271912027291
3	2.23151861041	1.10813155925	1.10226224353	0.00568774393782
3	2.25716824961	1.08377433192	1.07064561326	0.00858113816258
3	2.28281788881	1.04896672076	1.05007053764	0.000479482029511
3	2.30846752801	1.03276397492	1.01976040815	0.00531110088697
3	2.33411716721	0.991903605262	0.992199136741	0.00414432536675
3	2.35976680641	0.970598691494	0.972308233216	0.00216630192271
3	2.38541644561	0.944067375634	0.95100561989	0.00445189164998
3	2.41106608481	0.928300104744	0.930585895848	0.00278563708149
3	2.43671572401	0.922114976025	0.920471255981	0.00320801172777
3	2.46236536321	0.901965936455	0.905091820188	0.00135053612844
3	2.48801500241	0.888198183833	0.893709950196	0.00413552912805
3	2.51366464161	0.881945064742	0.88391771866	0.00096428962207
3	2.53931428081	0.875553142568	0.878419868217	0.00243581028347
4	0	0	0	0
4	0.0256496392002	0	0	0
4	0.0512992784003	0	0	0
4	0.0769489176005	0	0	0
4	0.102598556801	0	0	0
4	0.128248196001	0	0	0
4	0.153897835201	0	0	0
4	0.179547474401	0	0	0
4	0.205197113601	0	0	0
4	0.230846752801	0	0	0
4	0.256496392002	0	0	0
4	0.282146031202	0	0	0
4	0.307795670402	0	0	0
4	0.333445309602	0	0	0
4	0.359094948802	0	0	0
4	0.384744588002	0	0	0
4	0.410394227202	0	0	0
4	0.436043866403	0	0	0
4	0.461693505603	0	0	0
4	0.487343144803	0	0	0
4	0.512992784003	0	0	0
4	0.538642423203	0	0	0
4	0.564292062403	0	0	0
4	0.589941701603	0	0	0
4	0.615591340804	0	0	0
4	0.641240980004	0	0	0
4	0.666890619204	0	0	0
4	0.692540258404	0	0	0
4	0.718189897604	0	0	0
4	0.743839536804	0	0	0
4	0.769489176005	0	0	0
4	0.795138815205	0	0	0
4	0.820788454405	0	0	0
4	0.846438093605	0	0	0
4	0.872087732805	0.00183410418334	0.000985830998546	0.000303069761113
4	0.897737372005	0.024164698556	0.0234934569294	0.000919868426703
4	0.923387011205	0.165091516988	0.165808415635	0.00163897748942
4	0.949036650406	0.56352209814	0.570915414923	0.00588067693365
4	0.974686289606	1.23259468311	1.19741293441	0.011153539092
4	1.00033592881	1.89813467638	1.84681955825	0.0173808730103
4	1.02598556801	2.35065055523	2.33351462346	0.0115456582536
4	1.05163520721	2.55759623579	2.5414504351	0.00733211011185
4	1.07728484641	2.56073222739	2.54106171387	0.0098700293778
4	1.10293448561	2.40639890075	2.3944724703	0.0046399626004
4	1.12858412481	2.18393030512	2.19772456455	0.00631041746611
4	1.15423376401	1.96492853731	1.98688878997	0.0108493370826
4	1.17988340321	1.73255582587	1.75640875792	0.00855714768583
4	1.20553304241	1.54039606643	1.57048797451	0.0150818553752
4	1.23118268161	1.37098604172	1.39339960312	0.00757756102813
4	1.25683232081	1.23084282862	1.24796076111	0.00787843378688
4	1.28248196001	1.1164086567	1.12640296032	0.00397214911831
4	1.30813159921	1.00630845942	1.02835785442	0.00851758306513
4	1.33378123841	0.947943472141	0.943012867099	0.00212876696605
4	1.35943087761	0.863108368628	0.874759111232	0.00398469689492
4	1.38508051681	0.808132628164	0.815262129294	0.00568585361029
4	1.41073015601	0.764673560996	0.782073445993	0.00612498759959
4	1.43637979521	0.739794789326	0.738221849169	0.00343212759318
4	1.46202943441	0.709797107805	0.703152767698	0.00340617380588
4	1.48767907361	0.696519481481	0.687564595534	0.00288455196749
4	1.51332871281	0.67490767725	0.675393299979	0.00174051833601
4	1.53897835201	0.655912919294	0.668632154544	0.00436866357584
4	1.56462799121	0.671841955562	0.66770769893	0.00260371179749
4	1.59027763041	0.673709232048	0.670048528186	0.0019725492285
4	1.61592726961	0.686090388382	0.693061201001	0.00284835077175
4	1.64157690881	0.699957161905	0.699465195163	0.00254837506211
4	1.66722654801	0.721517989612	0.726612988463	0.00655283410174
4	1.69287618721	0.75344676357	0.751774439555	0.00143668578951
4	1.71852582641	0.787948405982	0.782725603449	0.00170089904329
4	1.74417546561	0.846207260631	0.823310229806	0.00699683366279
4	1.76982510481	0.867907155534	0.855240524609	0.00477124907589
4	1.79547474401	0.912927343764	0.900189231288	0.00479951451655
4	1.82112438321	0.941975411371	0.93760887833	0.00189097712961
4	1.84677402241	0.991533976214	0.980657111201	0.00366413388379
4	1.87242366161	1.0248099732	1.01571220336	0.00717596269772
4	1.89807330081	1.07314324125	1.0604086999	0.00500712239663
4	1.92372294001	1.1181902461	1.09791548376	0.00799774496796
4	1.94937257921	1.14592575006	1.13190850933	0.00558883232062
4	1.97502221841	1.15692754329	1.15002592473	0.00520252917899
4	2.00067185761	1.19482914453	1.18795167176	0.00344065353662
4	2.02632149681	1.21511556815	1.20265871215	0.00549298753795
4	2.05197113601	1.21356508557	1.21014559592	0.00421693851287
4	2.07762077521	1.20469063223	1.20953043021	0.00399029725712
4	2.10327041441	1.19806840752	1.20530955081	0.00318666879444
4	2.12892005361	1.1800965656	1.18428458077	0.00282724604082
4	2.15456969281	1.16660966018	1.17286617968	0.00211031701715
4	2.18021933201	1.12825138369	1.14645753657	0.00541456797518
4	2.20586897121	1.10842851709	1.12742704344	0.00585128835572
4	2.23151861041	1.06642852654	1.09330381429	0.00885365508872
4	2.25716824961	1.05224868265	1.0660463806	0.00756868004263
4	2.28281788881	1.01687426701	1.04177146998	0.0071961943717
4	2.30846752801	1.0057217095	1.01625073349	0.00501051350085
4	2.33411716721	0.988278998583	0.991219102202	0.00322203843759
4	2.35976680641	0.962459231654	0.969845982826	0.00268081027874
4	2.38541644561	0.946427294346	0.949861038504	0.00348294821199
4	2.41106608481	0.932627217315	0.931096226215	0.00213546263353
4	2.43671572401	0.924029989669	0.921360939403	0.00252636710895
4	2.46236536321	0.907909022902	0.905796120867	0.00118237060229
4	2.48801500241	0.893905158588	0.893758752294	0.00310193478189
4	2.51366464161	0.897730046382	0.887370800591	0.00307666609443
4	2.53931428081	0.896039205091	0.882824702435	0.00422957828529
5	0	0	0	0
5	0.0256496392002	0	0	0
5	0.0512992784003	0	0	0
5	0.0769489176005	0	0	0
5	0.102598556801	0	0	0
5	0.128248196001	0	0	0
5	0.153897835201	0	0	0
5	0.179547474401	0	0	0
5	0.205197113601	0	0	0
5	0.230846752801	0	0	0
5	0.256496392002	0	0	0
5	0.282146031202	0	0	0
5	0.307795670402	0	0	0
5	0.333445309602	0	0	0
5	0.359094948802	0	0	0
5	0.384744588002	0	0	0
5	0.410394227202	0	0	0
5	0.436043866403	0	0	0
5	0.461693505603	0	0	0
5	0.487343144803	0	0	0
5	0.512992784003	0	0	0
5	0.538642423203	0	0	0
5	0.564292062403	0	0	0
5	0.589941701603	0	0	0
5	0.615591340804	0	0	0
5	0.641240980004	0	0	0
5	0.666890619204	0	0	0
5	0.692540258404	0	0	0
5	0.718189897604	0	0	0
5	0.743839536804	0	0	0
5	0.769489176005	0	0	0
5	0.795138815205	0	0	0
5	0.820788454405	0	0	0
5	0.846438093605	0	0	0
5	0.872087732805	0.000917052091671	0.000972075217171	0.000242767783039
5	0.897737372005	0.0247709813154	0.0237489618066	0.000770562952772
5	0.923387011205	0.161896197304	0.165025971969	0.00148626131197
5	0.949036650406	0.557933449233	0.568319021785	0.00524649569035
5	0.974686289606	1.20682050824	1.19929444917	0.00908014296082
5	1.00033592881	1.822788552	1.842013357	0.0145540473469
5	1.02598556801	2.31504774553	2.32982124787	0.00980949755389
5	1.05163520721	2.5507513036	2.5433106088	0.00609708895461
5	1.07728484641	2.54036674949	2.54092272099	0.00789700211244
5	1.10293448561	2.40766797678	2.39711157159	0.00439893241621
5	1.12858412481	2.19434834721	2.19704932108	0.00508433268933
5	1.15423376401	1.97700272184	1.98491157634	0.00885780405398
5	1.17988340321	1.77460766162	1.76004853866	0.0075803865368
5	1.20553304241	1.56419866896	1.5692301134	0.0121178250134
5	1.23118268161	1.3977152578	1.39426273406	0.0061110090768
5	1.25683232081	1.2726742889	1.25290346667	0.00769862914399
5	1.28248196001	1.11375492297	1.12387335285	0.00390090131545
5	1.30813159921	1.00869551478	1.02442538649	0.00766830781953
5	1.33378123841	0.930755660188	0.940561425717	0.00277631178179
5	1.35943087761	0.868600044356	0.873527297857	0.00337278658285
5	1.38508051681	0.803428627417	0.812895428919	0.0050171239322
5	1.41073015601	0.767969262228	0.77925260924	0.00551140624255
5	1.43637979521	0.729297123492	0.736436904033	0.00317611448016
5	1.46202943441	0.718480146055	0.70621824337	0.00386561840731
5	1.48767907361	0.701941852313	0.69044004689	0.00345539954759
5	1.51332871281	0.686038458532	0.677522331689	0.00235903357963
5	1.53897835201	0.6929224643	0.673490216495	0.00557630293812
5	1.56462799121	0.690918699951	0.672349899134	0.00464529653174
5	1.59027763041	0.689413931057	0.67392160876	0.00380667976072
5	1.61592726961	0.694509505758	0.693350861952	0.00229336175288
5	1.64157690881	0.71507038023	0.702586232176	0.00345673191385
5	1.66722654801	0.730728424489	0.727436075668	0.00529370799038
5	1.69287618721	0.752977772333	0.752015106111	0.00116933254028
5	1.71852582641	0.790487933819	0.784278069523	0.00194413928621
5	1.74417546561	0.816895339026	0.82202725165	0.00571388330245
5	1.76982510481	0.847545631067	0.8537015459	0.00405761601533
5	1.79547474401	0.893183269427	0.898788038916	0.00403897132844
5	1.82112438321	0.924594688167	0.935006040297	0.00277638634598
5	1.84677402241	0.97818061258	0.980161811477	0.0029645942065
5	1.87242366161	1.00391692709	1.01335314811	0.00611625337621
5	1.89807330081	1.04826417592	1.05797979511	0.00455689352721
5	1.92372294001	1.07964186678	1.09426076036	0.00718488094546
5	1.94937257921	1.11805913975	1.12913863541	0.00511157422916
5	1.97502221841	1.15411055613	1.15084285101	0.00422567546619
5	2.00067185761	1.16441415229	1.18324416787	0.00503039325061
5	2.02632149681	1.19594453154	1.20131587603	0.00455557140447
5	2.05197113601	1.20074621058	1.20826571886	0.0037693494538
5	2.07762077521	1.19875797663	1.2073759395	0.00372878618346
5	2.10327041441	1.20804402463	1.20585644558	0.00259583979286
5	2.12892005361	1.18369747584	1.18416715978	0.00226423387981
5	2.15456969281	1.16951433631	1.17219581101	0.00179156791461
5	2.18021933201	1.16040053042	1.14924613534	0.00499842536719
5	2.20586897121	1.13986781391	1.12991519753	0.00518312424179
5	2.23151861041	1.0980943165	1.09426191473	0.00713457627076
5	2.25716824961	1.08541890602	1.06992088569	0.00697651624864
5	2.28281788881	1.04913024918	1.04324322582	0.00590553882406
5	2.30846752801	1.00817403914	1.01463539462	0.00426084649817
5	2.33411716721	0.995515173786	0.992078316519	0.00268975457572
5	2.35976680641	0.975165974602	0.970909981181	0.00234631413081
5	2.38541644561	0.959150877244	0.951719006252	0.00324429181803
5	2.41106608481	0.943738362306	0.933624653433	0.0028342342494
5	2.43671572401	0.929715186424	0.923031788807	0.00251360495656
5	2.46236536321	0.912023467366	0.907041590166	0.0014613949418
5	2.48801500241	0.899818824583	0.894970766752	0.00270799978708
5	2.51366464161	0.880707468177	0.886038134108	0.00273476863513
5	2.53931428081	0.892279384143	0.884715638777	0.00378281442581
6	0	0	0	0
6	0.0256496392002	0	0	0
6	0.0512992784003	0	0	0
6	0.0769489176005	0	0	0
6	0.102598556801	0	0	0
6	0.128248196001	0	0	0
6	0.153897835201	0	0	0
6	0.179547474401	0	0	0
6	0.205197113601	0	0	0
6	0.230846752801	0	0	0
6	0.256496392002	0	0	0
6	0.282146031202	0	0	0
6	0.307795670402	0	0	0
6	0.333445309602	0	0	0
6	0.359094948802	0	0	0
6	0.384744588002	0	0	0
6	0.410394227202	0	0	0
6	0.436043866403	0	0	0
6	0.461693505603	0	0	0
6	0.487343144803	0	0	0
6	0.512992784003	0	0	0
6	0.538642423203	0	0	0
6	0.564292062403	0	0	0
6	0.589941701603	0	0	0
6	0.615591340804	0	0	0
6	0.641240980004	0	0	0
6	0.666890619204	0	0	0
6	0.692540258404	0	0	0
6	0.718189897604	0	0	0
6	0.743839536804	0	0	0
6	0.769489176005	0	0	0
6	0.795138815205	0	0	0
6	0.820788454405	0	0	0
6	0.846438093605	0	0	0
6	0.872087732805	0.00110046251	0.00099347309931	0.000203247317383
6	0.897737372005	0.0232119685054	0.0236594629231	0.000647312459097
6	0.923387011205	0.169761599602	0.165815243241	0.00143287581287
6	0.949036650406	0.547609972779	0.564867513618	0.00538910986431
6	0.974686289606	1.20269664025	1.19986148102	0.00758446998478
6	1.00033592881	1.89890422825	1.85149516887	0.0149002703626
6	1.02598556801	2.37560579567	2.33745200584	0.0107399954363
6	1.05163520721	2.60278546402	2.55322308467	0.0103776973462
6	1.07728484641	2.53178545019	2.53939984252	0.00672607038939
6	1.10293448561	2.39093924725	2.39608285087	0.00378415244399
6	1.12858412481	2.22119272022	2.20107322094	0.00560756947199
6	1.15423376401	1.96724846796	1.98196772495	0.00785547429051
6	1.17988340321	1.73109183639	1.75522242161	0.00770154867702
6	1.20553304241	1.53309079614	1.56320689385	0.0114980883514
6	1.23118268161	1.38328333731	1.3924328346	0.00535948473677
6	1.25683232081	1.22759075556	1.24868468149	0.00748269618757
6	1.28248196001	1.11135800219	1.12178746107	0.00376738235054
6	1.30813159921	1.00844857802	1.02176258508	0.00683696846637
6	1.33378123841	0.925844856772	0.938108664226	0.00321963958322
6	1.35943087761	0.868600044356	0.87270608894	0.00290891233915
6	1.38508051681	0.819414879953	0.813982004091	0.00429698758153
6	1.41073015601	0.793307180298	0.781595037749	0.00506622560841
6	1.43637979521	0.748856292408	0.738506802096	0.00325203747861
6	1.46202943441	0.714881472408	0.707662114876	0.00348057342649
6	1.48767907361	0.700028074372	0.69203805147	0.00322793023643
6	1.51332871281	0.678761825893	0.677728914057	0.00197488588968
6	1.53897835201	0.668497953938	0.672658172736	0.00470858484867
6	1.56462799121	0.66197168842	0.670620197348	0.00418072808891
6	1.59027763041	0.668623368667	0.673038568745	0.00327305098954
6	1.61592726961	0.668061024483	0.689135889041	0.00429621151779
6	1.64157690881	0.710767311124	0.703949745334	0.00313802809659
6	1.66722654801	0.715106305664	0.725381114001	0.00479371588299
6	1.69287618721	0.753397396071	0.752245487771	0.000996880356453
6	1.71852582641	0.793770153759	0.785860083562	0.00217034938131
6	1.74417546561	0.81633701671	0.82107887916	0.00483963345503
6	1.76982510481	0.850008900953	0.853086105076	0.00342770256495
6	1.79547474401	0.889537533787	0.897246288061	0.00364821914602
6	1.82112438321	0.949064354987	0.937349092746	0.00315085910601
6	1.84677402241	0.991077095965	0.981981025558	0.00297679295388
6	1.87242366161	1.02961901089	1.01606412524	0.00566592101467
6	1.89807330081	1.06081187843	1.05845180899	0.00382177924956
6	1.92372294001	1.1071600094	1.0964106352	0.00630084145567
6	1.94937257921	1.13477164499	1.13007747034	0.00434500705879
6	1.97502221841	1.16194359787	1.15269297549	0.00390547033006
6	2.00067185761	1.19454572002	1.18512775989	0.00453093985202
6	2.02632149681	1.19585817552	1.20040625928	0.00388606073607
6	2.05197113601	1.20753465555	1.20814387497	0.00314309322425
6	2.07762077521	1.21239815431	1.2082129753	0.00319989161324
6	2.10327041441	1.20201374805	1.20521599599	0.00224081381529
6	2.12892005361	1.18754888418	1.18473078052	0.00195575309788
6	2.15456969281	1.17481919219	1.17263304121	0.00154540535092
6	2.18021933201	1.14930586436	1.14925609018	0.00416536438564
6	2.20586897121	1.1155333605	1.1275182247	0.00484189984038
6	2.23151861041	1.08366578006	1.09249589228	0.0061601756882
6	2.25716824961	1.06585126164	1.06924261501	0.00584664197877
6	2.28281788881	1.02689038315	1.04051775204	0.00551445307979
6	2.30846752801	1.0081340555	1.0135518381	0.00368590846623
6	2.33411716721	0.982359676886	0.990458543247	0.00268524494815
6	2.35976680641	0.962854722649	0.969567438092	0.00230761064711
6	2.38541644561	0.938835598171	0.949571771572	0.00333938716168
6	2.41106608481	0.930109180056	0.933038741204	0.00242166660203
6	2.43671572401	0.922713417789	0.922978726971	0.00209523078612
6	2.46236536321	0.91098020367	0.90769802575	0.00135727576083
6	2.48801500241	0.891688969196	0.894423800493	0.0023112450579
6	2.51366464161	0.889033117795	0.886537298056	0.0023240824151
6	2.53931428081	0.878056014577	0.88360570141	0.0033111803587
7	0	0	0	0
7	0.0256496392002	0	0	0
7	0.0512992784003	0	0	0
7	0.0769489176005	0	0	0
7	0.102598556801	0	0	0
7	0.128248196001	0	0	0
7	0.153897835201	0	0	0
7	0.179547474401	0	0	0
7	0.205197113601	0	0	0
7	0.230846752801	0	0	0
7	0.256496392002	0	0	0
7	0.282146031202	0	0	0
7	0.307795670402	0	0	0
7	0.333445309602	0	0	0
7	0.359094948802	0	0	0
7	0.384744588002	0	0	0
7	0.410394227202	0	0	0
7	0.436043866403	0	0	0
7	0.461693505603	0	0	0
7	0.487343144803	0	0	0
7	0.512992784003	0	0	0
7	0.538642423203	0	0	0
7	0.564292062403	0	0	0
7	0.589941701603	0	0	0
7	0.615591340804	0	0	0
7	0.641240980004	0	0	0
7	0.666890619204	0	0	0
7	0.692540258404	0	0	0
7	0.718189897604	0	0	0
7	0.743839536804	0	0	0
7	0.769489176005	0	0	0
7	0.795138815205	0	0	0
7	0.820788454405	0	0	0
7	0.846438093605	0	0	0
7	0.872087732805	0.00146728334667	0.0010611602775	0.00018514011598
7	0.897737372005	0.0247709813154	0.0238182512648	0.000573984641825
7	0.923387011205	0.175005201134	0.167128094369	0.00172794009088
7	0.949036650406	0.579434223501	0.566948472172	0.00500490881879
7	0.974686289606	1.22103312467	1.20288600154	0.00707838774781
7	1.00033592881	1.86791227551	1.85384046982	0.0129549205704
7	1.02598556801	2.3402691752	2.3378544586	0.00921324771188
7	1.05163520721	2.55474418071	2.5534403841	0.0088974438881
7	1.07728484641	2.5052559404	2.53452214222	0.00732329684053
7	1.10293448561	2.35482826557	2.39018933868	0.0063476165497
7	1.12858412481	2.18150494082	2.19827775235	0.00545899211041
7	1.15423376401	1.95005989085	1.97740946293	0.00794646726321
7	1.17988340321	1.7322024491	1.75193385411	0.0072696111591
7	1.20553304241	1.55457119354	1.56197322238	0.00992146610014
7	1.23118268161	1.38323693242	1.39111913429	0.00475212243985
7	1.25683232081	1.23302572697	1.24644768798	0.00673983073343
7	1.28248196001	1.12762282179	1.12262108403	0.00332013355987
7	1.30813159921	1.04166157245	1.02460529756	0.00642411204009
7	1.33378123841	0.954596818703	0.940464114866	0.00351730720779
7	1.35943087761	0.885265754726	0.874500326909	0.00299603115466
7	1.38508051681	0.840803383345	0.817813629699	0.00511365635277
7	1.41073015601	0.79040129319	0.782853074241	0.0044959633894
7	1.43637979521	0.752002172723	0.740434712185	0.00330995433292
7	1.46202943441	0.735714161139	0.711669550056	0.0047608493326
7	1.48767907361	0.691065214351	0.691899074739	0.00276978751246
7	1.51332871281	0.684527632264	0.678700159515	0.00191676608529
7	1.53897835201	0.671241610779	0.672455806742	0.00404027618218
7	1.56462799121	0.674208510842	0.671132813562	0.00361477159572
7	1.59027763041	0.689553652578	0.675397866435	0.00355552761653
7	1.61592726961	0.690502980447	0.689331187813	0.00368690332493
7	1.64157690881	0.714781759741	0.705497175964	0.00304748366356
7	1.66722654801	0.730753867679	0.72614865024	0.00416989289183
7	1.69287618721	0.755174626021	0.752663936092	0.000938190767849
7	1.71852582641	0.783108928405	0.785467061397	0.00189555108282
7	1.74417546561	0.806263951587	0.818962460935	0.00458774180263
7	1.76982510481	0.837489162269	0.850857970389	0.00358990009273
7	1.79547474401	0.891294514818	0.896396034741	0.00322460310963
7	1.82112438321	0.920345592445	0.934920021274	0.00351446334273
7	1.84677402241	0.957226422989	0.978444653763	0.00415086796051
7	1.87242366161	1.0063012399	1.01466942733	0.00502522910116
7	1.89807330081	1.04000393288	1.05581639812	0.00408462092928
7	1.92372294001	1.08048445431	1.0941354665	0.00579695592063
7	1.94937257921	1.13411881276	1.13065480498	0.00376245238588
7	1.97502221841	1.15156618062	1.15253200479	0.00335086169754
7	2.00067185761	1.17991392993	1.18438292704	0.00394440850686
7	2.02632149681	1.19806888965	1.20007234933	0.00334522405647
7	2.05197113601	1.21073516311	1.20851405899	0.00271579199304
7	2.07762077521	1.21086979706	1.20859252126	0.00276518200302
7	2.10327041441	1.21261484598	1.20627297456	0.00215561644801
7	2.12892005361	1.18914580959	1.18536149896	0.00177515028372
7	2.15456969281	1.16972836508	1.17221808747	0.00137921771945
7	2.18021933201	1.15459188292	1.15001834628	0.00363939000357
7	2.20586897121	1.1344552946	1.12850923468	0.00425040699032
7	2.23151861041	1.09815134629	1.09330381429	0.00533286788995
7	2.25716824961	1.07362814595	1.06986911943	0.00504486268186
7	2.28281788881	1.03606160241	1.03988115924	0.00476327673277
7	2.30846752801	1.02294132848	1.01489319387	0.00339465680553
7	2.33411716721	1.00070435889	0.991922231195	0.00267093011696
7	2.35976680641	0.973826408327	0.970175862412	0.00205659702455
7	2.38541644561	0.956054264331	0.950497841966	0.00298798172927
7	2.41106608481	0.944312865953	0.934649330453	0.00255578093606
7	2.43671572401	0.927644577922	0.923645277107	0.00189897853964
7	2.46236536321	0.918540934949	0.909247012779	0.00184663104096
7	2.48801500241	0.914092002896	0.897233543693	0.00326978224837
7	2.51366464161	0.899462681573	0.888383781415	0.00262502851331
7	2.53931428081	0.891628857938	0.884751866629	0.00303004051621
8	0	0	0	0
8	0.0256496392002	0	0	0
8	0.0512992784003	0	0	0
8	0.0769489176005	0	0	0
8	0.102598556801	0	0	0
8	0.128248196001	0	0	0
8	0.153897835201	0	0	0
8	0.179547474401	0	0	0
8	0.205197113601	0	0	0
8	0.230846752801	0	0	0
8	0.256496392002	0	0	0
8	0.282146031202	0	0	0
8	0.307795670402	0	0	0
8	0.333445309602	0	0	0
8	0.359094948802	0	0	0
8	0.384744588002	0	0	0
8	0.410394227202	0	0	0
8	0.436043866403	0	0	0
8	0.461693505603	0	0	0
8	0.487343144803	0	0	0
8	0.512992784003	0	0	0
8	0.538642423203	0	0	0
8	0.564292062403	0	0	0
8	0.589941701603	0	0	0
8	0.615591340804	0	0	0
8	0.641240980004	0	0	0
8	0.666890619204	0	0	0
8	0.692540258404	0	0	0
8	0.718189897604	0	0	0
8	0.743839536804	0	0	0
8	0.769489176005	0	0	0
8	0.795138815205	0	0	0
8	0.820788454405	0	0	0
8	0.846438093605	0	0	0
8	0.872087732805	0.00100875730084	0.00105460990542	0.00016211343818
8	0.897737372005	0.0258969350116	0.0240780867332	0.000557957637807
8	0.923387011205	0.15911053399	0.166125899321	0.0017789971984
8	0.949036650406	0.553043381439	0.565210335831	0.00467137076159
8	0.974686289606	1.18296098635	1.20039537464	0.00661727796882
8	1.00033592881	1.84888335645	1.85322083065	0.0113503646236
8	1.02598556801	2.34406237175	2.33863044775	0.0080942047643
8	1.05163520721	2.55556810773	2.55370634956	0.00778923755317
8	1.07728484641	2.53891638904	2.53507142307	0.00642845102307
8	1.10293448561	2.42122401623	2.39406867338	0.00663451776983
8	1.12858412481	2.21237321368	2.20003968502	0.00505296312299
8	1.15423376401	1.98997324322	1.97897993547	0.00710665209896
8	1.17988340321	1.76284526339	1.75329778027	0.00648759822863
8	1.20553304241	1.53430027797	1.55851410433	0.00926469007507
8	1.23118268161	1.39752963824	1.39192044728	0.00422512658342
8	1.25683232081	1.24955338593	1.24683590023	0.00590852176842
8	1.28248196001	1.11786393003	1.12202643978	0.00295788869973
8	1.30813159921	1.02178316315	1.02425253076	0.00563077543369
8	1.33378123841	0.93729019699	0.940067375131	0.00309993846978
8	1.35943087761	0.884083518979	0.875698225918	0.00285096421536
8	1.38508051681	0.81195462877	0.817081254583	0.00452659068868
8	1.41073015601	0.778033554161	0.782250634231	0.00397412520882
8	1.43637979521	0.745949772552	0.741124094731	0.00296713243064
8	1.46202943441	0.716136055881	0.712227863285	0.00419835272201
8	1.48767907361	0.686121288004	0.691176851397	0.00251596274893
8	1.51332871281	0.681135981458	0.679004637258	0.00170118154725
8	1.53897835201	0.676878036247	0.67300858543	0.00357285632705
8	1.56462799121	0.673573581376	0.671437909538	0.00317577448688
8	1.59027763041	0.681365971422	0.676143879559	0.00318838969803
8	1.61592726961	0.693183021027	0.689812666965	0.00325732729771
8	1.64157690881	0.686208331345	0.703086070386	0.00349245338903
8	1.66722654801	0.710119440372	0.724144999007	0.00410188781352
8	1.69287618721	0.737427010276	0.750759320365	0.00196163720575
8	1.71852582641	0.78478597509	0.785381925608	0.00166051796892
8	1.74417546561	0.811102744995	0.817979996443	0.0041181280076
8	1.76982510481	0.849240541539	0.850655791783	0.00314685065206
8	1.79547474401	0.893293080741	0.896008165491	0.00284475937746
8	1.82112438321	0.938132008205	0.935321519641	0.00309800447194
8	1.84677402241	0.965927915	0.976880061417	0.00391579472309
8	1.87242366161	1.01828342204	1.01512117667	0.00441733408449
8	1.89807330081	1.05333832521	1.05550663901	0.00358576943962
8	1.92372294001	1.08965716851	1.09357567925	0.00509929293215
8	1.94937257921	1.12781431859	1.13029974418	0.00330885688195
8	1.97502221841	1.17103065325	1.15484433585	0.00364350969876
8	2.00067185761	1.17605227105	1.18334159504	0.00358618097629
8	2.02632149681	1.19307751165	1.19919799462	0.00303919052836
8	2.05197113601	1.21737200509	1.20962130225	0.00259222421762
8	2.07762077521	1.22298161748	1.21039115829	0.00294700767878
8	2.10327041441	1.21386580761	1.20722207869	0.00208466182739
8	2.12892005361	1.2022343355	1.18747060352	0.00251095351766
8	2.15456969281	1.19081019867	1.17454210137	0.00248642598744
8	2.18021933201	1.15433803457	1.15055830732	0.00322427332856
8	2.20586897121	1.13032660736	1.12873640627	0.00372517199183
8	2.23151861041	1.10379729534	1.09461549942	0.00482487616118
8	2.25716824961	1.07259680287	1.07021007986	0.00442576186815
8	2.28281788881	1.0467999691	1.04074601047	0.00424565521505
8	2.30846752801	1.01547771654	1.0149662592	0.00297111091636
8	2.33411716721	0.998631292477	0.992760863856	0.00246520974695
8	2.35976680641	0.961272758668	0.969062974444	0.00207893855873
8	2.38541644561	0.950610219048	0.950511889101	0.00261451703218
8	2.41106608481	0.939533484554	0.935259849716	0.0023080764603
8	2.43671572401	0.92164819145	0.9233956414	0.00167793428823
8	2.46236536321	0.904087630039	0.908602089936	0.0017247467674
8	2.48801500241	0.887945561208	0.896072545883	0.00306024307899
8	2.51366464161	0.877062183749	0.886968581707	0.00265107352101
8	2.53931428081	0.873612589821	0.883359457028	0.00295394117766
9	0	0	0	0
9	0.0256496392002	0	0	0
9	0.0512992784003	0	0	0
9	0.0769489176005	0	0	0
9	0.102598556801	0	0	0
9	0.128248196001	0	0	0
9	0.153897835201	0	0	0
9	0.179547474401	0	0	0
9	0.205197113601	0	0	0
9	0.230846752801	0	0	0
9	0.256496392002	0	0	0
9	0.282146031202	0	0	0
9	0.307795670402	0	0	0
9	0.333445309602	0	0	0
9	0.359094948802	0	0	0
9	0.384744588002	0	0	0
9	0.410394227202	0	0	0
9	0.436043866403	0	0	0
9	0.461693505603	0	0	0
9	0.487343144803	0	0	0
9	0.512992784003	0	0	0
9	0.538642423203	0	0	0
9	0.564292062403	0	0	0
9	0.589941701603	0	0	0
9	0.615591340804	0	0	0
9	0.641240980004	0	0	0
9	0.666890619204	0	0	0
9	0.692540258404	0	0	0
9	0.718189897604	0	0	0
9	0.743839536804	0	0	0
9	0.769489176005	0	0	0
9	0.795138815205	0	0	0
9	0.820788454405	0	0	0
9	0.846438093605	0	0	0
9	0.872087732805	0.00165069376501	0.00112084144538	0.000157048608241
9	0.897737372005	0.0211332847586	0.0237508865138	0.000584074547656
9	0.923387011205	0.172547262916	0.166839384165	0.00171846023119
9	0.949036650406	0.563832578635	0.565057251698	0.0041548371465
9	0.974686289606	1.19768908628	1.20009467593	0.00588885299061
9	1.00033592881	1.84328661555	1.85211702897	0.0101427423179
9	1.02598556801	2.33660907327	2.33840585058	0.00719796405445
9	1.05163520721	2.55708920377	2.55408222225	0.00693282972385
9	1.07728484641	2.56097395413	2.53794948208	0.00632571762961
9	1.10293448561	2.42480050324	2.39748332114	0.00671885485801
9	1.12858412481	2.2329888102	2.20370069893	0.00566458956437
9	1.15423376401	1.98006081225	1.97910003289	0.00631803878742
9	1.17988340321	1.76057355557	1.75410619975	0.00581690448145
9	1.20553304241	1.6009185375	1.56322570802	0.00935694759309
9	1.23118268161	1.36917625104	1.38939331437	0.00444767842474
9	1.25683232081	1.23690148527	1.24573207634	0.00535413425494
9	1.28248196001	1.11478217474	1.12122152144	0.00273656333565
9	1.30813159921	1.03009670079	1.02490188299	0.00504243700325
9	1.33378123841	0.923983503865	0.938280278324	0.00322980537763
9	1.35943087761	0.86676948578	0.874706143681	0.00270129406854
9	1.38508051681	0.823163380547	0.817757046357	0.0040737695929
9	1.41073015601	0.776651485902	0.781628506639	0.00358092000139
9	1.43637979521	0.730186176625	0.739908770497	0.00287559532572
9	1.46202943441	0.704085451465	0.71132315086	0.00382810742996
9	1.48767907361	0.681241154256	0.690072885048	0.00246675122439
9	1.51332871281	0.676726835409	0.678751548163	0.00153087197166
9	1.53897835201	0.657612793642	0.671297941898	0.00356192665735
9	1.56462799121	0.644655430276	0.668462078509	0.00398000535469
9	1.59027763041	0.664878831893	0.674892207596	0.00306999457522
9	1.61592726961	0.673069181121	0.687952279649	0.00338523763496
9	1.64157690881	0.690117827058	0.701645154461	0.00338863742211
9	1.66722654801	0.720780137094	0.723771125461	0.00366312154455
9	1.69287618721	0.758655034672	0.751636621955	0.00192990978944
9	1.71852582641	0.786127612438	0.785464779701	0.00147808159304
9	1.74417546561	0.821710869004	0.818394537838	0.00368136350766
9	1.76982510481	0.864788520266	0.852226094948	0.00316483799792
9	1.79547474401	0.896082288128	0.896016401339	0.00252868692394
9	1.82112438321	0.921925658191	0.933833090591	0.00309072436267
9	1.84677402241	0.991139397817	0.978464432128	0.00378769497591
9	1.87242366161	1.01882898514	1.01553315539	0.00394568383029
9	1.89807330081	1.07245488767	1.05738977775	0.00364847803102
9	1.92372294001	1.09053805547	1.0932381655	0.00454386083801
9	1.94937257921	1.12785162329	1.13002773075	0.00295236574209
9	1.97502221841	1.1657056388	1.15605114729	0.00343272339833
9	2.00067185761	1.19288060105	1.1844014846	0.00334067110589
9	2.02632149681	1.21183403936	1.20060199959	0.00300837517633
9	2.05197113601	1.21984818725	1.21075762281	0.00254108037273
9	2.07762077521	1.21810073462	1.21124777788	0.00274123533838
9	2.10327041441	1.22228574167	1.20889581902	0.00243390008079
9	2.12892005361	1.20185858834	1.1890692685	0.00269321356549
9	2.15456969281	1.17836595462	1.17496697396	0.0022461635646
9	2.18021933201	1.16026614012	1.15163695541	0.00304109862018
9	2.20586897121	1.1276422312	1.12861483126	0.00331324726456
9	2.23151861041	1.09561352071	1.09472639067	0.00429005294048
9	2.25716824961	1.07183026409	1.07039010033	0.00393767006668
9	2.28281788881	1.03058340012	1.03961683154	0.0039212005104
9	2.30846752801	1.00998663061	1.01441296714	0.00269201268706
9	2.33411716721	0.973428541725	0.990612828063	0.00298381796444
9	2.35976680641	0.955174542675	0.967519815358	0.00235194574376
9	2.38541644561	0.936937674128	0.949003642993	0.0027245360035
9	2.41106608481	0.922041682043	0.933791164419	0.00247518178083
9	2.43671572401	0.905849328888	0.921446051121	0.0023670960093
9	2.46236536321	0.902270710119	0.90789860329	0.00167042694174
9	2.48801500241	0.877806207668	0.894042952748	0.00332582764247
9	2.51366464161	0.872528079971	0.885364081514	0.00280027008101
9	2.53931428081	0.883723310668	0.88339988521	0.00262600213045
10	0	0	0	0
10	0.0256496392002	0	0	0
10	0.0512992784003	0	0	0
10	0.0769489176005	0	0	0
10	0.102598556801	0	0	0
10	0.128248196001	0	0	0
10	0.153897835201	0	0	0
10	0.179547474401	0	0	0
10	0.205197113601	0	0	0
10	0.230846752801	0	0	0
10	0.256496392002	0	0	0
10	0.282146031202	0	0	0
10	0.307795670402	0	0	0
10	0.333445309602	0	0	0
10	0.359094948802	0	0	0
10	0.384744588002	0	0	0
10	0.410394227202	0	0	0
10	0.436043866403	0	0	0
10	0.461693505603	0	0	0
10	0.487343144803	0	0	0
10	0.512992784003	0	0	0
10	0.538642423203	0	0	0
10	0.564292062403	0	0	0
10	0.589941701603	0	0	0
10	0.615591340804	0	0	0
10	0.641240980004	0	0	0
10	0.666890619204	0	0	0
10	0.692540258404	0	0	0
10	0.718189897604	0	0	0
10	0.743839536804	0	0	0
10	0.769489176005	0	0	0
10	0.795138815205	0	0	0
10	0.820788454405	0	0	0
10	0.846438093605	0	0	0
10	0.872087732805	0.00137557813751	0.00114631511459	0.000143394811533
10	0.897737372005	0.0248575931382	0.0238615571762	0.000536049520587
10	0.923387011205	0.155915214307	0.165746967179	0.0018617338404
10	0.949036650406	0.540158440903	0.562567370618	0.00442293127905
10	0.974686289606	1.21801386418	1.20188659476	0.00556592609532
10	1.00033592881	1.84083804141	1.85098913022	0.00919096674153
10	1.02598556801	2.35830349563	2.34039561509	0.00674758494534
10	1.05163520721	2.54758235351	2.55343223537	0.00626994244835
10	1.07728484641	2.53758689197	2.53791322307	0.00569324978403
10	1.10293448561	2.40841788535	2.39857677756	0.00613530120192
10	1.12858412481	2.18238689147	2.20156931818	0.00548447273575
10	1.15423376401	1.96144864133	1.97733489373	0.00592768184472
10	1.17988340321	1.7943967608	1.75813525585	0.00648208529428
10	1.20553304241	1.58055086338	1.56495822355	0.00858014850496
10	1.23118268161	1.40694983072	1.391148966	0.00433559390713
10	1.25683232081	1.2482614665	1.24598501536	0.00482469177909
10	1.28248196001	1.13203144394	1.12230251369	0.00266788319097
10	1.30813159921	1.03273069291	1.02568476398	0.00459856617195
10	1.33378123841	0.935785273363	0.938030777828	0.00291644579882
10	1.35943087761	0.87439681318	0.874675210631	0.00243134176546
10	1.38508051681	0.810117128478	0.816993054569	0.00373734532127
10	1.41073015601	0.774489789395	0.780914634914	0.00329321603915
10	1.43637979521	0.735315329312	0.739449426379	0.00262446691423
10	1.46202943441	0.711844059788	0.711375241753	0.00344565108161
10	1.48767907361	0.690905732856	0.690156169829	0.00222148162669
10	1.51332871281	0.685205962425	0.67939698959	0.0015077221415
10	1.53897835201	0.667961151512	0.670964262859	0.0032213254967
10	1.56462799121	0.671322467818	0.66874811744	0.00359226877724
10	1.59027763041	0.672451738355	0.674648160672	0.00277267831374
10	1.61592726961	0.681190516211	0.687276103305	0.00311351223182
10	1.64157690881	0.689409394949	0.70042157851	0.00326321065764
10	1.66722654801	0.714648328239	0.722858845739	0.00340851595521
10	1.69287618721	0.747448612491	0.751217821008	0.0017817805038
10	1.71852582641	0.774172665356	0.784335568266	0.00170799122535
10	1.74417546561	0.81638354357	0.818193438411	0.00331871527473
10	1.76982510481	0.852539967257	0.852257482178	0.00284850983506
10	1.79547474401	0.884156779379	0.894830439143	0.00253874069576
10	1.82112438321	0.924637392647	0.932913520796	0.00291524187432
10	1.84677402241	0.95388289026	0.976006277942	0.00413025940135
10	1.87242366161	1.01163563465	1.01514340332	0.00357031328195
10	1.89807330081	1.05003422799	1.05665422277	0.00335695762307
10	1.92372294001	1.10608762527	1.09452311148	0.0042672920352
10	1.94937257921	1.14088961566	1.13111391924	0.00284994040471
10	1.97502221841	1.15503743577	1.15594977613	0.00309094748292
10	2.00067185761	1.198460521	1.18580738824	0.00328916039827
10	2.02632149681	1.2182416561	1.20236596524	0.00318295106916
10	2.05197113601	1.23079729204	1.21276158973	0.00297397672307
10	2.07762077521	1.22431276735	1.21255427683	0.00276095747944
10	2.10327041441	1.21750642672	1.20975687979	0.00233786600615
10	2.12892005361	1.20776094991	1.19093843664	0.0030032755491
10	2.15456969281	1.18334976735	1.17580525329	0.00217234761031
10	2.18021933201	1.15214299297	1.15168755916	0.00273740974798
10	2.20586897121	1.12883852927	1.12863720106	0.0029819980534
10	2.23151861041	1.08832796526	1.09408654813	0.00390847125591
10	2.25716824961	1.06912647277	1.07026373758	0.00354593001767
10	2.28281788881	1.03839188249	1.03949433664	0.00353099325831
10	2.30846752801	1.00418900347	1.01339057077	0.00260974712679
10	2.33411716721	0.978852413589	0.989436786616	0.00290797757037
10	2.35976680641	0.968608478743	0.967628681697	0.00211926926198
10	2.38541644561	0.942544041862	0.94835768288	0.00252749799858
10	2.41106608481	0.925830961413	0.932995144118	0.00235218379683
10	2.43671572401	0.918009665526	0.921102412561	0.00215518559817
10	2.46236536321	0.912785401526	0.908387283113	0.0015732423109
10	2.48801500241	0.892412388532	0.893879896326	0.00299723932277
10	2.51366464161	0.886074136917	0.885435087054	0.00252114314441
10	2.53931428081	0.878585256235	0.882918422312	0.00240713408282
11	0	0	0	0
11	0.0256496392002	0	0	0
11	0.0512992784003	0	0	0
11	0.0769489176005	0	0	0
11	0.102598556801	0	0	0
11	0.128248196001	0	0	0
11	0.153897835201	0	0	0
11	0.179547474401	0	0	0
11	0.205197113601	0	0	0
11	0.230846752801	0	0	0
11	0.256496392002	0	0	0
11	0.282146031202	0	0	0
11	0.307795670402	0	0	0
11	0.333445309602	0	0	0
11	0.359094948802	0	0	0
11	0.384744588002	0	0	0
11	0.410394227202	0	0	0
11	0.436043866403	0	0	0
11	0.461693505603	0	0	0
11	0.487343144803	0	0	0
11	0.512992784003	0	0	0
11	0.538642423203	0	0	0
11	0.564292062403	0	0	0
11	0.589941701603	0	0	0
11	0.615591340804	0	0	0
11	0.641240980004	0	0	0
11	0.666890619204	0	0	0
11	0.692540258404	0	0	0
11	0.718189897604	0	0	0
11	0.743839536804	0	0	0
11	0.769489176005	0	0	0
11	0.795138815205	0	0	0
11	0.820788454405	0	0	0
11	0.846438093605	0	0	0
11	0.872087732805	0.000183410418334	0.00105877832402	0.000154788660635
11	0.897737372005	0.0230387448598	0.0237867560565	0.000492509023097
11	0.923387011205	0.15992984673	0.165218138048	0.0017659963517
11	0.949036650406	0.569033126924	0.563155166646	0.00405971701233
11	0.974686289606	1.19201876781	1.20098951958	0.00513171564115
11	1.00033592881	1.85245127878	1.85112205281	0.008356385439
11	1.02598556801	2.3461918856	2.34092254877	0.00615470844497
11	1.05163520721	2.55385687468	2.55347083895	0.00570006651875
11	1.07728484641	2.57849914283	2.54160285214	0.006258071947
11	1.10293448561	2.42474281796	2.40095550851	0.00602104558621
11	1.12858412481	2.24054051267	2.20511215404	0.00602243023177
11	1.15423376401	1.9981457262	1.97922678759	0.0056826981625
11	1.17988340321	1.76249188662	1.7585313132	0.00590489202723
11	1.20553304241	1.58190548304	1.56649888351	0.00793725105776
11	1.23118268161	1.3858820111	1.39067015192	0.00396780053832
11	1.25683232081	1.24407386558	1.24581127447	0.00438921059277
11	1.28248196001	1.12368502336	1.12242819639	0.00242830697663
11	1.30813159921	1.01108257015	1.02435729181	0.00436791565042
11	1.33378123841	0.919349923223	0.936332518318	0.00310666439004
11	1.35943087761	0.863566008272	0.873665283143	0.00241095496712
11	1.38508051681	0.808316378193	0.816204265807	0.00347983049502
11	1.41073015601	0.744438664188	0.777598637576	0.0043542222376
11	1.43637979521	0.719243984224	0.737612568001	0.00295968506163
11	1.46202943441	0.678135382776	0.708353436391	0.00425595836905
11	1.48767907361	0.666664545608	0.688020567627	0.00286786946274
11	1.51332871281	0.668062709259	0.678366600469	0.00168638151684
11	1.53897835201	0.65546558394	0.669555292049	0.00322191059997
11	1.56462799121	0.668090099631	0.668688297639	0.00326619692125
11	1.59027763041	0.667561485105	0.674003917438	0.00259438352517
11	1.61592726961	0.672473616548	0.685930422691	0.00310769510998
11	1.64157690881	0.69964230319	0.700350735299	0.00296732403486
11	1.66722654801	0.725614343245	0.723109345512	0.00310784214249
11	1.69287618721	0.752360678601	0.751321717153	0.00162282673836
11	1.71852582641	0.78262977221	0.784180495897	0.00155974309429
11	1.74417546561	0.822874040496	0.818618947692	0.0030441700191
11	1.76982510481	0.86433654414	0.85335557872	0.00279320395692
11	1.79547474401	0.913388551284	0.896517540247	0.00281321343098
11	1.82112438321	0.957882830028	0.935183457999	0.0034216751469
11	1.84677402241	0.991222466953	0.977389567852	0.00397968838803
11	1.87242366161	1.03990388561	1.01739435625	0.0038911432559
11	1.89807330081	1.0744216122	1.05826943999	0.00341834910378
11	1.92372294001	1.09865753527	1.09489896819	0.00389587368123
11	1.94937257921	1.14579518361	1.13244857963	0.00288650472442
11	1.97502221841	1.16261603996	1.15655580012	0.00286874694316
11	2.00067185761	1.19665368978	1.18679341565	0.00313445939428
11	2.02632149681	1.21287031161	1.20332090582	0.00303346080191
11	2.05197113601	1.23347561152	1.21464468262	0.00324549022955
11	2.07762077521	1.22321169276	1.21352313282	0.00267455663028
11	2.10327041441	1.21362523807	1.21010854872	0.00215161972544
11	2.12892005361	1.20231261616	1.19197245296	0.00290280183078
11	2.15456969281	1.17130300529	1.17539595802	0.00201305019631
11	2.18021933201	1.15156063499	1.1516760206	0.00248857863455
11	2.20586897121	1.12921784329	1.12868998672	0.00271137447209
11	2.23151861041	1.08924044187	1.09364599302	0.0035778987841
11	2.25716824961	1.0566249222	1.06902384527	0.00343351083074
11	2.28281788881	1.02179374718	1.03788519214	0.00355780994027
11	2.30846752801	0.993766602508	1.01160657366	0.00291925643507
11	2.33411716721	0.965631725921	0.987272690189	0.00335354484076
11	2.35976680641	0.945848609849	0.965648675165	0.00269737715528
11	2.38541644561	0.929258573556	0.946621400214	0.00283198837633
11	2.41106608481	0.911260571061	0.93101927384	0.00284985693489
11	2.43671572401	0.905238918289	0.919660276718	0.00239361346034
11	2.46236536321	0.89330333116	0.907016014754	0.00193777284909
11	2.48801500241	0.88857711777	0.893397825548	0.00276325879841
11	2.51366464161	0.877860996078	0.884746533329	0.00238412095662
11	2.53931428081	0.882488413465	0.882879330599	0.00218862111218
12	0	0	0	0
12	0.0256496392002	0	0	0
12	0.0512992784003	0	0	0
12	0.0769489176005	0	0	0
12	0.102598556801	0	0	0
12	0.128248196001	0	0	0
12	0.153897835201	0	0	0
12	0.179547474401	0	0	0
12	0.205197113601	0	0	0
12	0.230846752801	0	0	0
12	0.256496392002	0	0	0
12	0.282146031202	0	0	0
12	0.307795670402	0	0	0
12	0.333445309602	0	0	0
12	0.359094948802	0	0	0
12	0.384744588002	0	0	0
12	0.410394227202	0	0	0
12	0.436043866403	0	0	0
12	0.461693505603	0	0	0
12	0.487343144803	0	0	0
12	0.512992784003	0	0	0
12	0.538642423203	0	0	0
12	0.564292062403	0	0	0
12	0.589941701603	0	0	0
12	0.615591340804	0	0	0
12	0.641240980004	0	0	0
12	0.666890619204	0	0	0
12	0.692540258404	0	0	0
12	0.718189897604	0	0	0
12	0.743839536804	0	0	0
12	0.769489176005	0	0	0
12	0.795138815205	0	0	0
12	0.820788454405	0	0	0
12	0.846438093605	0.000291784349809	2.43153624841e-05	2.32801871772e-05
12	0.872087732805	0.00183410418334	0.0011233888123	0.000154787916522
12	0.897737372005	0.0246843694926	0.0238615571762	0.00045711162225
12	0.923387011205	0.164845723166	0.165187103474	0.00161910265769
12	0.949036650406	0.554440543666	0.562428948064	0.00378580453543
12	0.974686289606	1.19061959831	1.20012535948	0.00477627902509
12	1.00033592881	1.85629903815	1.85155346826	0.00767114825351
12	1.02598556801	2.32083736131	2.33924878315	0.00586499124999
12	1.05163520721	2.54644153148	2.55288506333	0.00525507382003
12	1.07728484641	2.51969911316	2.53977754056	0.005996857879
12	1.10293448561	2.41545548881	2.4021638402	0.00563923533718
12	1.12858412481	2.23833563604	2.20788077754	0.00612397724813
12	1.15423376401	1.97115016952	1.97855373609	0.00524884633274
12	1.17988340321	1.78672343663	1.76088065682	0.00586157483258
12	1.20553304241	1.55234574697	1.56531945546	0.00736292002414
12	1.23118268161	1.41943274587	1.39306703475	0.00430059961723
12	1.25683232081	1.24679135128	1.24589294754	0.00402420284516
12	1.28248196001	1.11229964964	1.12158415083	0.00236809838122
12	1.30813159921	1.01120603853	1.02326135404	0.00413912870793
12	1.33378123841	0.937250593737	0.936409024603	0.0028487175763
12	1.35943087761	0.859065885106	0.87244866664	0.00249821842179
12	1.38508051681	0.810117128478	0.815697004363	0.00322660503122
12	1.41073015601	0.764850749235	0.776536313547	0.00411892285988
12	1.43637979521	0.737093435577	0.737569306966	0.00271336078971
12	1.46202943441	0.702071514836	0.707829942928	0.00393335890872
12	1.48767907361	0.683888547073	0.687676232581	0.00264947125262
12	1.51332871281	0.668710206231	0.677561900949	0.00172720320438
12	1.53897835201	0.668915466935	0.669501973289	0.00295385919781
12	1.56462799121	0.667628332747	0.668599967232	0.0029952080017
12	1.59027763041	0.683238239809	0.674773444303	0.00248969624078
12	1.61592726961	0.68048666717	0.685476776397	0.00288164084616
12	1.64157690881	0.705991953945	0.700820836853	0.00275703373895
12	1.66722654801	0.735104653215	0.724108954487	0.00300531636153
12	1.69287618721	0.74712772375	0.750972217703	0.00152476169275
12	1.71852582641	0.773909129448	0.783324548693	0.00164797401349
12	1.74417546561	0.810684003257	0.817957702322	0.00286140493566
12	1.76982510481	0.86153429216	0.854037138174	0.00264228129523
12	1.79547474401	0.896872929592	0.896547156026	0.00257893486203
12	1.82112438321	0.940480754584	0.935624899381	0.0031648833392
12	1.84677402241	0.975730073064	0.977251276619	0.00365044965736
12	1.87242366161	1.02905324175	1.01836593004	0.00368618162853
12	1.89807330081	1.05095858853	1.05766020237	0.00318731522933
12	1.92372294001	1.10627912244	1.09584731437	0.00368483493664
12	1.94937257921	1.12936246361	1.1321914033	0.002657394673
12	1.97502221841	1.16494232614	1.15725467729	0.0027134790336
12	2.00067185761	1.20574098798	1.18837238001	0.003246684286
12	2.02632149681	1.20893247706	1.20378853676	0.00281648619283
12	2.05197113601	1.22011770367	1.21510076771	0.00300690850676
12	2.07762077521	1.23340074115	1.21517960018	0.00291992239333
12	2.10327041441	1.21182898547	1.21025191845	0.0019770889175
12	2.12892005361	1.18509087154	1.19139898785	0.00271695690001
12	2.15456969281	1.16743519971	1.1747325615	0.00195154752645
12	2.18021933201	1.14496057793	1.15111640038	0.00234327484942
12	2.20586897121	1.12031855278	1.12799236722	0.00257360880103
12	2.23151861041	1.0854051886	1.09295925931	0.00334499641261
12	2.25716824961	1.06267360999	1.068494659	0.00318790424706
12	2.28281788881	1.02635891576	1.03692466911	0.00338850507169
12	2.30846752801	1.01591753653	1.01196582056	0.00269799917505
12	2.33411716721	0.989374203479	0.987447816297	0.00307865202188
12	2.35976680641	0.965368004136	0.965625285913	0.00247269712898
12	2.38541644561	0.946664534852	0.946624994767	0.0025959916262
12	2.41106608481	0.931551550913	0.931063630263	0.00261271402559
12	2.43671572401	0.90987085754	0.918844491787	0.00232901728843
12	2.46236536321	0.901133669911	0.90652581935	0.00183724786597
12	2.48801500241	0.891310035259	0.893223843024	0.00253845853665
12	2.51366464161	0.888144298444	0.885029680422	0.00220219382644
12	2.53931428081	0.882543542804	0.882851348283	0.00200641489356
13	0	0	0	0
13	0.0256496392002	0	0	0
13	0.0512992784003	0	0	0
13	0.0769489176005	0	0	0
13	0.102598556801	0	0	0
13	0.128248196001	0	0	0
13	0.153897835201	0	0	0
13	0.179547474401	0	0	0
13	0.205197113601	0	0	0
13	0.230846752801	0	0	0
13	0.256496392002	0	0	0
13	0.282146031202	0	0	0
13	0.307795670402	0	0	0
13	0.333445309602	0	0	0
13	0.359094948802	0	0	0
13	0.384744588002	0	0	0
13	0.410394227202	0	0	0
13	0.436043866403	0	0	0
13	0.461693505603	0	0	0
13	0.487343144803	0	0	0
13	0.512992784003	0	0	0
13	0.538642423203	0	0	0
13	0.564292062403	0	0	0
13	0.589941701603	0	0	0
13	0.615591340804	0	0	0
13	0.641240980004	0	0	0
13	0.666890619204	0	0	0
13	0.692540258404	0	0	0
13	0.718189897604	0	0	0
13	0.743839536804	0	0	0
13	0.769489176005	0	0	0
13	0.795138815205	0	0	0
13	0.820788454405	0	0	0
13	0.846438093605	0	2.24449499853e-05	2.15644104204e-05
13	0.872087732805	0.00110046251	0.00112162525058	0.000142891199848
13	0.897737372005	0.0226922975687	0.0237716141295	0.000430707071934
13	0.923387011205	0.149524574939	0.163982293587	0.00189039847837
13	0.949036650406	0.54427230746	0.561032283403	0.00374336364336
13	0.974686289606	1.15784957597	1.19687337613	0.00540370839026
13	1.00033592881	1.7879488399	1.84666080454	0.0084993041577
13	1.02598556801	2.28410324738	2.33500681886	0.00677640980434
13	1.05163520721	2.53477979516	2.55149235039	0.00503200444551
13	1.07728484641	2.55390344696	2.54086414874	0.00563314564341
13	1.10293448561	2.43524153787	2.40470827848	0.00575089926103
13	1.12858412481	2.24913953154	2.21105452785	0.00642286310772
13	1.15423376401	2.01976326183	1.98172369961	0.00572281232105
13	1.17988340321	1.78318966892	1.76259673467	0.00565631478811
13	1.20553304241	1.56695628755	1.56544536562	0.00679761804351
13	1.23118268161	1.42653269389	1.39564131622	0.00467721591529
13	1.25683232081	1.26189344397	1.24712375496	0.00389832947535
13	1.28248196001	1.15835477039	1.12441266002	0.00348760152191
13	1.30813159921	1.04561256064	1.02498067762	0.00416253445358
13	1.33378123841	0.952616656036	0.937655765483	0.0028895529265
13	1.35943087761	0.875998551935	0.87272173474	0.00232092366575
13	1.38508051681	0.838230882937	0.817430379638	0.00341238359106
13	1.41073015601	0.769103266953	0.775964540732	0.00384156329386
13	1.43637979521	0.741230952079	0.737850971974	0.00251921766673
13	1.46202943441	0.715937963754	0.708453636838	0.0036799087093
13	1.48767907361	0.689215229008	0.687794616921	0.00244830918251
13	1.51332871281	0.671577692822	0.677101577247	0.00165454605047
13	1.53897835201	0.668020796226	0.669388036592	0.00272883576643
13	1.56462799121	0.65239002558	0.667353048643	0.00301319853151
13	1.59027763041	0.659625302687	0.67360820264	0.00255636059044
13	1.61592726961	0.681244658445	0.685151228863	0.00267830207401
13	1.64157690881	0.678730436862	0.699121575315	0.00302360168682
13	1.66722654801	0.700247482548	0.722273456646	0.00328720810049
13	1.69287618721	0.72955289425	0.749324577437	0.0021182238583
13	1.71852582641	0.759366738909	0.781481640248	0.00233433649575
13	1.74417546561	0.794492656085	0.816152698766	0.00315972604296
13	1.76982510481	0.837511761075	0.85276595532	0.00272772200085
13	1.79547474401	0.875437761012	0.894923356409	0.00284621564751
13	1.82112438321	0.923847359774	0.934718934796	0.00304834271467
13	1.84677402241	0.972448842186	0.976881858586	0.00338828645276
13	1.87242366161	1.02214277582	1.01865645664	0.00341405893335
13	1.89807330081	1.05837314001	1.05771504373	0.00294260890068
13	1.92372294001	1.09737450426	1.09596479052	0.00340325820742
13	1.94937257921	1.13376441812	1.13231240444	0.00245573297071
13	1.97502221841	1.16139837454	1.15757342323	0.00252340159652
13	2.00067185761	1.18944407892	1.18845481839	0.00299798577773
13	2.02632149681	1.19261118914	1.20292874079	0.00272791450535
13	2.05197113601	1.21562014832	1.21514072006	0.00277587326027
13	2.07762077521	1.22865132988	1.21621588708	0.00287332483834
13	2.10327041441	1.23275853584	1.21198319671	0.00246929237084
13	2.12892005361	1.2263134657	1.19408471691	0.00359835352428
13	2.15456969281	1.19918789614	1.17661374108	0.00255181563364
13	2.18021933201	1.1771993182	1.15312277867	0.00289733741533
13	2.20586897121	1.14528033322	1.12932221076	0.00269742595258
13	2.23151861041	1.10907255075	1.09419874327	0.00330937536682
13	2.25716824961	1.06954458483	1.06857542252	0.00294370371195
13	2.28281788881	1.04050412467	1.03720001184	0.00313901778484
13	2.30846752801	1.01386504324	1.01211191461	0.00249441306689
13	2.33411716721	0.984067674997	0.987187805427	0.00285279125524
13	2.35976680641	0.964168773376	0.965513246487	0.00228502653532
13	2.38541644561	0.937924095177	0.945955694799	0.00248107986751
13	2.41106608481	0.927566695834	0.930794635307	0.0024255438384
13	2.43671572401	0.909356197623	0.918114623005	0.00226133543925
13	2.46236536321	0.901930770263	0.906172354036	0.00172958825601
13	2.48801500241	0.891482277958	0.89308987648	0.00234672485903
13	2.51366464161	0.883655198177	0.884923951019	0.00203533080303
13	2.53931428081	0.878960135743	0.882552024241	0.00187426941346
14	0	0	0	0
14	0.0256496392002	0	0	0
14	0.0512992784003	0	0	0
14	0.0769489176005	0	0	0
14	0.102598556801	0	0	0
14	0.128248196001	0	0	0
14	0.153897835201	0	0	0
14	0.179547474401	0	0	0
14	0.205197113601	0	0	0
14	0.230846752801	0	0	0
14	0.256496392002	0	0	0
14	0.282146031202	0	0	0
14	0.307795670402	0	0	0
14	0.333445309602	0	0	0
14	0.359094948802	0	0	0
14	0.384744588002	0	0	0
14	0.410394227202	0	0	0
14	0.436043866403	0	0	0
14	0.461693505603	0	0	0
14	0.487343144803	0	0	0
14	0.512992784003	0	0	0
14	0.538642423203	0	0	0
14	0.564292062403	0	0	0
14	0.589941701603	0	0	0
14	0.615591340804	0	0	0
14	0.641240980004	0	0	0
14	0.666890619204	0	0	0
14	0.692540258404	0	0	0
14	0.718189897604	0	0	0
14	0.743839536804	0	0	0
14	0.769489176005	0	0	0
14	0.795138815205	0	0	0
14	0.820788454405	0	0	0
14	0.846438093605	0	2.08417392721e-05	2.00836024915e-05
14	0.872087732805	0.00247604064751	0.00121836920751	0.000162160694686
14	0.897737372005	0.0252906522521	0.0238801168525	0.000413383299006
14	0.923387011205	0.170498981068	0.164447771264	0.00181177177624
14	0.949036650406	0.57586369781	0.562091670146	0.0036227857491
14	0.974686289606	1.23185827812	1.1993722977	0.00556562413704
14	1.00033592881	1.86756247921	1.8481537813	0.00802226659417
14	1.02598556801	2.34892032522	2.33600064074	0.0063648398246
14	1.05163520721	2.56634253803	2.55255307808	0.00478306786348
14	1.07728484641	2.55426603708	2.54182142648	0.00531149361391
14	1.10293448561	2.39232369383	2.40382366529	0.00540772912489
14	1.12858412481	2.19567127319	2.20995572395	0.00605734802481
14	1.15423376401	1.95158893606	1.9795712165	0.00570449499203
14	1.17988340321	1.73306064983	1.76048701432	0.00563201309682
14	1.20553304241	1.55021705893	1.56435762943	0.00639851035529
14	1.23118268161	1.37047558794	1.3938437642	0.00467580622089
14	1.25683232081	1.22857083237	1.2457985462	0.00383852173588
14	1.28248196001	1.11546700925	1.12377368497	0.0032965018562
14	1.30813159921	1.03771058427	1.02588995667	0.00396327954788
14	1.33378123841	0.925488427492	0.936786669912	0.00281081889227
14	1.35943087761	0.877295197593	0.873048410658	0.0021780123032
14	1.38508051681	0.80886762828	0.816818754541	0.00322298873904
14	1.41073015601	0.782286071879	0.776416078671	0.00359360485565
14	1.43637979521	0.743761334071	0.738273140696	0.00237438343593
14	1.46202943441	0.712834520425	0.708766557094	0.00343033684025
14	1.48767907361	0.70009186697	0.688672991925	0.00242588462605
14	1.51332871281	0.683386804265	0.677550522034	0.00159611084049
14	1.53897835201	0.679502403661	0.670110491383	0.00262781364509
14	1.56462799121	0.675997857516	0.667970534991	0.00286054031927
14	1.59027763041	0.688994766492	0.674707242915	0.00259930075367
14	1.61592726961	0.688120722154	0.685363335526	0.00249537948428
14	1.64157690881	0.694604563748	0.698798931632	0.00282479208046
14	1.66722654801	0.72607232067	0.722544804076	0.00306358643794
14	1.69287618721	0.749620782429	0.749345734937	0.00196702781525
14	1.71852582641	0.788834844944	0.782006869155	0.00222590264375
14	1.74417546561	0.825851759517	0.816845488819	0.00300902229298
14	1.76982510481	0.861828076642	0.8534132497	0.00260855652348
14	1.79547474401	0.893929986365	0.894852401406	0.00264379882164
14	1.82112438321	0.936060840944	0.934814785235	0.0028321104831
14	1.84677402241	0.977079946526	0.976896007725	0.00314629553439
14	1.87242366161	1.00159323241	1.01743765491	0.00338075802365
14	1.89807330081	1.05438068921	1.05747687555	0.00274204401075
14	1.92372294001	1.07642471441	1.0945690708	0.00343446534386
14	1.94937257921	1.1272920528	1.13195380789	0.00230635676274
14	1.97502221841	1.15396516324	1.15731569037	0.00235628390448
14	2.00067185761	1.18512185522	1.18821674959	0.0027932804148
14	2.02632149681	1.21043507182	1.20346490729	0.00258521781743
14	2.05197113601	1.21004452726	1.21477670629	0.00260135455789
14	2.07762077521	1.22099310965	1.21655711727	0.00268827289197
14	2.10327041441	1.21914229962	1.21249456121	0.00234526580967
14	2.12892005361	1.20207777418	1.19465564957	0.00338631888333
14	2.15456969281	1.18137764513	1.17695401994	0.0023921232112
14	2.18021933201	1.15012713843	1.15290880437	0.00269827439473
14	2.20586897121	1.12098964682	1.12872702762	0.0025695769766
14	2.23151861041	1.09301866534	1.09411445199	0.00307406469306
14	2.25716824961	1.06456905133	1.06828925315	0.00274731379038
14	2.28281788881	1.03146917909	1.03679066665	0.00294137156817
14	2.30846752801	1.0067746119	1.01173067871	0.00234519302707
14	2.33411716721	0.983454881781	0.986921168024	0.00266145197324
14	2.35976680641	0.965406277458	0.965505605842	0.00212182312853
14	2.38541644561	0.951908798657	0.946380916503	0.00234001465392
14	2.41106608481	0.934008470763	0.931024194982	0.00226312769334
14	2.43671572401	0.918679920302	0.918155001383	0.00210017194628
14	2.46236536321	0.909151561686	0.906385154582	0.00161908431332
14	2.48801500241	0.898050466208	0.893444204318	0.00220568912334
14	2.51366464161	0.89610991997	0.885722948801	0.00204076180847
14	2.53931428081	0.899721844963	0.883778440007	0.00210371768928
15	0	0	0	0
15	0.0256496392002	0	0	0
15	0.0512992784003	0	0	0
15	0.0769489176005	0	0	0
15	0.102598556801	0	0	0
15	0.128248196001	0	0	0
15	0.153897835201	0	0	0
15	0.179547474401	0	0	0
15	0.205197113601	0	0	0
15	0.230846752801	0	0	0
15	0.256496392002	0	0	0
15	0.282146031202	0	0	0
15	0.307795670402	0	0	0
15	0.333445309602	0	0	0
15	0.359094948802	0	0	0
15	0.384744588002	0	0	0
15	0.410394227202	0	0	0
15	0.436043866403	0	0	0
15	0.461693505603	0	0	0
15	0.487343144803	0	0	0
15	0.512992784003	0	0	0
15	0.538642423203	0	0	0
15	0.564292062403	0	0	0
15	0.589941701603	0	0	0
15	0.615591340804	0	0	0
15	0.641240980004	0	0	0
15	0.666890619204	0	0	0
15	0.692540258404	0	0	0
15	0.718189897604	0	0	0
15	0.743839536804	0	0	0
15	0.769489176005	0	0	0
15	0.795138815205	0	0	0
15	0.820788454405	0	0	0
15	0.846438093605	0	1.94522899873e-05	1.87926975188e-05
15	0.872087732805	0.00220092502001	0.00128387292834	0.000164047265271
15	0.897737372005	0.0203537783536	0.0236450276193	0.000447708567744
15	0.923387011205	0.165910829727	0.164545308495	0.00169361042793
15	0.949036650406	0.57314699348	0.562828691702	0.00345542354559
15	0.974686289606	1.23760223709	1.20192096033	0.00574859316772
15	1.00033592881	1.87959547214	1.85024989402	0.00775645961943
15	1.02598556801	2.33694180981	2.33606338535	0.00594082642981
15	1.05163520721	2.55258929465	2.55255549252	0.00446419728198
15	1.07728484641	2.52749480055	2.54086631808	0.00504253629058
15	1.10293448561	2.40680269767	2.40402226745	0.00505085942617
15	1.12858412481	2.21386150541	2.21021610938	0.00565911861162
15	1.15423376401	1.98575518749	1.97998348123	0.00533907176055
15	1.17988340321	1.76915556287	1.76106491756	0.00528611185407
15	1.20553304241	1.5754226604	1.56509529816	0.00601431470087
15	1.23118268161	1.38815585066	1.39346456997	0.00437943458767
15	1.25683232081	1.23119922019	1.2448252578	0.00370395811847
15	1.28248196001	1.12287178238	1.12371355813	0.00307728336135
15	1.30813159921	1.01853182912	1.02539941483	0.00372929495122
15	1.33378123841	0.945488070433	0.93736676328	0.00268262268349
15	1.35943087761	0.867761038342	0.87269591917	0.00206113789552
15	1.38508051681	0.792624125704	0.815205779285	0.0033877789405
15	1.41073015601	0.772115467003	0.776129371227	0.00336544890954
15	1.43637979521	0.718491708497	0.736954378549	0.00255621822161
15	1.46202943441	0.717357624	0.709339294888	0.0032491088187
15	1.48767907361	0.699868592877	0.689419365322	0.0023762051547
15	1.51332871281	0.691434266633	0.678476105007	0.00173747133022
15	1.53897835201	0.684930072631	0.671098463466	0.0026318037315
15	1.56462799121	0.680557805494	0.668809686358	0.00279020841391
15	1.59027763041	0.673932786482	0.674655612486	0.00242652675533
15	1.61592726961	0.692208460816	0.685819677212	0.00237038028196
15	1.64157690881	0.699117538665	0.698820172101	0.00263655246399
15	1.66722654801	0.711773247739	0.72182670032	0.00294230556306
15	1.69287618721	0.745992271282	0.749122170693	0.00184855366334
15	1.71852582641	0.769644639307	0.781182720499	0.00222485590772
15	1.74417546561	0.802402222232	0.81588260438	0.00295847327319
15	1.76982510481	0.84058519873	0.852558046302	0.00257102094516
15	1.79547474401	0.890635646932	0.894571284441	0.00248244625776
15	1.82112438321	0.924637392647	0.934136292396	0.00272336441471
15	1.84677402241	0.974878614419	0.976761514838	0.00293941563829
15	1.87242366161	1.01395932933	1.01720576654	0.00316331684521
15	1.89807330081	1.05805846409	1.05751564812	0.00255951518456
15	1.92372294001	1.09191683506	1.09439225508	0.00321004924037
15	1.94937257921	1.13706588399	1.13229461297	0.00217763406571
15	1.97502221841	1.16050784312	1.15752850056	0.00220878748926
15	2.00067185761	1.19160519078	1.18844264567	0.00261618002382
15	2.02632149681	1.2103314446	1.20392267645	0.00245306418241
15	2.05197113601	1.21789419316	1.21498453875	0.00243621905094
15	2.07762077521	1.21946475239	1.21675095961	0.0025160336537
15	2.10327041441	1.21870927444	1.21290887542	0.0022252101756
15	2.12892005361	1.19883695497	1.19493440327	0.00317201671153
15	2.15456969281	1.19452512656	1.17812542705	0.00250308480454
15	2.18021933201	1.15883264356	1.15330372698	0.0025471261503
15	2.20586897121	1.13247119048	1.12897663848	0.00241036505874
15	2.23151861041	1.10311293788	1.09471435105	0.00292707652215
15	2.25716824961	1.06625543663	1.06815366538	0.00256750317909
15	2.28281788881	1.04981161763	1.03765873005	0.00287051588632
15	2.30846752801	1.01466471595	1.01192628119	0.00219698886367
15	2.33411716721	0.99152549881	0.98722812341	0.00250166038427
15	2.35976680641	0.969539796248	0.965774551869	0.00199734029478
15	2.38541644561	0.940646117818	0.945998596591	0.002215025889
15	2.41106608481	0.919181387293	0.93023467447	0.00224575090914
15	2.43671572401	0.915831337506	0.918000090458	0.00196586537898
15	2.46236536321	0.907416696214	0.906453924025	0.00151260512035
15	2.48801500241	0.891229655333	0.893296567719	0.00206357825413
15	2.51366464161	0.886130391306	0.885750111635	0.00190489178327
15	2.53931428081	0.885079492417	0.883865176834	0.00196525712085
16	0	0	0	0
16	0.0256496392002	0	0	0
16	0.0512992784003	0	0	0
16	0.0769489176005	0	0	0
16	0.102598556801	0	0	0
16	0.128248196001	0	0	0
16	0.153897835201	0	0	0
16	0.179547474401	0	0	0
16	0.205197113601	0	0	0
16	0.230846752801	0	0	0
16	0.256496392002	0	0	0
16	0.282146031202	0	0	0
16	0.307795670402	0	0	0
16	0.333445309602	0	0	0
16	0.359094948802	0	0	0
16	0.384744588002	0	0	0
16	0.410394227202	0	0	0
16	0.436043866403	0	0	0
16	0.461693505603	0	0	0
16	0.487343144803	0	0	0
16	0.512992784003	0	0	0
16	0.538642423203	0	0	0
16	0.564292062403	0	0	0
16	0.589941701603	0	0	0
16	0.615591340804	0	0	0
16	0.641240980004	0	0	0
16	0.666890619204	0	0	0
16	0.692540258404	0	0	0
16	0.718189897604	0	0	0
16	0.743839536804	0	0	0
16	0.769489176005	0	0	0
16	0.795138815205	0	0	0
16	0.820788454405	0	0	0
16	0.846438093605	0	1.82365218631e-05	1.76574363671e-05
16	0.872087732805	0.00100875730084	0.00126667820162	0.000154692825036
16	0.897737372005	0.0198341074169	0.0234068451066	0.000478911055671
16	0.923387011205	0.163616754057	0.164487273843	0.00158875379667
16	0.949036650406	0.546212810553	0.56179019913	0.00339192585073
16	0.974686289606	1.17574421738	1.20028491389	0.00561729273054
16	1.00033592881	1.84902327498	1.85017323033	0.00727205974959
16	1.02598556801	2.33933751289	2.33626801832	0.00557304797569
16	1.05163520721	2.5432725814	2.55197531057	0.00422271784251
16	1.07728484641	2.55607898763	2.54181710993	0.0048161816222
16	1.10293448561	2.40530288054	2.40410230577	0.00473581483217
16	1.12858412481	2.19760054024	2.20942763631	0.00536007040922
16	1.15423376401	1.97800451008	1.97985979553	0.00500681223077
16	1.17988340321	1.76476359443	1.76129608486	0.00496078188438
16	1.20553304241	1.58611447983	1.56640899701	0.0057801143886
16	1.23118268161	1.3939100569	1.3934924129	0.00410580843287
16	1.25683232081	1.22358135042	1.24349751359	0.00370279714677
16	1.28248196001	1.11148640866	1.12294936129	0.00297833035394
16	1.30813159921	1.01235841008	1.02458435204	0.0035841762448
16	1.33378123841	0.938319881577	0.937426333173	0.00251562007863
16	1.35943087761	0.890490473995	0.873808078847	0.00221211235619
16	1.38508051681	0.832240631987	0.816270457579	0.0033391527698
16	1.41073015601	0.783420076603	0.776585040313	0.00318580694463
16	1.43637979521	0.744103277584	0.737401184739	0.00243519056804
16	1.46202943441	0.710094245996	0.709386479332	0.00304638211095
16	1.48767907361	0.698433259422	0.689982733703	0.00229350399294
16	1.51332871281	0.694918417006	0.679503749507	0.00190874249205
16	1.53897835201	0.680069028444	0.671659123777	0.00252632974309
16	1.56462799121	0.684973451321	0.669819921668	0.00279272371048
16	1.59027763041	0.678292097951	0.674882892828	0.0022854881403
16	1.61592726961	0.683978841259	0.685704624965	0.00222502193454
16	1.64157690881	0.694499610843	0.698550137022	0.00248555793216
16	1.66722654801	0.713630600629	0.721314444089	0.00280264872136
16	1.69287618721	0.737328275279	0.74838505223	0.00187423043205
16	1.71852582641	0.767560309855	0.780331319833	0.0022427995023
16	1.74417546561	0.80731080593	0.815346866977	0.0028216589895
16	1.76982510481	0.838347916908	0.851669913215	0.00255913708367
16	1.79547474401	0.892765986432	0.894458453316	0.00232985613256
16	1.82112438321	0.937534145491	0.934348658214	0.00256142081562
16	1.84677402241	0.983289364452	0.977169505439	0.00278387269992
16	1.87242366161	0.999754482703	1.0161150613	0.00314803518209
16	1.89807330081	1.05461669616	1.05733446362	0.00240594983746
16	1.92372294001	1.1054173852	1.09508132571	0.00308249216148
16	1.94937257921	1.11938345657	1.13148766569	0.00218593659746
16	1.97502221841	1.15878130259	1.15760680068	0.00207212565155
16	2.00067185761	1.1880269564	1.18841666509	0.00245279777201
16	2.02632149681	1.19611724358	1.20343483689	0.00234775479263
16	2.05197113601	1.22705775163	1.21573911455	0.00239796792997
16	2.07762077521	1.23049193217	1.21760977039	0.00250106159851
16	2.10327041441	1.20789968291	1.21259580089	0.00210804340591
16	2.12892005361	1.19872736205	1.19517146319	0.00298261082144
16	2.15456969281	1.17844239346	1.17814523745	0.00234672039662
16	2.18021933201	1.14715561953	1.15291947027	0.00241674124391
16	2.20586897121	1.13322981853	1.12924246223	0.00227432800894
16	2.23151861041	1.09259094193	1.09458163798	0.00274714118421
16	2.25716824961	1.06679898231	1.06806899769	0.00240842985485
16	2.28281788881	1.04121274785	1.03788085616	0.00269968923955
16	2.30846752801	1.02392759149	1.01267636308	0.00218397081247
16	2.33411716721	0.980091038174	0.986782055583	0.00238474392146
16	2.35976680641	0.968225745522	0.965927751472	0.00187837268061
16	2.38541644561	0.949861038504	0.94623999921	0.00208969989243
16	2.41106608481	0.936196474012	0.930607286941	0.00213607954515
16	2.43671572401	0.909080914412	0.917442641955	0.00192040922242
16	2.46236536321	0.900934394823	0.906108953449	0.0014568739727
16	2.48801500241	0.896236176446	0.893480293265	0.00194276617054
16	2.51366464161	0.890867010886	0.886069917838	0.00181248286703
16	2.53931428081	0.897406412708	0.884711504077	0.00201644387549
17	0	0	0	0
17	0.0256496392002	0	0	0
17	0.0512992784003	0	0	0
17	0.0769489176005	0	0	0
17	0.102598556801	0	0	0
17	0.128248196001	0	0	0
17	0.153897835201	0	0	0
17	0.179547474401	0	0	0
17	0.205197113601	0	0	0
17	0.230846752801	0	0	0
17	0.256496392002	0	0	0
17	0.282146031202	0	0	0
17	0.307795670402	0	0	0
17	0.333445309602	0	0	0
17	0.359094948802	0	0	0
17	0.384744588002	0	0	0
17	0.410394227202	0	0	0
17	0.436043866403	0	0	0
17	0.461693505603	0	0	0
17	0.487343144803	0	0	0
17	0.512992784003	0	0	0
17	0.538642423203	0	0	0
17	0.564292062403	0	0	0
17	0.589941701603	0	0	0
17	0.615591340804	0	0	0
17	0.641240980004	0	0	0
17	0.666890619204	0	0	0
17	0.692540258404	0	0	0
17	0.718189897604	0	0	0
17	0.743839536804	0	0	0
17	0.769489176005	0	0	0
17	0.795138815205	0	0	0
17	0.820788454405	0	0	0
17	0.846438093605	0	1.71637852829e-05	1.66513175663e-05
17	0.872087732805	0.000733641673337	0.00123532311172	0.000148737027666
17	0.897737372005	0.0264166059483	0.023583889862	0.000482356106727
17	0.923387011205	0.158618946347	0.164142078107	0.00153233999582
17	0.949036650406	0.565462601233	0.562006222783	0.0031992724203
17	0.974686289606	1.24054785707	1.20265332231	0.00576457495976
17	1.00033592881	1.90121288387	1.85317556289	0.00743828555518
17	1.02598556801	2.32263413862	2.33546602539	0.00530261328725
17	1.05163520721	2.54682180549	2.55167216321	0.0039851892382
17	1.07728484641	2.53861423062	2.54162870527	0.00453656043414
17	1.10293448561	2.38938174484	2.40323639042	0.00453571041737
17	1.12858412481	2.18486737768	2.20798291521	0.00523585403698
17	1.15423376401	1.97426098562	1.97953045377	0.00472311328523
17	1.17988340321	1.71524036409	1.75858692482	0.00535790089066
17	1.20553304241	1.5457177865	1.56519186698	0.00556677962203
17	1.23118268161	1.39005845111	1.39329041515	0.00386925604652
17	1.25683232081	1.23574321268	1.24304137824	0.00351296811073
17	1.28248196001	1.13156062022	1.12345590593	0.0028458841936
17	1.30813159921	1.00672002069	1.02353350902	0.00352402504665
17	1.33378123841	0.942280206912	0.937711855158	0.0023837906801
17	1.35943087761	0.860820170408	0.873044084233	0.00220998362978
17	1.38508051681	0.8392598831	0.817622776727	0.00340557734984
17	1.41073015601	0.771619339936	0.776292940291	0.00301176778866
17	1.43637979521	0.742564531778	0.737704911035	0.00231080739246
17	1.46202943441	0.717621746837	0.709870906833	0.00290544405845
17	1.48767907361	0.685260087931	0.68970493101	0.00217535148031
17	1.51332871281	0.679532655622	0.679505449867	0.00179646427929
17	1.53897835201	0.68167943572	0.672248553891	0.00244551699331
17	1.56462799121	0.666618217688	0.66963158614	0.0026347886719
17	1.59027763041	0.673485677613	0.674800703697	0.00215252496825
17	1.61592726961	0.688201935505	0.685851525585	0.00209898203323
17	1.64157690881	0.713469848428	0.699427767105	0.00248947358204
17	1.66722654801	0.725588900054	0.721565882676	0.00264904188046
17	1.69287618721	0.743104272614	0.748074418135	0.00178953862096
17	1.71852582641	0.792332685172	0.7810372825	0.00221919789246
17	1.74417546561	0.821803922724	0.815726693786	0.00268112163819
17	1.76982510481	0.856472159551	0.851952398294	0.00242414023989
17	1.79547474401	0.891118816715	0.894262004104	0.00220107230933
17	1.82112438321	0.94874407139	0.935195447225	0.00254687708295
17	1.84677402241	0.967900806983	0.976624287882	0.00267297237421
17	1.87242366161	1.01840465829	1.01624974347	0.00296573629178
17	1.89807330081	1.05961217647	1.05746844673	0.00226815095003
17	1.92372294001	1.08841243694	1.09468903814	0.0029260244911
17	1.94937257921	1.14271754592	1.13214824688	0.00215485416236
17	1.97502221841	1.17842751633	1.15883154866	0.00228367947954
17	2.00067185761	1.1879738143	1.18839061505	0.00230865387881
17	2.02632149681	1.21259397234	1.20397360956	0.00227063008748
17	2.05197113601	1.22407622617	1.21622953289	0.00230651462463
17	2.07762077521	1.22163403366	1.21784649176	0.00236511644102
17	2.10327041441	1.21154030201	1.21253371272	0.00198495498296
17	2.12892005361	1.18340000934	1.19447902473	0.00288642194796
17	2.15456969281	1.1589810634	1.1770179331	0.00246461353541
17	2.18021933201	1.13604602121	1.15192691444	0.00247000611645
17	2.20586897121	1.1136805574	1.12832705607	0.00231745654557
17	2.23151861041	1.08527687158	1.09403429878	0.00263950732922
17	2.25716824961	1.05992800747	1.06759011591	0.00231387715753
17	2.28281788881	1.03839188249	1.03791091653	0.00254105134206
17	2.30846752801	0.999430950859	1.01189722119	0.00219007780422
17	2.33411716721	0.981277510144	0.986458258792	0.00226634057161
17	2.35976680641	0.964628053242	0.965851298635	0.00176943536364
17	2.38541644561	0.942718850655	0.946032872825	0.0019770146733
17	2.41106608481	0.932199395451	0.930700940383	0.00201247981254
17	2.43671572401	0.914502796791	0.917269709887	0.00181521350604
17	2.46236536321	0.911085702246	0.906401703379	0.00140027977858
17	2.48801500241	0.895076408941	0.893574182422	0.001830753119
17	2.51366464161	0.880122422528	0.885720065173	0.00173930349784
17	2.53931428081	0.891441418184	0.885107381377	0.00193629982347
18	0	0	0	0
18	0.0256496392002	0	0	0
18	0.0512992784003	0	0	0
18	0.0769489176005	0	0	0
18	0.102598556801	0	0	0
18	0.128248196001	0	0	0
18	0.153897835201	0	0	0
18	0.179547474401	0	0	0
18	0.205197113601	0	0	0
18	0.230846752801	0	0	0
18	0.256496392002	0	0	0
18	0.282146031202	0	0	0
18	0.307795670402	0	0	0
18	0.333445309602	0	0	0
18	0.359094948802	0	0	0
18	0.384744588002	0	0	0
18	0.410394227202	0	0	0
18	0.436043866403	0	0	0
18	0.461693505603	0	0	0
18	0.487343144803	0	0	0
18	0.512992784003	0	0	0
18	0.538642423203	0	0	0
18	0.564292062403	0	0	0
18	0.589941701603	0	0	0
18	0.615591340804	0	0	0
18	0.641240980004	0	0	0
18	0.666890619204	0	0	0
18	0.692540258404	0	0	0
18	0.718189897604	0	0	0
18	0.743839536804	0	0	0
18	0.769489176005	0	0	0
18	0.795138815205	0	0	0
18	0.820788454405	0	0	0
18	0.846438093605	0	1.62102416561e-05	1.57535232167e-05
18	0.872087732805	0.00155898855584	0.00125330452528	0.000141556609099
18	0.897737372005	0.0238182512648	0.0235969099399	0.000455734234681
18	0.923387011205	0.172465331642	0.164604481082	0.00151537275551
18	0.949036650406	0.559485851707	0.561866202168	0.00302459761022
18	0.974686289606	1.21028161172	1.20307711617	0.00545987658362
18	1.00033592881	1.86126614569	1.85362503972	0.0070386147427
18	1.02598556801	2.33620978942	2.33550734562	0.00500818464999
18	1.05163520721	2.54181486436	2.5511245355	0.00380122995206
18	1.07728484641	2.56224301952	2.54277394495	0.00442672565464
18	1.10293448561	2.39116998835	2.40256603475	0.00433298097431
18	1.12858412481	2.21077467812	2.20813801315	0.0049472699012
18	1.15423376401	1.96714301657	1.97884226282	0.00451057660339
18	1.17988340321	1.72786096306	1.75687992694	0.0053252218523
18	1.20553304241	1.55699015722	1.56473621644	0.00527612902572
18	1.23118268161	1.38843427999	1.39302062986	0.0036636907431
18	1.25683232081	1.23997536255	1.24287104404	0.00332193016859
18	1.28248196001	1.1242414514	1.12349954735	0.00268811411422
18	1.30813159921	1.01816142398	1.02323505985	0.00334085978267
18	1.33378123841	0.936854561203	0.937664227716	0.00225183360547
18	1.35943087761	0.871574702042	0.872962451889	0.00208871388451
18	1.38508051681	0.816695379521	0.81757125466	0.00321676831634
18	1.41073015601	0.762866240966	0.77554701255	0.0029353666531
18	1.43637979521	0.7377089339	0.737705134528	0.0021824292148
18	1.46202943441	0.71583891769	0.710202462991	0.00276288357983
18	1.48767907361	0.708289215816	0.690737391277	0.00228642034513
18	1.51332871281	0.69587424587	0.680414827422	0.00191302965389
18	1.53897835201	0.689313959106	0.673196631959	0.00248664869488
18	1.56462799121	0.693112092649	0.670936058724	0.00279272350797
18	1.59027763041	0.691565642487	0.675732089186	0.00222533855966
18	1.61592726961	0.712917865295	0.687355211125	0.00246277356259
18	1.64157690881	0.71850758787	0.700487757147	0.00256693510455
18	1.66722654801	0.742839383056	0.722747743808	0.00275291916264
18	1.69287618721	0.749077739944	0.748130158235	0.0016909876752
18	1.71852582641	0.766817617752	0.780247301125	0.00223209207413
18	1.74417546561	0.809916310072	0.81540389469	0.00255152846851
18	1.76982510481	0.83900328229	0.85123300296	0.00239383198375
18	1.79547474401	0.880774590894	0.89351270337	0.00220264155899
18	1.82112438321	0.92429575681	0.934589908868	0.00247632339079
18	1.84677402241	0.962439011282	0.97583621696	0.00263809044514
18	1.87242366161	1.00894823123	1.0158441039	0.00282857788026
18	1.89807330081	1.0338087506	1.05615401917	0.0024940950558
18	1.92372294001	1.07205857905	1.09343179041	0.00302152441376
18	1.94937257921	1.111083161	1.13097796433	0.00233136644483
18	1.97502221841	1.14298800033	1.15795135153	0.00232024307997
18	2.00067185761	1.1613319108	1.1868873537	0.00262457126482
18	2.02632149681	1.19513278495	1.20348245264	0.00219696260234
18	2.05197113601	1.20170636285	1.21542269011	0.0023151989491
18	2.07762077521	1.21542200093	1.21771179783	0.00223755322158
18	2.10327041441	1.22145176725	1.21302916019	0.00193552449677
18	2.12892005361	1.20411307128	1.19501424954	0.00277524452397
18	2.15456969281	1.178274228	1.17708772726	0.00232867858456
18	2.18021933201	1.1616249754	1.15246569561	0.00239082356155
18	2.20586897121	1.13483460862	1.12868858676	0.00221672957245
18	2.23151861041	1.10452442514	1.09461708358	0.00255639597217
18	2.25716824961	1.08801120079	1.06872462063	0.00244770416361
18	2.28281788881	1.06214438648	1.03925722042	0.00273336250359
18	2.30846752801	1.03288392582	1.01306314922	0.0023584260367
18	2.33411716721	0.996101890695	0.98699401612	0.00220284858393
18	2.35976680641	0.97579110553	0.966403510129	0.00175518756758
18	2.38541644561	0.945690600145	0.946013857676	0.00186727196746
18	2.41106608481	0.931637115286	0.9307529501	0.00190134731881
18	2.43671572401	0.916034807706	0.91720110421	0.00171566429119
18	2.46236536321	0.904955062775	0.906321334456	0.00132479083317
18	2.48801500241	0.897947120589	0.893817123431	0.00174508930951
18	2.51366464161	0.894984832184	0.886234774451	0.00171714601388
18	2.53931428081	0.898994137683	0.885878867838	0.00197645385702
19	0	0	0	0
19	0.0256496392002	0	0	0
19	0.0512992784003	0	0	0
19	0.0769489176005	0	0	0
19	0.102598556801	0	0	0
19	0.128248196001	0	0	0
19	0.153897835201	0	0	0
19	0.179547474401	0	0	0
19	0.205197113601	0	0	0
19	0.230846752801	0	0	0
19	0.256496392002	0	0	0
19	0.282146031202	0	0	0
19	0.307795670402	0	0	0
19	0.333445309602	0	0	0
19	0.359094948802	0	0	0
19	0.384744588002	0	0	0
19	0.410394227202	0	0	0
19	0.436043866403	0	0	0
19	0.461693505603	0	0	0
19	0.487343144803	0	0	0
19	0.512992784003	0	0	0
19	0.538642423203	0	0	0
19	0.564292062403	0	0	0
19	0.589941701603	0	0	0
19	0.615591340804	0	0	0
19	0.641240980004	0	0	0
19	0.666890619204	0	0	0
19	0.692540258404	0	0	0
19	0.718189897604	0	0	0
19	0.743839536804	0	0	0
19	0.769489176005	0	0	0
19	0.795138815205	0	0	0
19	0.820788454405	0	0	0
19	0.846438093605	0	1.53570710426e-05	1.49474753336e-05
19	0.872087732805	0.000733641673337	0.00122595384887	0.000136722994609
19	0.897737372005	0.0244245340243	0.0236404691023	0.000433824924269
19	0.923387011205	0.175578720052	0.165182072606	0.00154176768366
19	0.949036650406	0.566005942099	0.562084083217	0.0028732452257
19	0.974686289606	1.22022307917	1.20397953527	0.00524656145159
19	1.00033592881	1.90422113211	1.85628799195	0.00715419199445
19	1.02598556801	2.32815756517	2.33512051507	0.00475951187098
19	1.05163520721	2.55613851875	2.55138842935	0.00361031378566
19	1.07728484641	2.56550633052	2.54397038629	0.00435242314613
19	1.10293448561	2.41649382374	2.40329907627	0.00416647491606
19	1.12858412481	2.16518885373	2.20587753108	0.00517762066863
19	1.15423376401	1.95986687043	1.97784355795	0.00438234695945
19	1.17988340321	1.72558925524	1.75523304949	0.00529348166378
19	1.20553304241	1.55026543821	1.56397459653	0.00505310971933
19	1.23118268161	1.36370047414	1.39147746377	0.0037819214717
19	1.25683232081	1.23627780003	1.24252403119	0.00316516453592
19	1.28248196001	1.11820634728	1.12322095787	0.0025610298981
19	1.30813159921	1.01248187846	1.02266910293	0.0032126052617
19	1.33378123841	0.92014198829	0.936742004588	0.0023144696874
19	1.35943087761	0.877943520422	0.873224613391	0.00199516612748
19	1.38508051681	0.818973879883	0.817645077041	0.00304831168671
19	1.41073015601	0.781222942449	0.775845745703	0.00279603343178
19	1.43637979521	0.751933784021	0.738454010817	0.00219228696164
19	1.46202943441	0.720262975202	0.710731963634	0.00266772500898
19	1.48767907361	0.696519481481	0.691041711815	0.0021862410274
19	1.51332871281	0.697662570841	0.681322603392	0.0020162529919
19	1.53897835201	0.666320921879	0.672834752481	0.00238195888323
19	1.56462799121	0.671841955562	0.670983737505	0.00264614502695
19	1.59027763041	0.677286102996	0.675813879386	0.00210971800264
19	1.61592726961	0.692614527571	0.687632017253	0.00234865834957
19	1.64157690881	0.712446557604	0.701117167698	0.0025078118407
19	1.66722654801	0.744722179136	0.723904293036	0.00284060194186
19	1.69287618721	0.741475145161	0.747779894389	0.00163786271065
19	1.71852582641	0.767536352046	0.779578303805	0.00221259851777
19	1.74417546561	0.800471357555	0.814617971683	0.00253539008407
19	1.76982510481	0.843658636385	0.850834352088	0.00230079555595
19	1.79547474401	0.88233391156	0.892924345906	0.0021638661461
19	1.82112438321	0.913897216023	0.933500819771	0.00257436589433
19	1.84677402241	0.971908892802	0.975629515689	0.00250732829517
19	1.87242366161	1.03343795258	1.01677009594	0.0028272163922
19	1.89807330081	1.06836410064	1.05679665503	0.00244421683952
19	1.92372294001	1.10737065628	1.09416541493	0.00295021463025
19	1.94937257921	1.15129762674	1.13204742025	0.00244166569045
19	1.97502221841	1.16977663961	1.15857373512	0.00228007181978
19	2.00067185761	1.19417372536	1.18727084694	0.00251429718935
19	2.02632149681	1.21135044564	1.20389655754	0.0021200010548
19	2.05197113601	1.22261073061	1.21580100803	0.00222404134292
19	2.07762077521	1.21665454711	1.21765615305	0.00212047905297
19	2.10327041441	1.20680910097	1.21270178866	0.00186113442866
19	2.12892005361	1.19293459341	1.19490479395	0.00263133660042
19	2.15456969281	1.17356559512	1.17690235188	0.00221348269604
19	2.18021933201	1.14979862881	1.15232532367	0.00226910781519
19	2.20586897121	1.12606661911	1.12855058847	0.00210435062226
19	2.23151861041	1.09703926542	1.09474456683	0.00242502542238
19	2.25716824961	1.05151001801	1.06781858891	0.00248090346632
19	2.28281788881	1.0229657009	1.03839977202	0.00272066888136
19	2.30846752801	1.00552179132	1.01266623565	0.00226745185289
19	2.33411716721	0.974888814919	0.986356900267	0.00217709497338
19	2.35976680641	0.957917464094	0.965956876127	0.00171869647294
19	2.38541644561	0.938598357666	0.945623568202	0.00180932314623
19	2.41106608481	0.920538193777	0.930215331346	0.00187574473427
19	2.43671572401	0.927285512864	0.91773186256	0.00170548909879
19	2.46236536321	0.90787385671	0.906403046154	0.00125758242066
19	2.48801500241	0.884581087156	0.893331016259	0.00171961452293
19	2.51366464161	0.887120468558	0.88628138993	0.00162740252167
19	2.53931428081	0.884726664645	0.885818225565	0.00187336006291
20	0	0	0	0
20	0.0256496392002	0	0	0
20	0.0512992784003	0	0	0
20	0.0769489176005	0	0	0
20	0.102598556801	0	0	0
20	0.128248196001	0	0	0
20	0.153897835201	0	0	0
20	0.179547474401	0	0	0
20	0.205197113601	0	0	0
20	0.230846752801	0	0	0
20	0.256496392002	0	0	0
20	0.282146031202	0	0	0
20	0.307795670402	0	0	0
20	0.333445309602	0	0	0
20	0.359094948802	0	0	0
20	0.384744588002	0	0	0
20	0.410394227202	0	0	0
20	0.436043866403	0	0	0
20	0.461693505603	0	0	0
20	0.487343144803	0	0	0
20	0.512992784003	0	0	0
20	0.538642423203	0	0	0
20	0.564292062403	0	0	0
20	0.589941701603	0	0	0
20	0.615591340804	0	0	0
20	0.641240980004	0	0	0
20	0.666890619204	0	0	0
20	0.692540258404	0	0	0
20	0.718189897604	0	0	0
20	0.743839536804	0	0	0
20	0.769489176005	0	0	0
20	0.795138815205	0	0	0
20	0.820788454405	0	0	0
20	0.846438093605	0	1.45892174905e-05	1.42198102531e-05
20	0.872087732805	0.000825346882504	0.00120592350055	0.000131345904327
20	0.897737372005	0.0280622305811	0.0238615571762	0.000465070003553
20	0.923387011205	0.178692108462	0.165857574399	0.00160585584307
20	0.949036650406	0.587040995624	0.563331928837	0.00298829147128
20	0.974686289606	1.23009090612	1.20528510382	0.0051441098486
20	1.00033592881	1.90205239501	1.8585762121	0.0071530641572
20	1.02598556801	2.35058400792	2.33589368971	0.00458390656369
20	1.05163520721	2.57058893114	2.55234845444	0.0035551484843
20	1.07728484641	2.56157827098	2.54485078053	0.00422290501841
20	1.10293448561	2.4138979864	2.40382902178	0.00399171151442
20	1.12858412481	2.19567127319	2.20536721818	0.0049438242168
20	1.15423376401	1.95812692244	1.97685772618	0.00427267502547
20	1.17988340321	1.73144521316	1.75404365767	0.00516070013954
20	1.20553304241	1.5271401455	1.56213287398	0.00512510543365
20	1.23118268161	1.38388660087	1.39109792062	0.00361182013539
20	1.25683232081	1.23783701314	1.24228968029	0.00301556957807
20	1.28248196001	1.12210134356	1.12316497715	0.00243359015836
20	1.30813159921	1.00663770844	1.02186753321	0.00315038723247
20	1.33378123841	0.927310177146	0.936270413216	0.00224627766905
20	1.35943087761	0.860705760497	0.872598670746	0.00199117673575
20	1.38508051681	0.80041512694	0.816783579535	0.00301517549894
20	1.41073015601	0.758153033829	0.774961110109	0.00279267224909
20	1.43637979521	0.717158128798	0.737389216716	0.00232693411355
20	1.46202943441	0.691605647439	0.709775647824	0.00270031218094
20	1.48767907361	0.67109813117	0.690044532782	0.00229309434883
20	1.51332871281	0.674383513034	0.680975648874	0.00194506305053
20	1.53897835201	0.672404682701	0.672813248992	0.00226295799996
20	1.56462799121	0.662837501327	0.670576425696	0.00254499275563
20	1.59027763041	0.677928821995	0.675919626517	0.0020068805778
20	1.61592726961	0.681569511849	0.687328891983	0.00225070158213
20	1.64157690881	0.709245494001	0.701523584013	0.00241512867488
20	1.66722654801	0.727497139325	0.72408393535	0.00270424625256
20	1.69287618721	0.756087924745	0.748195295907	0.00160778475507
20	1.71852582641	0.797819023612	0.780490339796	0.00228221189345
20	1.74417546561	0.831690880408	0.81547161712	0.00254827943955
20	1.76982510481	0.88169242737	0.852377255852	0.00265312132135
20	1.79547474401	0.913015192815	0.893928888252	0.00227693673117
20	1.82112438321	0.967427281222	0.935197142844	0.00295208884514
20	1.84677402241	0.999363242295	0.976816202019	0.00264793421821
20	1.87242366161	1.03790348758	1.01782676552	0.00287655057875
20	1.89807330081	1.07772570942	1.05784310775	0.00253614313107
20	1.92372294001	1.10940052623	1.0949271705	0.00289938046963
20	1.94937257921	1.14430299564	1.13266019902	0.00239524225648
20	1.97502221841	1.16599642457	1.15894486959	0.00219606587529
20	2.00067185761	1.18542299375	1.18717845428	0.00239027929958
20	2.02632149681	1.21007237654	1.20420534849	0.00203636546194
20	2.05197113601	1.21273969152	1.2156479422	0.0021180999728
20	2.07762077521	1.20554519758	1.21705060528	0.00209913864531
20	2.10327041441	1.20114769769	1.21212408411	0.00185557381869
20	2.12892005361	1.17638606244	1.19397885738	0.00265769439919
20	2.15456969281	1.1615035453	1.17613241155	0.00223270498502
20	2.18021933201	1.12330880702	1.15087449784	0.00257807839126
20	2.20586897121	1.11581055152	1.12791358662	0.00209332651585
20	2.23151861041	1.07724992888	1.09386983493	0.00245647581679
20	2.25716824961	1.05294553608	1.06707493627	0.00246579587601
20	2.28281788881	1.02039012818	1.03749928983	0.00272959064934
20	2.30846752801	0.997391785453	1.01190251314	0.00227907128625
20	2.33411716721	0.978839375436	0.985981024026	0.0021004371994
20	2.35976680641	0.955187300449	0.965418397344	0.00171504286655
20	2.38541644561	0.946352376292	0.945660008606	0.00171922391104
20	2.41106608481	0.92454749582	0.92993193957	0.00180323816425
20	2.43671572401	0.911522556808	0.917421397273	0.00164823079458
20	2.46236536321	0.909210172006	0.906543402446	0.00120251023637
20	2.48801500241	0.89565055127	0.893446993009	0.00163754006313
20	2.51366464161	0.888504326535	0.886392536761	0.00154982324966
20	2.53931428081	0.890327805528	0.886043704563	0.00179321012915
