1	0	0	0	0
1	0.0230664287949	0	0	0
1	0.0461328575897	0	0	0
1	0.0691992863846	0	0	0
1	0.0922657151794	0	0	0
1	0.115332143974	0	0	0
1	0.138398572769	0	0	0
1	0.161465001564	0	0	0
1	0.184531430359	0	0	0
1	0.207597859154	0	0	0
1	0.230664287949	0	0	0
1	0.253730716743	0	0	0
1	0.276797145538	0	0	0
1	0.299863574333	0	0	0
1	0.322930003128	0	0	0
1	0.345996431923	0	0	0
1	0.369062860718	0	0	0
1	0.392129289513	0	0	0
1	0.415195718307	0	0	0
1	0.438262147102	0	0	0
1	0.461328575897	0	0	0
1	0.484395004692	0	0	0
1	0.507461433487	0	0	0
1	0.530527862282	0	0	0
1	0.553594291077	0	0	0
1	0.576660719871	0	0	0
1	0.599727148666	0	0	0
1	0.622793577461	0	0	0
1	0.645860006256	0	0	0
1	0.668926435051	0	0	0
1	0.691992863846	0	0	0
1	0.715059292641	0	0	0
1	0.738125721435	0	0	0
1	0.76119215023	0	0	0
1	0.784258579025	0	0	0
1	0.80732500782	0	0	0
1	0.830391436615	0	0	0
1	0.85345786541	0	0	0
1	0.876524294205	7.36404996482e-05	7.36404996482e-05	0
1	0.899590722999	0.00293828897272	0.00293828897272	0
1	0.922657151794	0.0434553920268	0.0434553920268	0
1	0.945723580589	0.28292386372	0.28292386372	0
1	0.968790009384	0.984673878158	0.984673878158	0
1	0.991856438179	2.23720799136	2.23720799136	0
1	1.01492286697	3.63854254191	3.63854254191	0
1	1.03798929577	4.6320579027	4.6320579027	0
1	1.06105572456	4.93677445582	4.93677445582	0
1	1.08412215336	4.49414422721	4.49414422721	0
1	1.10718858215	3.64816675655	3.64816675655	0
1	1.13025501095	2.67854992629	2.67854992629	0
1	1.15332143974	1.82281545308	1.82281545308	0
1	1.17638786854	1.13097036788	1.13097036788	0
1	1.19945429733	0.652503202164	0.652503202164	0
1	1.22252072613	0.344068739031	0.344068739031	0
1	1.24558715492	0.177980278226	0.177980278226	0
1	1.26865358372	0.0876018649913	0.0876018649913	0
1	1.29172001251	0.0472907877808	0.0472907877808	0
1	1.31478644131	0.0427218688078	0.0427218688078	0
1	1.3378528701	0.0596779754477	0.0596779754477	0
1	1.3609192989	0.101317859539	0.101317859539	0
1	1.38398572769	0.184689856742	0.184689856742	0
1	1.40705215649	0.296396618567	0.296396618567	0
1	1.43011858528	0.454597942136	0.454597942136	0
1	1.45318501408	0.628239411426	0.628239411426	0
1	1.47625144287	0.790688948308	0.790688948308	0
1	1.49931787167	0.93714902713	0.93714902713	0
1	1.52238430046	0.978587240916	0.978587240916	0
1	1.54545072926	0.93327648013	0.93327648013	0
1	1.56851715805	0.816918602456	0.816918602456	0
1	1.59158358685	0.643568805502	0.643568805502	0
1	1.61465001564	0.45721038882	0.45721038882	0
1	1.63771644443	0.314924184929	0.314924184929	0
1	1.66078287323	0.216062823092	0.216062823092	0
1	1.68384930202	0.186158253146	0.186158253146	0
1	1.70691573082	0.244837537073	0.244837537073	0
1	1.72998215961	0.433664479951	0.433664479951	0
1	1.75304858841	0.751708341249	0.751708341249	0
1	1.7761150172	1.18744187527	1.18744187527	0
1	1.799181446	1.71186629847	1.71186629847	0
1	1.82224787479	2.25194049583	2.25194049583	0
1	1.84531430359	2.59891320294	2.59891320294	0
1	1.86838073238	2.73942426244	2.73942426244	0
1	1.89144716118	2.56689307773	2.56689307773	0
1	1.91451358997	2.18861758644	2.18861758644	0
1	1.93758001877	1.68055388185	1.68055388185	0
1	1.96064644756	1.19743252481	1.19743252481	0
1	1.98371287636	0.791292816754	0.791292816754	0
1	2.00677930515	0.540072095316	0.540072095316	0
1	2.02984573395	0.430265183188	0.430265183188	0
1	2.05291216274	0.462294862422	0.462294862422	0
1	2.07597859154	0.589838589657	0.589838589657	0
1	2.09904502033	0.760241693537	0.760241693537	0
1	2.12211144913	0.914706883407	0.914706883407	0
1	2.14517787792	1.00819723016	1.00819723016	0
1	2.16824430672	1.02493895216	1.02493895216	0
1	2.19131073551	0.918452512431	0.918452512431	0
1	2.21437716431	0.777805834579	0.777805834579	0
1	2.2374435931	0.648941592257	0.648941592257	0
1	2.2605100219	0.572838446355	0.572838446355	0
1	2.28357645069	0.566961152312	0.566961152312	0
2	0	0	0	0
2	0.0230664287949	0	0	0
2	0.0461328575897	0	0	0
2	0.0691992863846	0	0	0
2	0.0922657151794	0	0	0
2	0.115332143974	0	0	0
2	0.138398572769	0	0	0
2	0.161465001564	0	0	0
2	0.184531430359	0	0	0
2	0.207597859154	0	0	0
2	0.230664287949	0	0	0
2	0.253730716743	0	0	0
2	0.276797145538	0	0	0
2	0.299863574333	0	0	0
2	0.322930003128	0	0	0
2	0.345996431923	0	0	0
2	0.369062860718	0	0	0
2	0.392129289513	0	0	0
2	0.415195718307	0	0	0
2	0.438262147102	0	0	0
2	0.461328575897	0	0	0
2	0.484395004692	0	0	0
2	0.507461433487	0	0	0
2	0.530527862282	0	0	0
2	0.553594291077	0	0	0
2	0.576660719871	0	0	0
2	0.599727148666	0	0	0
2	0.622793577461	0	0	0
2	0.645860006256	0	0	0
2	0.668926435051	0	0	0
2	0.691992863846	0	0	0
2	0.715059292641	0	0	0
2	0.738125721435	0	0	0
2	0.76119215023	0	0	0
2	0.784258579025	0	0	0
2	0.80732500782	0	0	0
2	0.830391436615	0	0	0
2	0.85345786541	0	0	0
2	0.876524294205	0	3.68202498241e-05	2.60358483356e-05
2	0.899590722999	0.00258849266644	0.00276339081958	0.000123671670101
2	0.922657151794	0.0482467981921	0.0458510951095	0.00169401789545
2	0.945723580589	0.298451719144	0.290687791432	0.00548992593369
2	0.968790009384	1.01960339219	1.00213863517	0.0123494481164
2	0.991856438179	2.28831714435	2.26276256786	0.0180698143294
2	1.01492286697	3.64537765947	3.64196010069	0.00241657898938
2	1.03798929577	4.60922767604	4.62064278937	0.00807170404104
2	1.06105572456	4.87543834485	4.90610640033	0.0216855899986
2	1.08412215336	4.44387816211	4.46901119466	0.0177717377505
2	1.10718858215	3.60760888353	3.62788782004	0.014339373521
2	1.13025501095	2.67164483967	2.67509738298	0.00244131678946
2	1.15332143974	1.81648073387	1.81964809348	0.00223966145561
2	1.17638786854	1.14895559534	1.13996298161	0.00635873815116
2	1.19945429733	0.674958246812	0.663730724488	0.00793905717136
2	1.22252072613	0.361039542497	0.352554140764	0.00600008510645
2	1.24558715492	0.191982030447	0.184981154337	0.00495036697183
2	1.26865358372	0.0906495026893	0.0891256838403	0.0010775026414
2	1.29172001251	0.0522489687123	0.0497698782466	0.0017529816795
2	1.31478644131	0.0442405751178	0.0434812219628	0.000536943765221
2	1.3378528701	0.060634864418	0.0601564199329	0.000338311339871
2	1.3609192989	0.11355863563	0.107438247584	0.00432776789066
2	1.38398572769	0.192085801272	0.188387829007	0.0026148612651
2	1.40705215649	0.30756560507	0.301981111818	0.00394883304761
2	1.43011858528	0.466781658805	0.46068980047	0.00430759433835
2	1.45318501408	0.631460874345	0.629850142885	0.00113895913768
2	1.47625144287	0.789298322316	0.789993635312	0.000491660534489
2	1.49931787167	0.911985711956	0.924567369543	0.0088965753986
2	1.52238430046	0.958321882743	0.96845456183	0.00716488609387
2	1.54545072926	0.912169649711	0.922723064921	0.00746239145952
2	1.56851715805	0.781465135371	0.799191868914	0.012534693496
2	1.59158358685	0.640020792914	0.641794799208	0.00125441188016
2	1.61465001564	0.471639595538	0.464424992179	0.00510149495871
2	1.63771644443	0.326070054108	0.320497119518	0.00394065983962
2	1.66078287323	0.230226110803	0.223144466948	0.00500747839229
2	1.68384930202	0.205596464318	0.195877358732	0.00687244546687
2	1.70691573082	0.26753353818	0.256185537626	0.00802424814431
2	1.72998215961	0.44791186903	0.44078817449	0.00503721271599
2	1.75304858841	0.769428073369	0.760568207309	0.00626487137159
2	1.7761150172	1.21281293391	1.20012740459	0.00897002380251
2	1.799181446	1.72956261602	1.72071445724	0.0062565930725
2	1.82224787479	2.22273488961	2.23733769272	0.0103257411041
2	1.84531430359	2.56210736607	2.58051028451	0.0130128284216
2	1.86838073238	2.69378718603	2.71660572423	0.0161351430989
2	1.89144716118	2.51379136027	2.540342219	0.0187742922524
2	1.91451358997	2.16256578367	2.17559168505	0.00921070319835
2	1.93758001877	1.69094956484	1.68575172335	0.00367542896848
2	1.96064644756	1.20286786592	1.20015019536	0.00192168327878
2	1.98371287636	0.825183065714	0.808237941234	0.0119820124277
2	2.00677930515	0.56030341272	0.550187754018	0.00715285086426
2	2.02984573395	0.449818890496	0.440042036842	0.00691327951741
2	2.05291216274	0.475881349211	0.469088105817	0.00480354847055
2	2.07597859154	0.60393948508	0.596889037369	0.00498541938734
2	2.09904502033	0.765430878637	0.762836286087	0.00183465398671
2	2.12211144913	0.905164068422	0.909935475915	0.00337389459372
2	2.14517787792	0.99085370058	0.999525465371	0.00613186368914
2	2.16824430672	1.00386566947	1.01440231081	0.00745053054583
2	2.19131073551	0.914562640967	0.916507576699	0.0013752772451
2	2.21437716431	0.786538772258	0.782172303419	0.00308755972631
2	2.2374435931	0.660596681548	0.654769136903	0.00412069633619
2	2.2605100219	0.590974861469	0.581906653912	0.00641219105673
2	2.28357645069	0.589994190316	0.578477671314	0.00814340868182
3	0	0	0	0
3	0.0230664287949	0	0	0
3	0.0461328575897	0	0	0
3	0.0691992863846	0	0	0
3	0.0922657151794	0	0	0
3	0.115332143974	0	0	0
3	0.138398572769	0	0	0
3	0.161465001564	0	0	0
3	0.184531430359	0	0	0
3	0.207597859154	0	0	0
3	0.230664287949	0	0	0
3	0.253730716743	0	0	0
3	0.276797145538	0	0	0
3	0.299863574333	0	0	0
3	0.322930003128	0	0	0
3	0.345996431923	0	0	0
3	0.369062860718	0	0	0
3	0.392129289513	0	0	0
3	0.415195718307	0	0	0
3	0.438262147102	0	0	0
3	0.461328575897	0	0	0
3	0.484395004692	0	0	0
3	0.507461433487	0	0	0
3	0.530527862282	0	0	0
3	0.553594291077	0	0	0
3	0.576660719871	0	0	0
3	0.599727148666	0	0	0
3	0.622793577461	0	0	0
3	0.645860006256	0	0	0
3	0.668926435051	0	0	0
3	0.691992863846	0	0	0
3	0.715059292641	0	0	0
3	0.738125721435	0	0	0
3	0.76119215023	0	0	0
3	0.784258579025	0	0	0
3	0.80732500782	0	0	0
3	0.830391436615	0	0	0
3	0.85345786541	0	0	0
3	0.876524294205	0.000368202498241	0.000147280999296	9.18458398248e-05
3	0.899590722999	0.0026584519277	0.00272841118895	8.72545288829e-05
3	0.922657151794	0.0479806089607	0.0465609330599	0.00126938331552
3	0.945723580589	0.295916559074	0.292430713979	0.00392688484213
3	0.968790009384	1.01591705939	1.00673144325	0.00904678451834
3	0.991856438179	2.23790021465	2.25447511679	0.01381691327
3	1.01492286697	3.59554744756	3.62648921631	0.0127342451518
3	1.03798929577	4.59984250204	4.61370936026	0.0078105644971
3	1.06105572456	4.94828444207	4.92016574758	0.0184603199815
3	1.08412215336	4.49714374217	4.4783887105	0.0141065999927
3	1.10718858215	3.66580061438	3.64052541816	0.014066207925
3	1.13025501095	2.68714787287	2.67911421294	0.00366135446065
3	1.15332143974	1.80779189603	1.81569602766	0.00355554776133
3	1.17638786854	1.10734675102	1.12909090475	0.00983726777403
3	1.19945429733	0.665057433475	0.664172960817	0.00530500762284
3	1.22252072613	0.358636934366	0.354581738632	0.00432911337865
3	1.24558715492	0.179560528477	0.18317427905	0.00361498920284
3	1.26865358372	0.0891256838403	0.0891256838403	0.000718335094266
3	1.29172001251	0.0515650816873	0.0503682793935	0.00126667906442
3	1.31478644131	0.0405098400519	0.0424907613259	0.000884389812766
3	1.3378528701	0.0580512641982	0.0594547013546	0.000615744538375
3	1.3609192989	0.104123679751	0.10633339164	0.00302292241988
3	1.38398572769	0.180395437338	0.185723698451	0.00278758253433
3	1.40705215649	0.301764658592	0.301908960743	0.00263321443651
3	1.43011858528	0.447807476194	0.456395692378	0.00453207901486
3	1.45318501408	0.622121338992	0.627273874921	0.00223636240904
3	1.47625144287	0.795175684998	0.791720985207	0.00144796202725
3	1.49931787167	0.932900014356	0.927344917814	0.00634984568207
3	1.52238430046	0.972292884846	0.969734002835	0.00488949198302
3	1.54545072926	0.933827509755	0.926424546532	0.00582098637983
3	1.56851715805	0.817453661342	0.805279133057	0.00972284179213
3	1.59158358685	0.639772206045	0.641120601487	0.0010011910719
3	1.61465001564	0.461910313078	0.463586765812	0.00346917767887
3	1.63771644443	0.313365471423	0.318119903486	0.00326636284747
3	1.66078287323	0.215377502719	0.220555478871	0.00395132207061
3	1.68384930202	0.195250971469	0.195668562978	0.00458480098662
3	1.70691573082	0.253058445619	0.255143173624	0.00541677814661
3	1.72998215961	0.436326290545	0.439300879842	0.0035709681229
3	1.75304858841	0.748630703565	0.756589039394	0.00529147235312
3	1.7761150172	1.19160374664	1.19728618527	0.00641422439502
3	1.799181446	1.72355755931	1.72166215793	0.00424223011428
3	1.82224787479	2.23948795764	2.23805444769	0.00690865916832
3	1.84531430359	2.59968806267	2.58690287723	0.0101243724869
3	1.86838073238	2.72018010814	2.71779718554	0.0108006627961
3	1.89144716118	2.55411081593	2.54493175131	0.0130651318796
3	1.91451358997	2.18982310856	2.18033549289	0.00726001599548
3	1.93758001877	1.69767618325	1.68972654331	0.00406653380942
3	1.96064644756	1.19526734772	1.19852257948	0.00184590439302
3	1.98371287636	0.797857867134	0.804777916534	0.00847286592484
3	2.00677930515	0.54146932513	0.547281611056	0.00532631938235
3	2.02984573395	0.428690294431	0.436258122705	0.00554859113166
3	2.05291216274	0.45775694858	0.465311053404	0.00444588525352
3	2.07597859154	0.584427470997	0.592735181912	0.00474862221915
3	2.09904502033	0.748090134457	0.757920902211	0.00419563017294
3	2.12211144913	0.927337079711	0.915736010514	0.00524308930033
3	2.14517787792	1.02441698893	1.00782263989	0.00791242089167
3	2.16824430672	1.02224978616	1.01701813593	0.00540675367585
3	2.19131073551	0.913724822498	0.915579991966	0.00118921218708
3	2.21437716431	0.776094413235	0.780146340024	0.00264069154048
3	2.2374435931	0.65725517319	0.655597815665	0.00282922847998
3	2.2605100219	0.57517862895	0.579663978925	0.00465047576038
3	2.28357645069	0.569397869114	0.575451070581	0.0059649186623
4	0	0	0	0
4	0.0230664287949	0	0	0
4	0.0461328575897	0	0	0
4	0.0691992863846	0	0	0
4	0.0922657151794	0	0	0
4	0.115332143974	0	0	0
4	0.138398572769	0	0	0
4	0.161465001564	0	0	0
4	0.184531430359	0	0	0
4	0.207597859154	0	0	0
4	0.230664287949	0	0	0
4	0.253730716743	0	0	0
4	0.276797145538	0	0	0
4	0.299863574333	0	0	0
4	0.322930003128	0	0	0
4	0.345996431923	0	0	0
4	0.369062860718	0	0	0
4	0.392129289513	0	0	0
4	0.415195718307	0	0	0
4	0.438262147102	0	0	0
4	0.461328575897	0	0	0
4	0.484395004692	0	0	0
4	0.507461433487	0	0	0
4	0.530527862282	0	0	0
4	0.553594291077	0	0	0
4	0.576660719871	0	0	0
4	0.599727148666	0	0	0
4	0.622793577461	0	0	0
4	0.645860006256	0	0	0
4	0.668926435051	0	0	0
4	0.691992863846	0	0	0
4	0.715059292641	0	0	0
4	0.738125721435	0	0	0
4	0.76119215023	0	0	0
4	0.784258579025	0	0	0
4	0.80732500782	0	0	0
4	0.830391436615	0	0	0
4	0.85345786541	0	0	0
4	0.876524294205	0.000220921498945	0.000165691124209	7.0705426343e-05
4	0.899590722999	0.00223869636017	0.00260598248176	0.000124595755206
4	0.922657151794	0.0485129874235	0.0470489466508	0.00104163012852
4	0.945723580589	0.289642037903	0.29173354496	0.0030064135274
4	0.968790009384	0.992046543749	1.00306021837	0.00749305301597
4	0.991856438179	2.24880273149	2.25305702046	0.0104352042297
4	1.01492286697	3.62167523566	3.62528572115	0.00960738584218
4	1.03798929577	4.60326967232	4.61109943828	0.00627885625072
4	1.06105572456	4.91880272289	4.91982499141	0.0138483846116
4	1.08412215336	4.51368945368	4.48721389629	0.0130517535279
4	1.10718858215	3.66881693217	3.64759829666	0.0121989527535
4	1.13025501095	2.70135898664	2.68467540637	0.00554398387862
4	1.15332143974	1.79452322742	1.8104028276	0.00530325891361
4	1.17638786854	1.13920159326	1.13161857688	0.00769584324488
4	1.19945429733	0.64335485064	0.658968433273	0.00601213999131
4	1.22252072613	0.342772093373	0.351629327317	0.00413273361901
4	1.24558715492	0.180699778658	0.182555653952	0.00276366702243
4	1.26865358372	0.0887004320685	0.0890193708973	0.000546561814376
4	1.29172001251	0.0483508126696	0.0498639127125	0.00104561320695
4	1.31478644131	0.0403447632791	0.0419542618142	0.00080983365502
4	1.3378528701	0.0559142121645	0.0585695790571	0.000894901174985
4	1.3609192989	0.101718690998	0.105179716479	0.00247757613561
4	1.38398572769	0.179888457269	0.184264888155	0.00244275813892
4	1.40705215649	0.288575441972	0.29857558105	0.00349769036767
4	1.43011858528	0.443224610291	0.453102921856	0.00443681835808
4	1.45318501408	0.628266482543	0.627522026826	0.00169098351263
4	1.47625144287	0.805618499049	0.795195363668	0.0031988768979
4	1.49931787167	0.937988652409	0.930005851463	0.00529062659496
4	1.52238430046	0.985918314458	0.973780080741	0.0050720628428
4	1.54545072926	0.944776228827	0.931012467106	0.00590308777349
4	1.56851715805	0.812196126197	0.807008381342	0.00744432026873
4	1.59158358685	0.644902135073	0.642065984883	0.00111092442522
4	1.61465001564	0.462086011181	0.463211577154	0.00262209294094
4	1.63771644443	0.310461566809	0.316205319317	0.00295814264748
4	1.66078287323	0.21492062247	0.219146764771	0.00320478372855
4	1.68384930202	0.187006906856	0.193503148947	0.0039167254807
4	1.70691573082	0.249616677687	0.25376154964	0.00423512092072
4	1.72998215961	0.418306407314	0.43405226171	0.00527578328033
4	1.75304858841	0.742699256392	0.753116593644	0.00497928001113
4	1.7761150172	1.19905513206	1.19772842197	0.00482588949601
4	1.799181446	1.71377941388	1.71969147192	0.00361050453082
4	1.82224787479	2.23831351576	2.23811921471	0.00518179795496
4	1.84531430359	2.5968581402	2.58939169297	0.00789325942621
4	1.86838073238	2.74096905364	2.72359015256	0.0095282161733
4	1.89144716118	2.58297916127	2.5544436038	0.0128013258413
4	1.91451358997	2.18604998088	2.18176411489	0.00558380481837
4	1.93758001877	1.69373193882	1.69072789219	0.00317079120519
4	1.96064644756	1.19519268644	1.19769010622	0.00156089733838
4	1.98371287636	0.798674851181	0.803252150196	0.0064905732983
4	2.00677930515	0.537462982501	0.544826953917	0.00452514643052
4	2.02984573395	0.420216556695	0.432247731202	0.00542033585184
4	2.05291216274	0.458956157043	0.463722329314	0.00360712482468
4	2.07597859154	0.58196181348	0.590041839804	0.00425730120898
4	2.09904502033	0.761076135362	0.758709710498	0.00322001975066
4	2.12211144913	0.923318380887	0.917631603107	0.00426122872583
4	2.14517787792	1.01606362587	1.00988288639	0.00619673818802
4	2.16824430672	1.01529462499	1.01658725819	0.00407219792672
4	2.19131073551	0.914287357756	0.915256833413	0.000934786340315
4	2.21437716431	0.780138525315	0.780144386347	0.00198051937807
4	2.2374435931	0.646782817098	0.653394066023	0.00285393318426
4	2.2605100219	0.562273872042	0.575316452204	0.00513233734653
4	2.28357645069	0.56364236608	0.572498894456	0.00515270813698
5	0	0	0	0
5	0.0230664287949	0	0	0
5	0.0461328575897	0	0	0
5	0.0691992863846	0	0	0
5	0.0922657151794	0	0	0
5	0.115332143974	0	0	0
5	0.138398572769	0	0	0
5	0.161465001564	0	0	0
5	0.184531430359	0	0	0
5	0.207597859154	0	0	0
5	0.230664287949	0	0	0
5	0.253730716743	0	0	0
5	0.276797145538	0	0	0
5	0.299863574333	0	0	0
5	0.322930003128	0	0	0
5	0.345996431923	0	0	0
5	0.369062860718	0	0	0
5	0.392129289513	0	0	0
5	0.415195718307	0	0	0
5	0.438262147102	0	0	0
5	0.461328575897	0	0	0
5	0.484395004692	0	0	0
5	0.507461433487	0	0	0
5	0.530527862282	0	0	0
5	0.553594291077	0	0	0
5	0.576660719871	0	0	0
5	0.599727148666	0	0	0
5	0.622793577461	0	0	0
5	0.645860006256	0	0	0
5	0.668926435051	0	0	0
5	0.691992863846	0	0	0
5	0.715059292641	0	0	0
5	0.738125721435	0	0	0
5	0.76119215023	0	0	0
5	0.784258579025	0	0	0
5	0.80732500782	0	0	0
5	0.830391436615	0	0	0
5	0.85345786541	0	0	0
5	0.876524294205	0	0.000132552899367	6.38595195543e-05
5	0.899590722999	0.00342800380151	0.00277038674571	0.000177646939241
5	0.922657151794	0.0423240877933	0.0461039748793	0.00118691745581
5	0.945723580589	0.298895372156	0.293165910399	0.00272506713154
5	0.968790009384	1.00340770056	1.00312971481	0.00599476468629
5	0.991856438179	2.25462894419	2.25337140521	0.00835289782627
5	1.01492286697	3.63479425163	3.62718742725	0.00787187277597
5	1.03798929577	4.60917495035	4.61071454069	0.00503486840391
5	1.06105572456	4.87882066537	4.9116241262	0.0132868775934
5	1.08412215336	4.51436676351	4.49264446974	0.0115158931587
5	1.10718858215	3.650069357	3.64809250873	0.00976916799707
5	1.13025501095	2.67191213334	2.68212275176	0.00498835855402
5	1.15332143974	1.82191660779	1.81270558364	0.00471612802649
5	1.17638786854	1.1427821763	1.13385129676	0.00647245490908
5	1.19945429733	0.651829946857	0.65754073599	0.00497634254066
5	1.22252072613	0.347882402732	0.3508799424	0.00337344541815
5	1.24558715492	0.180993778704	0.182243278902	0.00222851744445
5	1.26865358372	0.0910393168134	0.0894233600806	0.000567232660343
5	1.29172001251	0.0506760285547	0.050026335881	0.000849012069869
5	1.31478644131	0.0446367593726	0.0424907613259	0.000806223872177
5	1.3378528701	0.0622615756675	0.0593079783792	0.000974027535233
5	1.3609192989	0.107946995205	0.105733172225	0.00204294298855
5	1.38398572769	0.186419553447	0.184695821214	0.00199185484631
5	1.40705215649	0.295069038776	0.297874272595	0.00286759883879
5	1.43011858528	0.453703724399	0.453223082365	0.00355108144225
5	1.45318501408	0.637876729066	0.629592967274	0.00229370172963
5	1.47625144287	0.784759109173	0.793108112769	0.00316769531884
5	1.49931787167	0.918829930138	0.927770667198	0.00468090867354
5	1.52238430046	0.970268817403	0.973077828073	0.00410597769055
5	1.54545072926	0.923669398407	0.929543853366	0.00490175336187
5	1.56851715805	0.808264606553	0.807259626384	0.00595969445405
5	1.59158358685	0.647613991827	0.643175586272	0.00133222751956
5	1.61465001564	0.464040652579	0.463377392239	0.00210291069807
5	1.63771644443	0.319643029926	0.316892861439	0.00244510948753
5	1.66078287323	0.221130040396	0.219543419896	0.00258825752748
5	1.68384930202	0.1944225238	0.193687023918	0.00313769352203
5	1.70691573082	0.258348934612	0.254679026634	0.00348605948382
5	1.72998215961	0.437762519282	0.434794313224	0.00427249358825
5	1.75304858841	0.753554923859	0.753204259687	0.00398419566572
5	1.7761150172	1.19420264448	1.19702326647	0.00391189077745
5	1.799181446	1.72685236919	1.72112365137	0.00315971294409
5	1.82224787479	2.24005790738	2.23850695324	0.00415991973067
5	1.84531430359	2.60091773136	2.59169690065	0.00664269932692
5	1.86838073238	2.70691791129	2.72025570431	0.00818525835469
5	1.89144716118	2.54360594582	2.5522760722	0.0104229495962
5	1.91451358997	2.16724696698	2.1788606853	0.00516704978349
5	1.93758001877	1.67969776678	1.68852186711	0.00321368077488
5	1.96064644756	1.20921407463	1.1999948999	0.00241017747402
5	1.98371287636	0.808216057733	0.804244931703	0.00526783815347
5	2.00677930515	0.548355672069	0.545532697547	0.00367473909233
5	2.02984573395	0.441205782073	0.434039341376	0.00462289083702
5	2.05291216274	0.462880839285	0.463554031308	0.00288962334147
5	2.07597859154	0.585600324303	0.589153536704	0.0034972873219
5	2.09904502033	0.753096785409	0.75758712548	0.0027647812034
5	2.12211144913	0.928013241735	0.919707930833	0.00388201937423
5	2.14517787792	1.01479001895	1.0108643129	0.00503450886068
5	2.16824430672	1.01666365495	1.01660253755	0.00325778700619
5	2.19131073551	0.913617102981	0.914928887327	0.000803297721787
5	2.21437716431	0.778157496499	0.779747008377	0.00162379182316
5	2.2374435931	0.658024523911	0.654320157601	0.00242875989859
5	2.2605100219	0.573119718302	0.574877105424	0.00412463185309
5	2.28357645069	0.576222881333	0.573243691831	0.00417564788231
6	0	0	0	0
6	0.0230664287949	0	0	0
6	0.0461328575897	0	0	0
6	0.0691992863846	0	0	0
6	0.0922657151794	0	0	0
6	0.115332143974	0	0	0
6	0.138398572769	0	0	0
6	0.161465001564	0	0	0
6	0.184531430359	0	0	0
6	0.207597859154	0	0	0
6	0.230664287949	0	0	0
6	0.253730716743	0	0	0
6	0.276797145538	0	0	0
6	0.299863574333	0	0	0
6	0.322930003128	0	0	0
6	0.345996431923	0	0	0
6	0.369062860718	0	0	0
6	0.392129289513	0	0	0
6	0.415195718307	0	0	0
6	0.438262147102	0	0	0
6	0.461328575897	0	0	0
6	0.484395004692	0	0	0
6	0.507461433487	0	0	0
6	0.530527862282	0	0	0
6	0.553594291077	0	0	0
6	0.576660719871	0	0	0
6	0.599727148666	0	0	0
6	0.622793577461	0	0	0
6	0.645860006256	0	0	0
6	0.668926435051	0	0	0
6	0.691992863846	0	0	0
6	0.715059292641	0	0	0
6	0.738125721435	0	0	0
6	0.76119215023	0	0	0
6	0.784258579025	0	0	0
6	0.80732500782	0	0	0
6	0.830391436615	0	0	0
6	0.85345786541	0	0	0
6	0.876524294205	7.36404996482e-05	0.00012273416608	5.39658280878e-05
6	0.899590722999	0.00398767789155	0.00297326860335	0.000237100091401
6	0.922657151794	0.0583619889855	0.0481469772303	0.00211104953072
6	0.945723580589	0.299846057182	0.294279268196	0.00248795285834
6	0.968790009384	1.01217029491	1.00463647816	0.00518153818032
6	0.991856438179	2.28422148988	2.25851308599	0.00839540050865
6	1.01492286697	3.6312113271	3.62785807722	0.00658840030057
6	1.03798929577	4.5879264946	4.60691653301	0.005442868338
6	1.06105572456	4.86544283047	4.90392724358	0.0131135934217
6	1.08412215336	4.45403780953	4.48621002637	0.011251489685
6	1.10718858215	3.64658899032	3.64784192233	0.00814418656026
6	1.13025501095	2.70153718242	2.6853584902	0.00509954552657
6	1.15332143974	1.80299805447	1.81108766211	0.00419846761466
6	1.17638786854	1.12557891525	1.13247256651	0.00553861125539
6	1.19945429733	0.66133472766	0.658173067935	0.00418693383474
6	1.22252072613	0.372061030591	0.354410123765	0.00427644960431
6	1.24558715492	0.178274278273	0.181581778797	0.00195280938415
6	1.26865358372	0.0989064745918	0.0910038791658	0.00151826874757
6	1.29172001251	0.0556000151349	0.0509552824233	0.00110439510498
6	1.31478644131	0.0507776153218	0.0438719036585	0.00142864103642
6	1.3378528701	0.0688322132636	0.0608953508599	0.00166091325918
6	1.3609192989	0.11537779379	0.107340609152	0.00224756662022
6	1.38398572769	0.192861182553	0.18605671477	0.00207329636483
6	1.40705215649	0.309585835187	0.299826199694	0.0029808586545
6	1.43011858528	0.45971174982	0.454304526941	0.0031195626312
6	1.45318501408	0.627968700256	0.629322256105	0.00192732706916
6	1.47625144287	0.783998200612	0.791589794076	0.00298149892586
6	1.49931787167	0.914377371841	0.925538451305	0.00440093514057
6	1.52238430046	0.951287014193	0.96944602576	0.00476438162357
6	1.54545072926	0.900262618248	0.924663647513	0.00604421653212
6	1.56851715805	0.802472012522	0.80646169074	0.00501954509998
6	1.59158358685	0.633760923572	0.641606475822	0.00181225751042
6	1.61465001564	0.471683520064	0.464761746877	0.00216056170658
6	1.63771644443	0.320539823998	0.317500688532	0.00211178981098
6	1.66078287323	0.233715014521	0.221905352334	0.00304976625193
6	1.68384930202	0.20707150529	0.195917770813	0.0033141739682
6	1.70691573082	0.265547146402	0.256490379929	0.00334267562014
6	1.72998215961	0.450726877356	0.43744974058	0.00430727378882
6	1.75304858841	0.772244578159	0.756377646099	0.00440629857632
6	1.7761150172	1.22084589087	1.20099370387	0.00487483170819
6	1.799181446	1.72830491978	1.72232052944	0.0028507804023
6	1.82224787479	2.23176772938	2.23738374927	0.00361505693569
6	1.84531430359	2.57624013364	2.58912077281	0.00601440261507
6	1.86838073238	2.69439524215	2.71594562728	0.00787447401724
6	1.89144716118	2.52628493862	2.54794421661	0.00954360772794
6	1.91451358997	2.12945306562	2.17062608202	0.00866301336908
6	1.93758001877	1.66991359456	1.68542048835	0.00389711470615
6	1.96064644756	1.2002397889	1.20003571473	0.00200882678532
6	1.98371287636	0.811688239934	0.805485483075	0.00453358455632
6	2.00677930515	0.562142623393	0.548301018522	0.00397037891917
6	2.02984573395	0.45398607402	0.437363796817	0.00490418786905
6	2.05291216274	0.484085025287	0.466975863638	0.00394411013473
6	2.07597859154	0.604752485667	0.591753361531	0.00375850198909
6	2.09904502033	0.76162373781	0.758259894202	0.00238443395418
6	2.12211144913	0.913915901417	0.918742592597	0.00335289343471
6	2.14517787792	1.00572493437	1.01000774981	0.00426766914143
6	2.16824430672	1.01453676911	1.01625824281	0.00273295510824
6	2.19131073551	0.908949257224	0.91393228231	0.00112951350827
6	2.21437716431	0.778684989379	0.779570005211	0.0013627729161
6	2.2374435931	0.658805357479	0.655067690914	0.00213591021289
6	2.2605100219	0.589669759637	0.577342547792	0.00410848336547
6	2.28357645069	0.594724287637	0.576823791132	0.00477381227541
7	0	0	0	0
7	0.0230664287949	0	0	0
7	0.0461328575897	0	0	0
7	0.0691992863846	0	0	0
7	0.0922657151794	0	0	0
7	0.115332143974	0	0	0
7	0.138398572769	0	0	0
7	0.161465001564	0	0	0
7	0.184531430359	0	0	0
7	0.207597859154	0	0	0
7	0.230664287949	0	0	0
7	0.253730716743	0	0	0
7	0.276797145538	0	0	0
7	0.299863574333	0	0	0
7	0.322930003128	0	0	0
7	0.345996431923	0	0	0
7	0.369062860718	0	0	0
7	0.392129289513	0	0	0
7	0.415195718307	0	0	0
7	0.438262147102	0	0	0
7	0.461328575897	0	0	0
7	0.484395004692	0	0	0
7	0.507461433487	0	0	0
7	0.530527862282	0	0	0
7	0.553594291077	0	0	0
7	0.576660719871	0	0	0
7	0.599727148666	0	0	0
7	0.622793577461	0	0	0
7	0.645860006256	0	0	0
7	0.668926435051	0	0	0
7	0.691992863846	0	0	0
7	0.715059292641	0	0	0
7	0.738125721435	0	0	0
7	0.76119215023	0	0	0
7	0.784258579025	0	0	0
7	0.80732500782	0	0	0
7	0.830391436615	0	0	0
7	0.85345786541	0	0	0
7	0.876524294205	0.000147280999296	0.00012624085654	4.63702161883e-05
7	0.899590722999	0.00349796306276	0.00304822495469	0.000214750325548
7	0.922657151794	0.0482467981921	0.0481612373677	0.0018095191893
7	0.945723580589	0.298895372156	0.294938711619	0.00221820434678
7	0.968790009384	1.02661346767	1.00777604809	0.00530792618194
7	0.991856438179	2.23259316942	2.25481024076	0.00797092116242
7	1.01492286697	3.62757328066	3.627817392	0.00564732587758
7	1.03798929577	4.57906857756	4.60293825366	0.00594398176767
7	1.06105572456	4.90416282809	4.90396089851	0.011240266119
7	1.08412215336	4.4923541941	4.48708776462	0.0096783100131
7	1.10718858215	3.67549923619	3.65179296716	0.00788106956031
7	1.13025501095	2.69739413045	2.68707786738	0.00465187246839
7	1.15332143974	1.82525517602	1.81311159267	0.0040572964692
7	1.17638786854	1.12599047652	1.13154655365	0.00482417111198
7	1.19945429733	0.642443975813	0.655926054775	0.00414816359586
7	1.22252072613	0.353335941823	0.354256669202	0.00366828045291
7	1.24558715492	0.179082778401	0.181224778741	0.00170615680648
7	1.26865358372	0.0862552343806	0.0903255013393	0.00144500047032
7	1.29172001251	0.0497527810709	0.0507834965158	0.000959891835331
7	1.31478644131	0.0428869455806	0.0437311953617	0.00123145921602
7	1.3378528701	0.0589124642715	0.0606120813473	0.00144759427924
7	1.3609192989	0.102828685807	0.106696048674	0.00201679302131
7	1.38398572769	0.182781225896	0.185588787788	0.0018291529161
7	1.40705215649	0.296829525021	0.299398103312	0.00258557952673
7	1.43011858528	0.451663790186	0.453927278833	0.00269662462494
7	1.45318501408	0.636929239972	0.630408968086	0.00193424999853
7	1.47625144287	0.791134998154	0.79152482323	0.00255627831064
7	1.49931787167	0.915089781168	0.924045784143	0.0040173973828
7	1.52238430046	0.992706345515	0.972768928582	0.00511286224031
7	1.54545072926	0.936367037593	0.926335560382	0.00540705173807
7	1.56851715805	0.807589967088	0.806622873076	0.00430505430927
7	1.59158358685	0.643772194758	0.641915864242	0.00157955219939
7	1.61465001564	0.461493030083	0.464294787335	0.00190170234664
7	1.63771644443	0.314112799816	0.31701670443	0.00186474120917
7	1.66078287323	0.219115613845	0.221506818264	0.00263999654411
7	1.68384930202	0.191997798914	0.195357774827	0.00288764425723
7	1.70691573082	0.250600039953	0.255648902789	0.00296917775139
7	1.72998215961	0.43377937825	0.436925403104	0.00372372679466
7	1.75304858841	0.742009119457	0.754324999436	0.00422798708987
7	1.7761150172	1.19093130454	1.19955621825	0.00438525068867
7	1.799181446	1.71702108166	1.72156346547	0.00254206362542
7	1.82224787479	2.232665832	2.23670976109	0.00316082475095
7	1.84531430359	2.6091716719	2.59198518697	0.00579731442444
7	1.86838073238	2.73694273614	2.71894521426	0.0072985324267
7	1.89144716118	2.56248263608	2.55002113367	0.00840319022747
7	1.91451358997	2.17930218821	2.17186552576	0.00751358238951
7	1.93758001877	1.68939021239	1.68598759179	0.00338139439304
7	1.96064644756	1.20162848869	1.20026325387	0.00173469030571
7	1.98371287636	0.799404301224	0.804616742811	0.00396829220102
7	2.00677930515	0.539302193174	0.547015472043	0.00360529985399
7	2.02984573395	0.42715721688	0.435905713969	0.00441502616639
7	2.05291216274	0.457402636988	0.465608259831	0.00360999309865
7	2.07597859154	0.586306701862	0.590975267292	0.00330113223098
7	2.09904502033	0.763592498991	0.759021694886	0.00216207195603
7	2.12211144913	0.923420443079	0.919410856951	0.00293975024015
7	2.14517787792	1.01372867984	1.01053931124	0.00369095810203
7	2.16824430672	1.02539122099	1.01756295398	0.00263563090174
7	2.19131073551	0.909559667823	0.913307623097	0.00112773197608
7	2.21437716431	0.773832054884	0.778750298021	0.00139297095194
7	2.2374435931	0.658598666241	0.655572115961	0.00188940505762
7	2.2605100219	0.565570379256	0.57566080943	0.00385039919725
7	2.28357645069	0.565792410317	0.575247879587	0.00434417530131
8	0	0	0	0
8	0.0230664287949	0	0	0
8	0.0461328575897	0	0	0
8	0.0691992863846	0	0	0
8	0.0922657151794	0	0	0
8	0.115332143974	0	0	0
8	0.138398572769	0	0	0
8	0.161465001564	0	0	0
8	0.184531430359	0	0	0
8	0.207597859154	0	0	0
8	0.230664287949	0	0	0
8	0.253730716743	0	0	0
8	0.276797145538	0	0	0
8	0.299863574333	0	0	0
8	0.322930003128	0	0	0
8	0.345996431923	0	0	0
8	0.369062860718	0	0	0
8	0.392129289513	0	0	0
8	0.415195718307	0	0	0
8	0.438262147102	0	0	0
8	0.461328575897	0	0	0
8	0.484395004692	0	0	0
8	0.507461433487	0	0	0
8	0.530527862282	0	0	0
8	0.553594291077	0	0	0
8	0.576660719871	0	0	0
8	0.599727148666	0	0	0
8	0.622793577461	0	0	0
8	0.645860006256	0	0	0
8	0.668926435051	0	0	0
8	0.691992863846	0	0	0
8	0.715059292641	0	0	0
8	0.738125721435	0	0	0
8	0.76119215023	0	0	0
8	0.784258579025	0	0	0
8	0.80732500782	0	0	0
8	0.830391436615	0	0	0
8	0.85345786541	0	0	0
8	0.876524294205	0.000220921498945	0.00013807593684	4.20571637697e-05
8	0.899590722999	0.00384775936904	0.00314816675648	0.000209877783766
8	0.922657151794	0.0443205070289	0.0476811460754	0.00164578502103
8	0.945723580589	0.296043317078	0.295076787302	0.00194522142758
8	0.968790009384	0.977301212568	1.00396669365	0.00585389305204
8	0.991856438179	2.25128319828	2.25436936045	0.00698673816261
8	1.01492286697	3.65563033581	3.63129400998	0.00591553443807
8	1.03798929577	4.64803378878	4.60857519555	0.00740631215247
8	1.06105572456	4.87417628495	4.90023782182	0.0104336207934
8	1.08412215336	4.47479251784	4.48555085877	0.0085896840449
8	1.10718858215	3.65512748991	3.65220978251	0.00690694937066
8	1.13025501095	2.67048656707	2.68500395484	0.0045090504404
8	1.15332143974	1.81999051073	1.81397145743	0.00364010999963
8	1.17638786854	1.14619813484	1.1333780013	0.00455554940821
8	1.19945429733	0.66026543982	0.656468477905	0.00366493579291
8	1.22252072613	0.365310845842	0.355638441282	0.00346021644263
8	1.24558715492	0.175591527847	0.180520622379	0.00163173798995
8	1.26865358372	0.0875664273437	0.0899806170899	0.00130488397324
8	1.29172001251	0.0458546250283	0.0501673875799	0.00101861791179
8	1.31478644131	0.0419625156528	0.0435101103981	0.00109719313519
8	1.3378528701	0.0601564199329	0.0605551236705	0.00126776503995
8	1.3609192989	0.109920319311	0.107099082504	0.00180451552296
8	1.38398572769	0.191101663492	0.186277897251	0.00172543944964
8	1.40705215649	0.310076462501	0.300732898211	0.00258405503932
8	1.43011858528	0.458873420692	0.454545546565	0.00242938943397
8	1.45318501408	0.618114813681	0.628872198785	0.00222056363639
8	1.47625144287	0.780744660556	0.790177302896	0.00256746105175
8	1.49931787167	0.930177592997	0.924812260249	0.00358759538132
8	1.52238430046	0.969108681186	0.972311397657	0.00449417920196
8	1.54545072926	0.909534290635	0.924235401663	0.0051228220195
8	1.56851715805	0.805542785261	0.806487862099	0.00376903896832
8	1.59158358685	0.63407730686	0.640936044569	0.00165839192383
8	1.61465001564	0.470036350347	0.465012482711	0.00179431381183
8	1.63771644443	0.327799585533	0.318364564568	0.00206201675534
8	1.66078287323	0.219780166934	0.221290986848	0.0023188027794
8	1.68384930202	0.193351603642	0.195107003429	0.00253755422027
8	1.70691573082	0.251485065993	0.25512842319	0.00264325543307
8	1.72998215961	0.432611245543	0.436386133409	0.00329707820902
8	1.75304858841	0.747194472646	0.753433683587	0.00379227571754
8	1.7761150172	1.19656527888	1.19918235083	0.00385299854833
8	1.799181446	1.73969504209	1.72382991255	0.00307281959812
8	1.82224787479	2.23416842676	2.23639209429	0.00278163880664
8	1.84531430359	2.59724557006	2.59264273485	0.005109804529
8	1.86838073238	2.7101718332	2.71784854163	0.00646808377244
8	1.89144716118	2.56147224399	2.55145252246	0.00747370769611
8	1.91451358997	2.17180290124	2.1718576977	0.00657438866868
8	1.93758001877	1.69787492425	1.68747350834	0.00326894158836
8	1.96064644756	1.20907968433	1.20136530768	0.00183482644646
8	1.98371287636	0.805487914575	0.804725639281	0.00347374950376
8	2.00677930515	0.539430510198	0.546067351813	0.00327693491326
8	2.02984573395	0.433582205525	0.435615275413	0.00387268923339
8	2.05291216274	0.460523304466	0.46497264041	0.00321421436047
8	2.07597859154	0.582454944984	0.589910227004	0.00305547058577
8	2.09904502033	0.760671952603	0.759227977101	0.00190162814174
8	2.12211144913	0.924351760585	0.920028469905	0.00263636055029
8	2.14517787792	1.00930851464	1.01038546167	0.00323279319191
8	2.16824430672	1.0152212841	1.01727024524	0.00232237403065
8	2.19131073551	0.917183815892	0.913792147197	0.00108587488377
8	2.21437716431	0.783596534195	0.779356077543	0.00134413244552
8	2.2374435931	0.658288629383	0.655911680138	0.00168346618173
8	2.2605100219	0.571004553263	0.575078777409	0.00341280620475
8	2.28357645069	0.580677331957	0.575926561133	0.00385380327014
9	0	0	0	0
9	0.0230664287949	0	0	0
9	0.0461328575897	0	0	0
9	0.0691992863846	0	0	0
9	0.0922657151794	0	0	0
9	0.115332143974	0	0	0
9	0.138398572769	0	0	0
9	0.161465001564	0	0	0
9	0.184531430359	0	0	0
9	0.207597859154	0	0	0
9	0.230664287949	0	0	0
9	0.253730716743	0	0	0
9	0.276797145538	0	0	0
9	0.299863574333	0	0	0
9	0.322930003128	0	0	0
9	0.345996431923	0	0	0
9	0.369062860718	0	0	0
9	0.392129289513	0	0	0
9	0.415195718307	0	0	0
9	0.438262147102	0	0	0
9	0.461328575897	0	0	0
9	0.484395004692	0	0	0
9	0.507461433487	0	0	0
9	0.530527862282	0	0	0
9	0.553594291077	0	0	0
9	0.576660719871	0	0	0
9	0.599727148666	0	0	0
9	0.622793577461	0	0	0
9	0.645860006256	0	0	0
9	0.668926435051	0	0	0
9	0.691992863846	0	0	0
9	0.715059292641	0	0	0
9	0.738125721435	0	0	0
9	0.76119215023	0	0	0
9	0.784258579025	0	0	0
9	0.80732500782	0	0	0
9	0.830391436615	0	0	0
9	0.85345786541	0	0	0
9	0.876524294205	0	0.00012273416608	4.00848107871e-05
9	0.899590722999	0.00412759641406	0.00325699227399	0.000212910788086
9	0.922657151794	0.0445201489524	0.0473299241728	0.00149992849565
9	0.945723580589	0.290909617938	0.294613768483	0.00178334043757
9	0.968790009384	0.976153010549	1.00087628442	0.00596367749647
9	0.991856438179	2.22440186048	2.25103963823	0.00695878186978
9	1.01492286697	3.62332889314	3.63040899699	0.00532404388501
9	1.03798929577	4.62715441291	4.61063955303	0.0068650614737
9	1.06105572456	4.88997727486	4.89909776104	0.00933640790618
9	1.08412215336	4.49564398469	4.4866723172	0.00770813517431
9	1.10718858215	3.7135512452	3.65902550058	0.00888740939387
9	1.13025501095	2.69837420726	2.68648953844	0.00424572307357
9	1.15332143974	1.82966379818	1.81571505084	0.00362929464285
9	1.17638786854	1.13986009129	1.13409823352	0.00410591687909
9	1.19945429733	0.64383008968	0.655064212547	0.00351647530739
9	1.22252072613	0.337051597823	0.353573236453	0.00364024719689
9	1.24558715492	0.17257802737	0.179638111823	0.00167213842199
9	1.26865358372	0.0844479143505	0.089365872341	0.00129664248001
9	1.29172001251	0.0497527810709	0.05012132019	0.000906479253042
9	1.31478644131	0.044075498345	0.0435729312811	0.000977079567752
9	1.3378528701	0.0611452052022	0.0606206882851	0.00112859637681
9	1.3609192989	0.108686991745	0.107275516864	0.00161261606129
9	1.38398572769	0.196976667816	0.187466649536	0.00189958587585
9	1.40705215649	0.308258255396	0.301569049009	0.00242845390002
9	1.43011858528	0.451607901577	0.454219141567	0.0021812744306
9	1.45318501408	0.631217234292	0.629132758286	0.00198906254208
9	1.47625144287	0.790977568797	0.790266221329	0.00228372683083
9	1.49931787167	0.923053499722	0.924616842413	0.00319429148445
9	1.52238430046	0.949411049246	0.969766914501	0.0046597909603
9	1.54545072926	0.921010081521	0.923877032759	0.00456613728204
9	1.56851715805	0.794864870962	0.805196418639	0.00356465050446
9	1.59158358685	0.638258086024	0.640638493619	0.00150058225052
9	1.61465001564	0.46823544479	0.465370589609	0.00163028926901
9	1.63771644443	0.323059388295	0.318886211648	0.00189773993944
9	1.66078287323	0.218762570016	0.221010051644	0.00207810673415
9	1.68384930202	0.193493045927	0.194927674818	0.00226193144004
9	1.70691573082	0.249321669007	0.254483228281	0.0024270264795
9	1.72998215961	0.427785516984	0.435430509362	0.00306609903938
9	1.75304858841	0.746317812214	0.752643031212	0.0034523496603
9	1.7761150172	1.18931380868	1.19808584615	0.00357751117277
9	1.799181446	1.7385790581	1.7254687065	0.00313811412666
9	1.82224787479	2.23596463199	2.23634459848	0.00247297328464
9	1.84531430359	2.60800938231	2.59435014013	0.00481887147783
9	1.86838073238	2.72594842425	2.71874852859	0.00581168384865
9	1.89144716118	2.5523306013	2.55155008678	0.00664393251819
9	1.91451358997	2.19649262057	2.17459491135	0.00638835157638
9	1.93758001877	1.70047384499	1.68891799019	0.00320903944246
9	1.96064644756	1.20046377273	1.20126513713	0.00163368890943
9	1.98371287636	0.796034242029	0.803759928475	0.00321921485963
9	2.00677930515	0.540428531493	0.545440816222	0.00297212300607
9	2.02984573395	0.421010969608	0.433992574768	0.00376704608563
9	2.05291216274	0.452374137866	0.463572806794	0.00314717508469
9	2.07597859154	0.58117546865	0.588939698298	0.00286596955737
9	2.09904502033	0.744661100082	0.75760943521	0.00227724367488
9	2.12211144913	0.920856130497	0.920120432193	0.00234503497924
9	2.14517787792	1.01488990969	1.01088595589	0.00291207897041
9	2.16824430672	1.04350642107	1.02018537589	0.00343732956003
9	2.19131073551	0.941588271016	0.916880605399	0.00306763528513
9	2.21437716431	0.79026638861	0.780568334328	0.00165341800466
9	2.2374435931	0.656198751303	0.655943576934	0.00149671652909
9	2.2605100219	0.571825867347	0.574717342958	0.00305268444169
9	2.28357645069	0.577766502836	0.5761309991	0.00343102117183
10	0	0	0	0
10	0.0230664287949	0	0	0
10	0.0461328575897	0	0	0
10	0.0691992863846	0	0	0
10	0.0922657151794	0	0	0
10	0.115332143974	0	0	0
10	0.138398572769	0	0	0
10	0.161465001564	0	0	0
10	0.184531430359	0	0	0
10	0.207597859154	0	0	0
10	0.230664287949	0	0	0
10	0.253730716743	0	0	0
10	0.276797145538	0	0	0
10	0.299863574333	0	0	0
10	0.322930003128	0	0	0
10	0.345996431923	0	0	0
10	0.369062860718	0	0	0
10	0.392129289513	0	0	0
10	0.415195718307	0	0	0
10	0.438262147102	0	0	0
10	0.461328575897	0	0	0
10	0.484395004692	0	0	0
10	0.507461433487	0	0	0
10	0.530527862282	0	0	0
10	0.553594291077	0	0	0
10	0.576660719871	0	0	0
10	0.599727148666	0	0	0
10	0.622793577461	0	0	0
10	0.645860006256	0	0	0
10	0.668926435051	0	0	0
10	0.691992863846	0	0	0
10	0.715059292641	0	0	0
10	0.738125721435	0	0	0
10	0.76119215023	0	0	0
10	0.784258579025	0	0	0
10	0.80732500782	0	0	0
10	0.830391436615	0	0	0
10	0.85345786541	0	0	0
10	0.876524294205	7.36404996482e-05	0.000117824799437	3.63757234702e-05
10	0.899590722999	0.00251853340519	0.00318314638711	0.000204024524241
10	0.922657151794	0.0456514531859	0.0471620770741	0.00135929453477
10	0.945723580589	0.283494274735	0.293501819109	0.00192063369622
10	0.968790009384	1.00739619178	1.00152827515	0.00540283228011
10	0.991856438179	2.24770671128	2.25070634554	0.00627088017419
10	1.01492286697	3.64014107747	3.63138220504	0.00487977761554
10	1.03798929577	4.64587203522	4.61416280125	0.00702470612419
10	1.06105572456	4.88376794017	4.89756477895	0.00852769170823
10	1.08412215336	4.48495216526	4.48650030201	0.00693924074194
10	1.10718858215	3.62802703471	3.655925654	0.00852213828948
10	1.13025501095	2.68982080963	2.68682266556	0.00383419737199
10	1.15332143974	1.82808011837	1.8169515576	0.00347061889796
10	1.17638786854	1.13689685015	1.13437809519	0.00370485068039
10	1.19945429733	0.645453823068	0.654103173599	0.00329353474694
10	1.22252072613	0.3617641386	0.354392326668	0.00336711324757
10	1.24558715492	0.175885527894	0.17926285343	0.00154645884721
10	1.26865358372	0.0923150721288	0.0896607923198	0.00120004925252
10	1.29172001251	0.0466410951071	0.0497732976817	0.000880107070174
10	1.31478644131	0.0394203333513	0.0431576714881	0.000963582407628
10	1.3378528701	0.0685132502735	0.0614099444839	0.00126188507238
10	1.3609192989	0.108964490447	0.107444414222	0.00146017240092
10	1.38398572769	0.194262833331	0.188146267916	0.00182716132083
10	1.40705215649	0.314665270909	0.302878671199	0.00251405724111
10	1.43011858528	0.463707785333	0.455168005943	0.00215968871356
10	1.45318501408	0.623962174945	0.628615699952	0.00185614490914
10	1.47625144287	0.784260582875	0.789665657484	0.00213285956216
10	1.49931787167	0.910764438823	0.923231602054	0.00316098643117
10	1.52238430046	0.95842061774	0.968632284825	0.00432974641342
10	1.54545072926	0.931383813158	0.924627710798	0.00417077326249
10	1.56851715805	0.786373719069	0.803314148682	0.00367166175995
10	1.59158358685	0.637082948097	0.640282939067	0.00139201015766
10	1.61465001564	0.470870916337	0.465920622282	0.00155728457854
10	1.63771644443	0.318169725379	0.318814563022	0.00170931794706
10	1.66078287323	0.224722780534	0.221381324533	0.00190317276071
10	1.68384930202	0.197837344681	0.195218641804	0.00205436754705
10	1.70691573082	0.259292962388	0.254964201691	0.00223147316379
10	1.72998215961	0.43651778771	0.435539237196	0.00276141627729
10	1.75304858841	0.742363514099	0.751615079501	0.00325655922287
10	1.7761150172	1.20995959852	1.19927322138	0.00341111840496
10	1.799181446	1.73664822866	1.72658665872	0.00301687276186
10	1.82224787479	2.23971248329	2.23668138696	0.00224849222697
10	1.84531430359	2.59692551931	2.59460767804	0.00434386075748
10	1.86838073238	2.70059084092	2.71693275982	0.00550686903859
10	1.89144716118	2.55008528555	2.55140360666	0.00598115378682
10	1.91451358997	2.15799419328	2.17293483954	0.00596130804545
10	1.93758001877	1.68738751464	1.68876494264	0.00289178281598
10	1.96064644756	1.20273347561	1.20141197098	0.00147690389599
10	1.98371287636	0.810827488884	0.804466684516	0.00297386324236
10	2.00677930515	0.550194882742	0.545916222874	0.00271266614578
10	2.02984573395	0.438000256285	0.43439334292	0.00341159331272
10	2.05291216274	0.46515660989	0.463731187104	0.00283643998902
10	2.07597859154	0.583427880112	0.588388516479	0.00263184047303
10	2.09904502033	0.75721684192	0.757570175881	0.00204985769183
10	2.12211144913	0.924390033907	0.920547392365	0.00214904830629
10	2.14517787792	1.01982201493	1.0117795618	0.00275456775985
10	2.16824430672	1.01991510112	1.02015834841	0.00309370285975
10	2.19131073551	0.912851097523	0.916477654611	0.0027872110182
10	2.21437716431	0.784053694691	0.780916870364	0.00152436885995
10	2.2374435931	0.658104903837	0.656159709625	0.00136256078921
10	2.2605100219	0.580860322271	0.575331640889	0.00280854418106
10	2.28357645069	0.591372423801	0.57765514157	0.00340968522452
11	0	0	0	0
11	0.0230664287949	0	0	0
11	0.0461328575897	0	0	0
11	0.0691992863846	0	0	0
11	0.0922657151794	0	0	0
11	0.115332143974	0	0	0
11	0.138398572769	0	0	0
11	0.161465001564	0	0	0
11	0.184531430359	0	0	0
11	0.207597859154	0	0	0
11	0.230664287949	0	0	0
11	0.253730716743	0	0	0
11	0.276797145538	0	0	0
11	0.299863574333	0	0	0
11	0.322930003128	0	0	0
11	0.345996431923	0	0	0
11	0.369062860718	0	0	0
11	0.392129289513	0	0	0
11	0.415195718307	0	0	0
11	0.438262147102	0	0	0
11	0.461328575897	0	0	0
11	0.484395004692	0	0	0
11	0.507461433487	0	0	0
11	0.530527862282	0	0	0
11	0.553594291077	0	0	0
11	0.576660719871	0	0	0
11	0.599727148666	0	0	0
11	0.622793577461	0	0	0
11	0.645860006256	0	0	0
11	0.668926435051	0	0	0
11	0.691992863846	0	0	0
11	0.715059292641	0	0	0
11	0.738125721435	0	0	0
11	0.76119215023	0	0	0
11	0.784258579025	0	0	0
11	0.80732500782	0	0	0
11	0.830391436615	0	0	0
11	0.85345786541	0	0	0
11	0.876524294205	0.000147280999296	0.000120502635788	3.31672589012e-05
11	0.899590722999	0.00377780010778	0.00323720581626	0.000192505598416
11	0.922657151794	0.0470489466508	0.0471517924902	0.00123576121092
11	0.945723580589	0.275064867505	0.291825732599	0.00236696031674
11	0.968790009384	1.00926957402	1.00223202959	0.00495728814781
11	0.991856438179	2.20767313095	2.24679423512	0.00681266485096
11	1.01492286697	3.63457376397	3.63167234676	0.00444477871952
11	1.03798929577	4.65615354607	4.61798014169	0.00735048168164
11	1.06105572456	4.9162281207	4.89926144639	0.00791943285609
11	1.08412215336	4.51339917804	4.48894565438	0.00672547796034
11	1.10718858215	3.63879296896	3.65436813718	0.00788844146261
11	1.13025501095	2.69075633749	2.6871802721	0.00350227082982
11	1.15332143974	1.80398250408	1.81577255273	0.00334938667817
11	1.17638786854	1.12520851011	1.13354449654	0.00346055624587
11	1.19945429733	0.654008125791	0.654094532889	0.00299413383181
11	1.22252072613	0.351772339706	0.354154146035	0.00306942461527
11	1.24558715492	0.181251028745	0.17944359664	0.00141639452792
11	1.26865358372	0.0859362955518	0.0893222017045	0.00113771780176
11	1.29172001251	0.0501289189347	0.0498056268865	0.000800690894951
11	1.31478644131	0.0432170991263	0.0431630740006	0.000875999151924
11	1.3378528701	0.063856390618	0.061632348678	0.00116660272613
11	1.3609192989	0.109303655528	0.107613436159	0.00133717622081
11	1.38398572769	0.182125134043	0.187598892109	0.00174111695731
11	1.40705215649	0.304650701616	0.303039764873	0.00229066198174
11	1.43011858528	0.454290554789	0.455088237656	0.00196482594796
11	1.45318501408	0.620388787506	0.62786779882	0.00183189502126
11	1.47625144287	0.7868844055	0.789412816394	0.00195389236236
11	1.49931787167	0.926590103169	0.923536920337	0.00288833166943
11	1.52238430046	0.963283316352	0.968146014963	0.00396334530001
11	1.54545072926	0.935217062723	0.925590379155	0.00390112857254
11	1.56851715805	0.819989375196	0.804830078365	0.00363738021742
11	1.59158358685	0.631184659655	0.639455822757	0.00149108253112
11	1.61465001564	0.471837255904	0.466458498066	0.001505740161
11	1.63771644443	0.321564731509	0.319064578339	0.00157210346766
11	1.66078287323	0.218388758904	0.221109273112	0.00174949336946
11	1.68384930202	0.183632498056	0.194165356009	0.00212049777441
11	1.70691573082	0.25162273671	0.254660432148	0.00204918367338
11	1.72998215961	0.432323999795	0.435246942887	0.00252580065303
11	1.75304858841	0.750178848582	0.751484513054	0.0029631246531
11	1.7761150172	1.20256273543	1.19957226812	0.00311409759228
11	1.799181446	1.72224672098	1.72619211892	0.00276828990319
11	1.82224787479	2.23175045818	2.23623312071	0.00208828970151
11	1.84531430359	2.60282119112	2.59535436105	0.00401262628531
11	1.86838073238	2.71398450937	2.71666473705	0.00501276275528
11	1.89144716118	2.56071845942	2.55225041145	0.00549703051481
11	1.91451358997	2.17803404156	2.17339840336	0.00543736492522
11	1.93758001877	1.69837942063	1.68963898609	0.00275782208496
11	1.96064644756	1.20727288138	1.20194478101	0.00143553494693
11	1.98371287636	0.798499783171	0.803924238939	0.00275253970005
11	2.00677930515	0.54122694853	0.545489925206	0.00249933219016
11	2.02984573395	0.432829603818	0.43425118482	0.00310440885489
11	2.05291216274	0.461231927648	0.463503981699	0.00258766564719
11	2.07597859154	0.587426243654	0.588301037132	0.00239403566317
11	2.09904502033	0.754948203208	0.757331814729	0.00187731437318
11	2.12211144913	0.923917996267	0.920853810901	0.00197540458756
11	2.14517787792	1.01648816151	1.01220761632	0.00253719394727
11	2.16824430672	1.01635806791	1.01981286837	0.00283168166791
11	2.19131073551	0.9194938011	0.916751849747	0.00254727962647
11	2.21437716431	0.775437977651	0.780418789209	0.00146490451629
11	2.2374435931	0.642959029183	0.654959647766	0.00168629262639
11	2.2605100219	0.568630618034	0.574722456993	0.00261845578394
11	2.28357645069	0.574822596112	0.577397637438	0.00310942217087
12	0	0	0	0
12	0.0230664287949	0	0	0
12	0.0461328575897	0	0	0
12	0.0691992863846	0	0	0
12	0.0922657151794	0	0	0
12	0.115332143974	0	0	0
12	0.138398572769	0	0	0
12	0.161465001564	0	0	0
12	0.184531430359	0	0	0
12	0.207597859154	0	0	0
12	0.230664287949	0	0	0
12	0.253730716743	0	0	0
12	0.276797145538	0	0	0
12	0.299863574333	0	0	0
12	0.322930003128	0	0	0
12	0.345996431923	0	0	0
12	0.369062860718	0	0	0
12	0.392129289513	0	0	0
12	0.415195718307	0	0	0
12	0.438262147102	0	0	0
12	0.461328575897	0	0	0
12	0.484395004692	0	0	0
12	0.507461433487	0	0	0
12	0.530527862282	0	0	0
12	0.553594291077	0	0	0
12	0.576660719871	0	0	0
12	0.599727148666	0	0	0
12	0.622793577461	0	0	0
12	0.645860006256	0	0	0
12	0.668926435051	0	0	0
12	0.691992863846	0	0	0
12	0.715059292641	0	0	0
12	0.738125721435	0	0	0
12	0.76119215023	0	0	0
12	0.784258579025	0	0	0
12	0.80732500782	0	0	0
12	0.830391436615	0	0	0
12	0.85345786541	0	0	0
12	0.876524294205	0	0.000110460749472	3.18872717214e-05
12	0.899590722999	0.00419755567531	0.00331723497118	0.000192380607278
12	0.922657151794	0.0453852639545	0.0470045817789	0.00114151571193
12	0.945723580589	0.280959114666	0.290920181105	0.00233652421887
12	0.968790009384	0.989327117916	1.00115662029	0.0046593678657
12	0.991856438179	2.19977024837	2.24287556956	0.0072852994768
12	1.01492286697	3.57752258109	3.62715986629	0.00593853374879
12	1.03798929577	4.6335869479	4.61928070887	0.00685203436704
12	1.06105572456	4.95257544572	4.90370427966	0.00841391239708
12	1.08412215336	4.54242674211	4.49340241169	0.00749766307367
12	1.10718858215	3.72218255456	3.66001933862	0.00903123085376
12	1.13025501095	2.69988887142	2.68823932205	0.00336673212812
12	1.15332143974	1.80552338172	1.81491845515	0.00317730345103
12	1.17638786854	1.12479694884	1.13281553423	0.00324804679716
12	1.19945429733	0.642602388827	0.653136854217	0.00289372995509
12	1.22252072613	0.341361037804	0.353088053682	0.00299305961893
12	1.24558715492	0.169968776956	0.178654028333	0.00150240127061
12	1.26865358372	0.0761555048003	0.0882249769625	0.00148028173727
12	1.29172001251	0.0405886949355	0.0490375492239	0.00103898431326
12	1.31478644131	0.036250859313	0.04258705611	0.00097414303072
12	1.3378528701	0.0520547599843	0.0608342162868	0.00131435031959
12	1.3609192989	0.0964462156534	0.10668283445	0.0015153553146
12	1.38398572769	0.173088959879	0.18638973109	0.0019716803469
12	1.40705215649	0.298099383951	0.302628066463	0.00213645024051
12	1.43011858528	0.448478139497	0.454537396143	0.00187671725602
12	1.45318501408	0.633085141363	0.628302577366	0.00173006269604
12	1.47625144287	0.814040969678	0.791465162501	0.00265876639454
12	1.49931787167	0.928879990293	0.923982176167	0.00268173736604
12	1.52238430046	0.987917698151	0.969793655229	0.00396076561829
12	1.54545072926	0.9444647773	0.927163245667	0.0038801769159
12	1.56851715805	0.819896321476	0.806085598625	0.00354433274593
12	1.59158358685	0.642913440119	0.639743957537	0.00139438715847
12	1.61465001564	0.463623369584	0.466222237359	0.00139867444533
12	1.63771644443	0.308390399547	0.318175063439	0.00167393390341
12	1.66078287323	0.210933303936	0.220261275681	0.0017975081633
12	1.68384930202	0.180480355704	0.193024939317	0.00222945938692
12	1.70691573082	0.238898028984	0.253346898551	0.00226054090805
12	1.72998215961	0.411067814476	0.43323201552	0.00301368522647
12	1.75304858841	0.728001204907	0.749527570708	0.00329972990718
12	1.7761150172	1.17064899692	1.19716199552	0.00367069164495
12	1.799181446	1.72253014548	1.72588695447	0.00255436371303
12	1.82224787479	2.25176778379	2.23752767597	0.00228048894678
12	1.84531430359	2.62377609321	2.59772283873	0.00432107252235
12	1.86838073238	2.758257568	2.7201308063	0.0056680528927
12	1.89144716118	2.59479914489	2.55579613924	0.00607580994417
12	1.91451358997	2.21175734875	2.17659498215	0.00584887733586
12	1.93758001877	1.68949722678	1.68962717282	0.00252802887917
12	1.96064644756	1.18890620674	1.20085823316	0.00167744310776
12	1.98371287636	0.790490421708	0.80280475417	0.00274137782478
12	2.00677930515	0.531232478128	0.544301804616	0.00255791427045
12	2.02984573395	0.412774162039	0.432461432921	0.00332179653553
12	2.05291216274	0.440790874304	0.461611222749	0.00298504657965
12	2.07597859154	0.578176695994	0.587457342037	0.0023384774309
12	2.09904502033	0.752145000202	0.756899580185	0.00176993122997
12	2.12211144913	0.917220164894	0.920551007067	0.00183384863742
12	2.14517787792	1.02206955656	1.01302944467	0.0024552562261
12	2.16824430672	1.03623344938	1.02118125012	0.00290759876902
12	2.19131073551	0.923479423247	0.917312480872	0.00239590682647
12	2.21437716431	0.783268316403	0.780656249808	0.00136193930628
12	2.2374435931	0.650790330559	0.654612204666	0.00158115667691
12	2.2605100219	0.559101124485	0.573420679284	0.00270455392793
12	2.28357645069	0.557611216349	0.575748769014	0.00325828698728
13	0	0	0	0
13	0.0230664287949	0	0	0
13	0.0461328575897	0	0	0
13	0.0691992863846	0	0	0
13	0.0922657151794	0	0	0
13	0.115332143974	0	0	0
13	0.138398572769	0	0	0
13	0.161465001564	0	0	0
13	0.184531430359	0	0	0
13	0.207597859154	0	0	0
13	0.230664287949	0	0	0
13	0.253730716743	0	0	0
13	0.276797145538	0	0	0
13	0.299863574333	0	0	0
13	0.322930003128	0	0	0
13	0.345996431923	0	0	0
13	0.369062860718	0	0	0
13	0.392129289513	0	0	0
13	0.415195718307	0	0	0
13	0.438262147102	0	0	0
13	0.461328575897	0	0	0
13	0.484395004692	0	0	0
13	0.507461433487	0	0	0
13	0.530527862282	0	0	0
13	0.553594291077	0	0	0
13	0.576660719871	0	0	0
13	0.599727148666	0	0	0
13	0.622793577461	0	0	0
13	0.645860006256	0	0	0
13	0.668926435051	0	0	0
13	0.691992863846	0	0	0
13	0.715059292641	0	0	0
13	0.738125721435	0	0	0
13	0.76119215023	0	0	0
13	0.784258579025	0	0	0
13	0.80732500782	0	0	0
13	0.830391436615	0	0	0
13	0.85345786541	0	0	0
13	0.876524294205	0	0.000101963768744	3.05455252829e-05
13	0.899590722999	0.00349796306276	0.00333113713208	0.00017808370235
13	0.922657151794	0.0459841897252	0.0469260900824	0.00105640194577
13	0.945723580589	0.284951991775	0.290461089618	0.00220143186354
13	0.968790009384	0.978630709641	0.999423857931	0.004611910669
13	0.991856438179	2.20744238985	2.24014994035	0.00721676928405
13	1.01492286697	3.64807863335	3.62876900222	0.00569556249973
13	1.03798929577	4.61117852682	4.6186574641	0.00635323600474
13	1.06105572456	4.93490660717	4.9061044587	0.00810180008207
13	1.08412215336	4.50977073254	4.49466151329	0.00702584643934
13	1.10718858215	3.68710045845	3.66210250169	0.00857340855495
13	1.13025501095	2.71628288354	2.69039651908	0.00373546043333
13	1.15332143974	1.82893616151	1.81599674025	0.00311048812488
13	1.17638786854	1.1171007531	1.13160670492	0.00321528359183
13	1.19945429733	0.643790486427	0.652417902849	0.00275900239944
13	1.22252072613	0.337166007734	0.351863280917	0.00300297791649
13	1.24558715492	0.170630277061	0.178036816697	0.00150829346542
13	1.26865358372	0.0817900907767	0.0877299857175	0.00144680886766
13	1.29172001251	0.0422642181469	0.0485165237565	0.00108184388386
13	1.31478644131	0.0391892258693	0.042325684553	0.000933614921769
13	1.3378528701	0.0582426419923	0.060634864418	0.00122827159063
13	1.3609192989	0.0999303660271	0.106163413802	0.00148514519707
13	1.38398572769	0.184838968527	0.186270441662	0.00182361764646
13	1.40705215649	0.291201741124	0.30174911836	0.00214530475418
13	1.43011858528	0.452194731967	0.454357191207	0.00174098465423
13	1.45318501408	0.635142546252	0.628828728818	0.00167507864877
13	1.47625144287	0.791371142191	0.79145793017	0.00245425573926
13	1.49931787167	0.92478363666	0.924043826974	0.00247615842413
13	1.52238430046	0.989225936864	0.971288446124	0.00392804363477
13	1.54545072926	0.939337806006	0.928099750309	0.00369298846655
13	1.56851715805	0.815127318358	0.806781115527	0.00333923639646
13	1.59158358685	0.645512302842	0.640187676407	0.00135588946063
13	1.61465001564	0.460702388619	0.46579763361	0.00135400080195
13	1.63771644443	0.313578993821	0.317821519622	0.00158206445649
13	1.66078287323	0.206094526756	0.219171525764	0.00196195725187
13	1.68384930202	0.181126949007	0.192109709293	0.00223795026438
13	1.70691573082	0.238406347851	0.25219762542	0.00236079390681
13	1.72998215961	0.411546557388	0.431563903356	0.00321050082052
13	1.75304858841	0.73671185217	0.748541746205	0.00318976906157
13	1.7761150172	1.19631084133	1.19709652212	0.0033889146169
13	1.799181446	1.73101516661	1.72628143232	0.00238814013267
13	1.82224787479	2.25352944661	2.2387585814	0.00241451563722
13	1.84531430359	2.62869476798	2.60010529483	0.00459881081535
13	1.86838073238	2.73967077167	2.72163388056	0.00542768643457
13	1.89144716118	2.57518470803	2.55728756761	0.00578859678398
13	1.91451358997	2.19989000109	2.17838690668	0.00566681594994
13	1.93758001877	1.68200621992	1.68904094567	0.00240057344677
13	1.96064644756	1.19605875727	1.2004890427	0.00158851734449
13	1.98371287636	0.794925477965	0.802198656	0.00259664020641
13	2.00677930515	0.523433654576	0.542696562305	0.00282021706795
13	2.02984573395	0.425122404858	0.431896892301	0.00311387617198
13	2.05291216274	0.451474731519	0.460831492655	0.00285544965433
13	2.07597859154	0.573445299137	0.586379492583	0.00239414364068
13	2.09904502033	0.756982155157	0.756905932106	0.00163379407165
13	2.12211144913	0.925602022441	0.920939546711	0.001733454934
13	2.14517787792	1.0260277271	1.01402931255	0.00246157638507
13	2.16824430672	1.0210763319	1.02117317949	0.00268394852606
13	2.19131073551	0.921277157556	0.917617456001	0.00223093201591
13	2.21437716431	0.780748072643	0.780663313103	0.00125719305998
13	2.2374435931	0.651146298803	0.654345596523	0.0014818359627
13	2.2605100219	0.569519437386	0.573120583754	0.00251310537029
13	2.28357645069	0.559860493397	0.574526593966	0.00322874071596
14	0	0	0	0
14	0.0230664287949	0	0	0
14	0.0461328575897	0	0	0
14	0.0691992863846	0	0	0
14	0.0922657151794	0	0	0
14	0.115332143974	0	0	0
14	0.138398572769	0	0	0
14	0.161465001564	0	0	0
14	0.184531430359	0	0	0
14	0.207597859154	0	0	0
14	0.230664287949	0	0	0
14	0.253730716743	0	0	0
14	0.276797145538	0	0	0
14	0.299863574333	0	0	0
14	0.322930003128	0	0	0
14	0.345996431923	0	0	0
14	0.369062860718	0	0	0
14	0.392129289513	0	0	0
14	0.415195718307	0	0	0
14	0.438262147102	0	0	0
14	0.461328575897	0	0	0
14	0.484395004692	0	0	0
14	0.507461433487	0	0	0
14	0.530527862282	0	0	0
14	0.553594291077	0	0	0
14	0.576660719871	0	0	0
14	0.599727148666	0	0	0
14	0.622793577461	0	0	0
14	0.645860006256	0	0	0
14	0.668926435051	0	0	0
14	0.691992863846	0	0	0
14	0.715059292641	0	0	0
14	0.738125721435	0	0	0
14	0.76119215023	0	0	0
14	0.784258579025	0	0	0
14	0.80732500782	0	0	0
14	0.830391436615	0	0	0
14	0.85345786541	0	0	0
14	0.876524294205	7.36404996482e-05	9.9940678094e-05	2.84306197605e-05
14	0.899590722999	0.00342800380151	0.00333805617989	0.000165497795453
14	0.922657151794	0.0441874124132	0.0467304702489	0.00099889248035
14	0.945723580589	0.288120941862	0.290293936207	0.00205052284032
14	0.968790009384	0.984432151418	0.998353021751	0.00440505292287
14	0.991856438179	2.23605428588	2.2398573936	0.00670721263813
14	1.01492286697	3.6301640107	3.62886864568	0.00528960816278
14	1.03798929577	4.63179427421	4.61959580768	0.00596832568274
14	1.06105572456	4.90153774351	4.90577826476	0.00752966380841
14	1.08412215336	4.51470541843	4.4960932208	0.00666827957863
14	1.10718858215	3.66245946237	3.66212799888	0.00796106014364
14	1.13025501095	2.69356292109	2.69062269066	0.00347548211105
14	1.15332143974	1.79276833899	1.81433756873	0.00330129595067
14	1.17638786854	1.14665085223	1.13268128687	0.00316009106745
14	1.19945429733	0.657453608832	0.652777596133	0.00258527122458
14	1.22252072613	0.345975570882	0.3514427302	0.00281777354104
14	1.24558715492	0.178715278343	0.178085278243	0.0014013365376
14	1.26865358372	0.08551104378	0.0875714898648	0.00135211900449
14	1.29172001251	0.0488979222897	0.0485437665088	0.00100491227266
14	1.31478644131	0.0408730089521	0.0422219220101	0.000872675209092
14	1.3378528701	0.060730553315	0.0606416993392	0.00114055692245
14	1.3609192989	0.107484497368	0.106257776914	0.00138205796632
14	1.38398572769	0.184361810816	0.186134110887	0.00169844753505
14	1.40705215649	0.297175850183	0.301422456347	0.00201678550476
14	1.43011858528	0.447248590108	0.453849433985	0.0016890500058
14	1.45318501408	0.624747237337	0.628537193713	0.0015805963543
14	1.47625144287	0.80042333025	0.79209831589	0.00236102150898
14	1.49931787167	0.919415123514	0.923713205298	0.00232125766132
14	1.52238430046	0.961160513912	0.970565022395	0.00371348772542
14	1.54545072926	0.941398177647	0.929049637976	0.00354926396663
14	1.56851715805	0.817569978492	0.807551748596	0.00318840354198
14	1.59158358685	0.64942189633	0.640847263544	0.00141037657384
14	1.61465001564	0.467862086321	0.465945094518	0.00126529078279
14	1.63771644443	0.311230247442	0.317350714467	0.00153751802155
14	1.66078287323	0.213238472463	0.218747736242	0.00186702650648
14	1.68384930202	0.190825848552	0.192018004954	0.00207997470673
14	1.70691573082	0.252566764486	0.252223992496	0.00219231300908
14	1.72998215961	0.434353869745	0.431763186669	0.00298735792194
14	1.75304858841	0.749526016346	0.748612051215	0.00296270310176
14	1.7761150172	1.20069080202	1.1973532564	0.00315655902699
14	1.799181446	1.73402655198	1.72683465516	0.00228073693338
14	1.82224787479	2.23361574823	2.23839123618	0.00226982224389
14	1.84531430359	2.60627437032	2.60054594308	0.00429138339026
14	1.86838073238	2.69861876704	2.71998994388	0.00528308954436
14	1.89144716118	2.55055038667	2.5568063404	0.00539509159156
14	1.91451358997	2.18482880262	2.1788470421	0.00528069142984
14	1.93758001877	1.6835502846	1.68864875559	0.0022609136809
14	1.96064644756	1.20291266268	1.20066215842	0.00148445487468
14	1.98371287636	0.808668316759	0.802660774626	0.0024519422546
14	2.00677930515	0.546131510325	0.542941915735	0.00262942396896
14	2.02984573395	0.435714577027	0.432169584067	0.00290337212382
14	2.05291216274	0.458969784412	0.460698513494	0.00265458359882
14	2.07597859154	0.575977596046	0.585636499973	0.00233557889167
14	2.09904502033	0.75766013914	0.756959804037	0.0015179824087
14	2.12211144913	0.914477243475	0.920477953623	0.00166996389427
14	2.14517787792	1.01926012952	1.01440294233	0.00231393142111
14	2.16824430672	1.02909493598	1.02173901924	0.00255118694767
14	2.19131073551	0.922629635942	0.917975468854	0.00210010965141
14	2.21437716431	0.781697559827	0.780737187869	0.00116956204403
14	2.2374435931	0.650365465235	0.654061301431	0.00140299698335
14	2.2605100219	0.572973456889	0.573110074692	0.00233361981662
14	2.28357645069	0.567589626782	0.57403109631	0.00303589900276
15	0	0	0	0
15	0.0230664287949	0	0	0
15	0.0461328575897	0	0	0
15	0.0691992863846	0	0	0
15	0.0922657151794	0	0	0
15	0.115332143974	0	0	0
15	0.138398572769	0	0	0
15	0.161465001564	0	0	0
15	0.184531430359	0	0	0
15	0.207597859154	0	0	0
15	0.230664287949	0	0	0
15	0.253730716743	0	0	0
15	0.276797145538	0	0	0
15	0.299863574333	0	0	0
15	0.322930003128	0	0	0
15	0.345996431923	0	0	0
15	0.369062860718	0	0	0
15	0.392129289513	0	0	0
15	0.415195718307	0	0	0
15	0.438262147102	0	0	0
15	0.461328575897	0	0	0
15	0.484395004692	0	0	0
15	0.507461433487	0	0	0
15	0.530527862282	0	0	0
15	0.553594291077	0	0	0
15	0.576660719871	0	0	0
15	0.599727148666	0	0	0
15	0.622793577461	0	0	0
15	0.645860006256	0	0	0
15	0.668926435051	0	0	0
15	0.691992863846	0	0	0
15	0.715059292641	0	0	0
15	0.738125721435	0	0	0
15	0.76119215023	0	0	0
15	0.784258579025	0	0	0
15	0.80732500782	0	0	0
15	0.830391436615	0	0	0
15	0.85345786541	0	0	0
15	0.876524294205	0	9.32779662211e-05	2.73047892119e-05
15	0.899590722999	0.00447739272033	0.00341401194925	0.000171008700853
15	0.922657151794	0.0488457239628	0.0468714871632	0.000942200979817
15	0.945723580589	0.285902676801	0.29000118558	0.00193460627436
15	0.968790009384	1.03960627998	1.00110323897	0.00489519318832
15	0.991856438179	2.25335986815	2.24075755857	0.00632018137348
15	1.01492286697	3.60067378573	3.62698898835	0.00526034411096
15	1.03798929577	4.63922859744	4.62090466033	0.00571215026653
15	1.06105572456	4.87099589401	4.90345944004	0.00737610049314
15	1.08412215336	4.50773880305	4.49686959295	0.00626876028068
15	1.10718858215	3.60872260087	3.65856763901	0.00818784353883
15	1.13025501095	2.66808092399	2.68911990621	0.00355386181529
15	1.15332143974	1.81682315113	1.81450327423	0.0030853654681
15	1.17638786854	1.13455095092	1.13280593114	0.0029518754938
15	1.19945429733	0.668225693743	0.653807469307	0.00261000220532
15	1.22252072613	0.3617641386	0.352130824094	0.0027126367067
15	1.24558715492	0.191541030377	0.178982328385	0.00156897790238
15	1.26865358372	0.0918543827094	0.0878570160544	0.00129177320041
15	1.29172001251	0.0523857461173	0.0487998984827	0.000970010524422
15	1.31478644131	0.0473110030924	0.0425611940823	0.000877973219558
15	1.3378528701	0.0683218724794	0.0611537108819	0.0011738318268
15	1.3609192989	0.108810324502	0.106427946753	0.00130035489196
15	1.38398572769	0.191519176489	0.186493115261	0.00162271593897
15	1.40705215649	0.295646247381	0.30103737575	0.0019187441997
15	1.43011858528	0.456442266219	0.454022289467	0.00158526691542
15	1.45318501408	0.618954018307	0.627898315352	0.00159913670485
15	1.47625144287	0.799557468783	0.792595592749	0.00225538025439
15	1.49931787167	0.926030352983	0.923867681811	0.00217164116744
15	1.52238430046	0.965850426279	0.970250715987	0.00347919776308
15	1.54545072926	0.914110232303	0.928053677598	0.00344955560929
15	1.56851715805	0.794166968067	0.806659429894	0.00309819203231
15	1.59158358685	0.634325893729	0.640412505557	0.00138173612906
15	1.61465001564	0.458594011382	0.465455022309	0.00127231053452
15	1.63771644443	0.31917328065	0.317472218879	0.00143980983978
15	1.66078287323	0.236518597866	0.21993246035	0.00208482815485
15	1.68384930202	0.203050503187	0.192753504836	0.0020672637773
15	1.70691573082	0.265960158554	0.2531397369	0.00222922583612
15	1.72998215961	0.448850205138	0.432902321234	0.0029975293739
15	1.75304858841	0.756184905153	0.749116908145	0.00280787496092
15	1.7761150172	1.19089495632	1.19692270306	0.00297534051522
15	1.799181446	1.74109445058	1.72778530819	0.00231836225327
15	1.82224787479	2.2364136833	2.23825939932	0.00212232601193
15	1.84531430359	2.57758771577	2.59901539459	0.00426951567173
15	1.86838073238	2.69809288067	2.71853013966	0.00512860337843
15	1.89144716118	2.54185780713	2.55580977151	0.00512663459324
15	1.91451358997	2.15941890125	2.17755183271	0.00508500485492
15	1.93758001877	1.67645675973	1.68783595587	0.00225155188355
15	1.96064644756	1.20370407224	1.20086495267	0.00139927471206
15	1.98371287636	0.814810286114	0.803470742059	0.00241856339496
15	2.00677930515	0.553616670041	0.543653566022	0.0025486138172
15	2.02984573395	0.443575083743	0.432929950712	0.0028076156119
15	2.05291216274	0.471438826951	0.461414534391	0.0025723656251
15	2.07597859154	0.591984378091	0.586059691848	0.00221788209582
15	2.09904502033	0.77196299355	0.757960016671	0.00171493615317
15	2.12211144913	0.919503806448	0.920413010478	0.00155989524227
15	2.14517787792	1.00496326748	1.01377363068	0.00224361372559
15	2.16824430672	1.00805832374	1.02082697287	0.00253890680729
15	2.19131073551	0.90267758754	0.9169556101	0.00219380315324
15	2.21437716431	0.785096958386	0.781027839237	0.00112712810899
15	2.2374435931	0.658277146536	0.654342357771	0.00133731898443
15	2.2605100219	0.587374580553	0.574061041749	0.00236388025285
15	2.28357645069	0.586344628047	0.574851998426	0.00294239862815
16	0	0	0	0
16	0.0230664287949	0	0	0
16	0.0461328575897	0	0	0
16	0.0691992863846	0	0	0
16	0.0922657151794	0	0	0
16	0.115332143974	0	0	0
16	0.138398572769	0	0	0
16	0.161465001564	0	0	0
16	0.184531430359	0	0	0
16	0.207597859154	0	0	0
16	0.230664287949	0	0	0
16	0.253730716743	0	0	0
16	0.276797145538	0	0	0
16	0.299863574333	0	0	0
16	0.322930003128	0	0	0
16	0.345996431923	0	0	0
16	0.369062860718	0	0	0
16	0.392129289513	0	0	0
16	0.415195718307	0	0	0
16	0.438262147102	0	0	0
16	0.461328575897	0	0	0
16	0.484395004692	0	0	0
16	0.507461433487	0	0	0
16	0.530527862282	0	0	0
16	0.553594291077	0	0	0
16	0.576660719871	0	0	0
16	0.599727148666	0	0	0
16	0.622793577461	0	0	0
16	0.645860006256	0	0	0
16	0.668926435051	0	0	0
16	0.691992863846	0	0	0
16	0.715059292641	0	0	0
16	0.738125721435	0	0	0
16	0.76119215023	0	0	0
16	0.784258579025	0	0	0
16	0.80732500782	0	0	0
16	0.830391436615	0	0	0
16	0.85345786541	0	0	0
16	0.876524294205	0.000515483497538	0.000119665811928	3.61672280701e-05
16	0.899590722999	0.00482718902661	0.00350233551659	0.000181703604365
16	0.922657151794	0.0439877704896	0.0466912548711	0.000900386608414
16	0.945723580589	0.295663043068	0.290355051673	0.0018457731634
16	0.968790009384	1.01664223961	1.00207442651	0.00468459303039
16	0.991856438179	2.24903347259	2.2412748032	0.00594629805867
16	1.01492286697	3.61891913987	3.62648462282	0.00495569307965
16	1.03798929577	4.63179427421	4.6215852612	0.005395535213
16	1.06105572456	4.9076965958	4.90372426228	0.00691984650156
16	1.08412215336	4.49119309153	4.49651481161	0.00588699365169
16	1.10718858215	3.64009230586	3.65741293069	0.0077570986197
16	1.13025501095	2.65021679665	2.68668846186	0.00407957770742
16	1.15332143974	1.8244847372	1.81512711566	0.00295492555496
16	1.17638786854	1.13813153396	1.13313878131	0.00278608598318
16	1.19945429733	0.656938766539	0.654003175384	0.00245420342426
16	1.22252072613	0.355586003406	0.352346772801	0.00255167810183
16	1.24558715492	0.180038278553	0.179048325271	0.00147230416304
16	1.26865358372	0.0913582556423	0.0880758435287	0.00122943244898
16	1.29172001251	0.0501973076372	0.0488872365549	0.000913308287685
16	1.31478644131	0.0433491605446	0.0426104419862	0.00082447996076
16	1.3378528701	0.0582745382913	0.060973762595	0.00111417499098
16	1.3609192989	0.102736186239	0.106197211721	0.00123938448267
16	1.38398572769	0.194292655688	0.186980586537	0.0015928335087
16	1.40705215649	0.302284146336	0.301115298911	0.00180040428182
16	1.43011858528	0.441240564687	0.453223431669	0.00167542290172
16	1.45318501408	0.625911295367	0.627774126603	0.00150400517119
16	1.47625144287	0.791423618643	0.792522344368	0.00211560810441
16	1.49931787167	0.924809079851	0.923926519188	0.002036710494
16	1.52238430046	0.984560708247	0.971145090503	0.00337474607139
16	1.54545072926	0.939912793441	0.928794872338	0.00331263050577
16	1.56851715805	0.794841607533	0.805920815996	0.00299130297832
16	1.59158358685	0.636856960034	0.640190283961	0.00131312574265
16	1.61465001564	0.480270764853	0.466381006218	0.00149218178613
16	1.63771644443	0.317208874588	0.317455759861	0.00134991579619
16	1.66078287323	0.21224164283	0.219451784255	0.00200917454281
16	1.68384930202	0.189835752557	0.192571145319	0.00194608640889
16	1.70691573082	0.256893558458	0.253374350747	0.00210220888217
16	1.72998215961	0.439083849721	0.433288666764	0.00283497210958
16	1.75304858841	0.7539839279	0.749421096879	0.00264880854175
16	1.7761150172	1.18295286991	1.19604958849	0.00291467561514
16	1.799181446	1.72017417928	1.72730961263	0.00222173171033
16	1.82224787479	2.2230975849	2.23731178592	0.00219104472676
16	1.84531430359	2.62237797675	2.60047555597	0.00424501960988
16	1.86838073238	2.72039374948	2.71864661528	0.00480938812313
16	1.89144716118	2.5618892312	2.55618973774	0.00482028017518
16	1.91451358997	2.17721992273	2.17753108834	0.00476723436483
16	1.93758001877	1.68151701131	1.68744102183	0.00214518703482
16	1.96064644756	1.19711894743	1.20063082735	0.00133126277503
16	1.98371287636	0.808712083762	0.803798325915	0.00228948060208
16	2.00677930515	0.541383780448	0.543511704424	0.0023932703654
16	2.02984573395	0.434390555506	0.433021238512	0.00263362329979
16	2.05291216274	0.460673205523	0.461368201337	0.00241201000936
16	2.07597859154	0.580735648661	0.585726939148	0.00210407813569
16	2.09904502033	0.754413638914	0.757738368061	0.00162201299705
16	2.12211144913	0.916926736091	0.920195118329	0.00147754142791
16	2.14517787792	1.01786165918	1.01402913246	0.00211788611824
16	2.16824430672	1.01744595779	1.02061565943	0.00238900276548
16	2.19131073551	0.931917452115	0.917890725226	0.00224716786479
16	2.21437716431	0.789141070466	0.781534916189	0.00116517583099
16	2.2374435931	0.6486315554	0.653985432623	0.00130049554801
16	2.2605100219	0.568720625057	0.573727265706	0.00223957808832
16	2.28357645069	0.565660099903	0.574277504768	0.00281402388621
17	0	0	0	0
17	0.0230664287949	0	0	0
17	0.0461328575897	0	0	0
17	0.0691992863846	0	0	0
17	0.0922657151794	0	0	0
17	0.115332143974	0	0	0
17	0.138398572769	0	0	0
17	0.161465001564	0	0	0
17	0.184531430359	0	0	0
17	0.207597859154	0	0	0
17	0.230664287949	0	0	0
17	0.253730716743	0	0	0
17	0.276797145538	0	0	0
17	0.299863574333	0	0	0
17	0.322930003128	0	0	0
17	0.345996431923	0	0	0
17	0.369062860718	0	0	0
17	0.392129289513	0	0	0
17	0.415195718307	0	0	0
17	0.438262147102	0	0	0
17	0.461328575897	0	0	0
17	0.484395004692	0	0	0
17	0.507461433487	0	0	0
17	0.530527862282	0	0	0
17	0.553594291077	0	0	0
17	0.576660719871	0	0	0
17	0.599727148666	0	0	0
17	0.622793577461	0	0	0
17	0.645860006256	0	0	0
17	0.668926435051	0	0	0
17	0.691992863846	0	0	0
17	0.715059292641	0	0	0
17	0.738125721435	0	0	0
17	0.76119215023	0	0	0
17	0.784258579025	0	0	0
17	0.80732500782	0	0	0
17	0.830391436615	0	0	0
17	0.85345786541	0	0	0
17	0.876524294205	7.36404996482e-05	0.000116958440618	3.41409265734e-05
17	0.899590722999	0.0040576371528	0.00353500031872	0.000173926447565
17	0.922657151794	0.049644291657	0.0468649629173	0.000864016626916
17	0.945723580589	0.29502925305	0.290630004695	0.00175755796178
17	0.968790009384	0.979053731437	1.00072026797	0.00460058826051
17	0.991856438179	2.22469028685	2.24029924341	0.00567597770172
17	1.01492286697	3.62999864495	3.62669133	0.00466849071893
17	1.03798929577	4.63253243397	4.62222921254	0.00511643393505
17	1.06105572456	4.95267641051	4.90660380041	0.00708664316859
17	1.08412215336	4.48074316847	4.4955870679	0.00561332646105
17	1.10718858215	3.63921061297	3.65634220612	0.0073743253576
17	1.13025501095	2.72554906431	2.68897437965	0.0044340264116
17	1.15332143974	1.78155417389	1.81315223673	0.00337717029678
17	1.17638786854	1.12471463658	1.13264324339	0.00266590296334
17	1.19945429733	0.658206070646	0.654250404517	0.00232225769296
17	1.22252072613	0.348683272109	0.35213127276	0.00241066216077
17	1.24558715492	0.18147152878	0.179190866654	0.00139258102568
17	1.26865358372	0.0842352884646	0.0878499285249	0.00117768655648
17	1.29172001251	0.0490346996947	0.0488959108572	0.000859625462614
17	1.31478644131	0.044306605827	0.0427102163297	0.000781994926485
17	1.3378528701	0.0594547013546	0.0608844060514	0.00105221237033
17	1.3609192989	0.108779491312	0.106349110521	0.00117575101533
17	1.38398572769	0.185912573378	0.186917762234	0.00150037586185
17	1.40705215649	0.298676592556	0.300971845596	0.00170020360692
17	1.43011858528	0.449512078756	0.453005116791	0.00159102872337
17	1.45318501408	0.629430540573	0.627871562719	0.00141868693954
17	1.47625144287	0.797222266646	0.792798810384	0.00200914354475
17	1.49931787167	0.916998020438	0.923518960438	0.00195725681166
17	1.52238430046	0.974045431046	0.97131569877	0.00318054117234
17	1.54545072926	0.933659805087	0.929081044852	0.00313010645914
17	1.56851715805	0.809404514616	0.806125739445	0.00282235453658
17	1.59158358685	0.640404972621	0.640202912706	0.00123594377773
17	1.61465001564	0.473001255837	0.466770432666	0.00145433472626
17	1.63771644443	0.320561176238	0.317638431412	0.00128280906592
17	1.66078287323	0.214484509505	0.219159591623	0.00191211643578
17	1.68384930202	0.187269585385	0.192259288852	0.0018564297725
17	1.70691573082	0.245624226886	0.252918461108	0.00202737959453
17	1.72998215961	0.425410952137	0.432825271786	0.00270581650243
17	1.75304858841	0.736357457528	0.748652647506	0.00260207777006
17	1.7761150172	1.20178124867	1.19638674497	0.00276265565476
17	1.799181446	1.73794135296	1.72793500912	0.00217728470334
17	1.82224787479	2.25765726441	2.23850857877	0.00236655070153
17	1.84531430359	2.60384872249	2.60067397753	0.00399994721607
17	1.86838073238	2.71927624095	2.71868365208	0.00452662554626
17	1.89144716118	2.55839295382	2.55631933869	0.0045384762125
17	1.91451358997	2.16754443348	2.17694363805	0.00452285875288
17	1.93758001877	1.68420765867	1.687250824	0.00202741374514
17	1.96064644756	1.20303212073	1.2007720799	0.00126042466701
17	1.98371287636	0.801621829352	0.803670296705	0.00215838204137
17	2.00677930515	0.540856254906	0.543355501511	0.0022575814921
17	2.02984573395	0.432021253837	0.432962415884	0.0024793611041
17	2.05291216274	0.457538910677	0.461142948945	0.0022806207307
17	2.07597859154	0.597595414928	0.586425084783	0.00209293081194
17	2.09904502033	0.74995459041	0.757280498788	0.00158991233847
17	2.12211144913	0.916314362937	0.9199668386	0.00140815138633
17	2.14517787792	1.01666297031	1.0141840641	0.00199896347631
17	2.16824430672	1.02341101693	1.02078009222	0.0022541249645
17	2.19131073551	0.920319650734	0.918033603197	0.00211951884008
17	2.21437716431	0.777524505043	0.781299009651	0.00112026288766
17	2.2374435931	0.649940599911	0.653747501287	0.00124557094763
17	2.2605100219	0.564906577462	0.573208401692	0.00216710989185
17	2.28357645069	0.570401223091	0.574049488199	0.00265771495227
18	0	0	0	0
18	0.0230664287949	0	0	0
18	0.0461328575897	0	0	0
18	0.0691992863846	0	0	0
18	0.0922657151794	0	0	0
18	0.115332143974	0	0	0
18	0.138398572769	0	0	0
18	0.161465001564	0	0	0
18	0.184531430359	0	0	0
18	0.207597859154	0	0	0
18	0.230664287949	0	0	0
18	0.253730716743	0	0	0
18	0.276797145538	0	0	0
18	0.299863574333	0	0	0
18	0.322930003128	0	0	0
18	0.345996431923	0	0	0
18	0.369062860718	0	0	0
18	0.392129289513	0	0	0
18	0.415195718307	0	0	0
18	0.438262147102	0	0	0
18	0.461328575897	0	0	0
18	0.484395004692	0	0	0
18	0.507461433487	0	0	0
18	0.530527862282	0	0	0
18	0.553594291077	0	0	0
18	0.576660719871	0	0	0
18	0.599727148666	0	0	0
18	0.622793577461	0	0	0
18	0.645860006256	0	0	0
18	0.668926435051	0	0	0
18	0.691992863846	0	0	0
18	0.715059292641	0	0	0
18	0.738125721435	0	0	0
18	0.76119215023	0	0	0
18	0.784258579025	0	0	0
18	0.80732500782	0	0	0
18	0.830391436615	0	0	0
18	0.85345786541	0	0	0
18	0.876524294205	0	0.000110460749472	3.28567103118e-05
18	0.899590722999	0.00286832971146	0.00349796306276	0.000168161135766
18	0.922657151794	0.0489788185785	0.0469823993429	0.000823957983039
18	0.945723580589	0.303838934291	0.291363834117	0.00180662925914
18	0.968790009384	1.00135302327	1.00075542105	0.00434513432396
18	0.991856438179	2.26224340039	2.24151836325	0.00549000955102
18	1.01492286697	3.60602061157	3.62554295676	0.00454817821243
18	1.03798929577	4.58444659862	4.62013017843	0.00524511263541
18	1.06105572456	4.91693487425	4.90717774896	0.00671614265394
18	1.08412215336	4.52104310325	4.49700129208	0.00547672843477
18	1.10718858215	3.65178633789	3.65608910233	0.00696898281373
18	1.13025501095	2.68683603025	2.68885558246	0.00418928272593
18	1.15332143974	1.80137157251	1.81249775539	0.003252349349
18	1.17638786854	1.11166814435	1.13147796011	0.00276075171245
18	1.19945429733	0.671195937744	0.65519182303	0.00237641498244
18	1.22252072613	0.357836064989	0.352448205662	0.00229747581661
18	1.24558715492	0.181802278832	0.179335945108	0.00132275092932
18	1.26865358372	0.0888421826591	0.0879050537546	0.00111354893087
18	1.29172001251	0.0479746748059	0.0488447310766	0.000813390618618
18	1.31478644131	0.0434482066083	0.0427512157897	0.00073962476983
18	1.3378528701	0.0598374569428	0.0608262422121	0.000995362409869
18	1.3609192989	0.105881171533	0.10632311391	0.00111071887818
18	1.38398572769	0.183258383608	0.186714463421	0.00143072870328
18	1.40705215649	0.297724198358	0.30079142075	0.00161529278437
18	1.43011858528	0.453591947181	0.45303771848	0.00150297222138
18	1.45318501408	0.637795515715	0.628422893441	0.00144302906474
18	1.47625144287	0.788275031492	0.792547489335	0.0019131785926
18	1.49931787167	0.934986355958	0.924156037967	0.00194944785753
18	1.52238430046	0.964591555065	0.970942135231	0.00302570295613
18	1.54545072926	0.935792050158	0.929453878481	0.00297833338853
18	1.56851715805	0.804588984638	0.806040364178	0.00266684803613
18	1.59158358685	0.633670528347	0.639840002464	0.00121939743708
18	1.61465001564	0.464941105357	0.466668803371	0.00137708471536
18	1.63771644443	0.323956182367	0.317989417577	0.00125864255919
18	1.66078287323	0.219240217549	0.219164070841	0.00180589299128
18	1.68384930202	0.185754132331	0.191897891268	0.00178812605981
18	1.70691573082	0.24707960304	0.252594080105	0.00194052438723
18	1.72998215961	0.42862810451	0.432592095826	0.00256552075531
18	1.75304858841	0.746858730353	0.748552985442	0.00245942572951
18	1.7761150172	1.19805555596	1.19647945669	0.0026107299739
18	1.799181446	1.71547996091	1.727243062	0.00216348365871
18	1.82224787479	2.24168140057	2.23868484665	0.00224163053396
18	1.84531430359	2.62286647527	2.60190689408	0.00396318841537
18	1.86838073238	2.72598129215	2.71908907653	0.00429326375619
18	1.89144716118	2.57433469564	2.55732019185	0.00439531064252
18	1.91451358997	2.18434346255	2.17735473941	0.00429023149317
18	1.93758001877	1.67469866629	1.68655348191	0.00203116991167
18	1.96064644756	1.194057835	1.20039906629	0.00124437290036
18	1.98371287636	0.795071367973	0.803192578443	0.0020906706922
18	2.00677930515	0.533627729237	0.542815069718	0.00219589347231
18	2.02984573395	0.433164093466	0.432973620194	0.00234164413672
18	2.05291216274	0.458152142278	0.460976793019	0.00215996379097
18	2.07597859154	0.582694846796	0.586217849339	0.00198689028987
18	2.09904502033	0.7623277981	0.757560904305	0.00152611048345
18	2.12211144913	0.924594158291	0.920223911916	0.00135318306906
18	2.14517787792	1.01998433738	1.0145063015	0.00191370640502
18	2.16824430672	1.02974278052	1.02127801935	0.0021831982922
18	2.19131073551	0.917112002881	0.917982403179	0.00200238610285
18	2.21437716431	0.772917733892	0.78083338322	0.00115073117223
18	2.2374435931	0.653925147678	0.653757370531	0.00117641166033
18	2.2605100219	0.566672965286	0.572845321891	0.00207690757992
18	2.28357645069	0.566906022973	0.57365262902	0.00253952146235
19	0	0	0	0
19	0.0230664287949	0	0	0
19	0.0461328575897	0	0	0
19	0.0691992863846	0	0	0
19	0.0922657151794	0	0	0
19	0.115332143974	0	0	0
19	0.138398572769	0	0	0
19	0.161465001564	0	0	0
19	0.184531430359	0	0	0
19	0.207597859154	0	0	0
19	0.230664287949	0	0	0
19	0.253730716743	0	0	0
19	0.276797145538	0	0	0
19	0.299863574333	0	0	0
19	0.322930003128	0	0	0
19	0.345996431923	0	0	0
19	0.369062860718	0	0	0
19	0.392129289513	0	0	0
19	0.415195718307	0	0	0
19	0.438262147102	0	0	0
19	0.461328575897	0	0	0
19	0.484395004692	0	0	0
19	0.507461433487	0	0	0
19	0.530527862282	0	0	0
19	0.553594291077	0	0	0
19	0.576660719871	0	0	0
19	0.599727148666	0	0	0
19	0.622793577461	0	0	0
19	0.645860006256	0	0	0
19	0.668926435051	0	0	0
19	0.691992863846	0	0	0
19	0.715059292641	0	0	0
19	0.738125721435	0	0	0
19	0.76119215023	0	0	0
19	0.784258579025	0	0	0
19	0.80732500782	0	0	0
19	0.830391436615	0	0	0
19	0.85345786541	0	0	0
19	0.876524294205	0.000147280999296	0.000112398657358	3.11845068695e-05
19	0.899590722999	0.00398767789155	0.00352373752743	0.000161273711114
19	0.922657151794	0.0515076162768	0.0472205686552	0.00081428657833
19	0.945723580589	0.293381399005	0.291470021743	0.00171466134561
19	0.968790009384	1.00673144325	1.00106994853	0.00412781106135
19	0.991856438179	2.2225559317	2.24052034053	0.00529099879835
19	1.01492286697	3.61941523711	3.6252204452	0.00432021993531
19	1.03798929577	4.60295331814	4.61922613315	0.00504636310574
19	1.06105572456	4.9162281207	4.90765408431	0.00637953089063
19	1.08412215336	4.49912729238	4.49711318684	0.00518962250179
19	1.10718858215	3.64589291699	3.65555246099	0.00662282384756
19	1.13025501095	2.71984679922	2.69048669914	0.00427455730881
19	1.15332143974	1.83723977994	1.81379996721	0.00333168617905
19	1.17638786854	1.13553869796	1.13169168315	0.00262370861228
19	1.19945429733	0.649691371176	0.654902325564	0.0022689054376
19	1.22252072613	0.344106875668	0.352009188294	0.00221810469041
19	1.24558715492	0.170703777072	0.178881620474	0.00132886722554
19	1.26865358372	0.0880271167631	0.0879114781234	0.00105495962421
19	1.29172001251	0.0466069007558	0.0487269505334	0.000779061343677
19	1.31478644131	0.0405758707611	0.042636723946	0.000709503321999
19	1.3378528701	0.057445234517	0.0606482944386	0.000958749445437
19	1.3609192989	0.102335354781	0.106113231851	0.00107190630135
19	1.38398572769	0.17604137322	0.186152721832	0.00146155000014
19	1.40705215649	0.300292776649	0.300765176323	0.00153049056262
19	1.43011858528	0.450965182579	0.452928637643	0.00142782129959
19	1.45318501408	0.622798116916	0.628126852571	0.00139711693731
19	1.47625144287	0.804673922904	0.79318572268	0.00191598657955
19	1.49931787167	0.917303338722	0.923795369586	0.00187991302515
19	1.52238430046	0.97950053964	0.971392577568	0.00289979071413
19	1.54545072926	0.944321030441	0.930236360163	0.00292256060643
19	1.56851715805	0.811591277021	0.806332517485	0.00254243995451
19	1.59158358685	0.647546195408	0.640245591566	0.001220808979
19	1.61465001564	0.463403746955	0.466496958296	0.0013152850602
19	1.63771644443	0.315329877485	0.317849441782	0.00120015644872
19	1.66078287323	0.216083590376	0.21900194029	0.00171810850433
19	1.68384930202	0.187774736403	0.191680883117	0.00170713150158
19	1.70691573082	0.245919235566	0.252242772497	0.0018699210678
19	1.72998215961	0.422538494662	0.432062958923	0.00248446124441
19	1.75304858841	0.727814681411	0.747461495756	0.00256075467304
19	1.7761150172	1.1868057814	1.19597031589	0.00252248058326
19	1.799181446	1.73260942945	1.72752550239	0.00206797005946
19	1.82224787479	2.24238951994	2.23887982945	0.00213211316933
19	1.84531430359	2.618891108	2.60280080007	0.00385409256686
19	1.86838073238	2.73181534404	2.71975888008	0.00411922007316
19	1.89144716118	2.56913839348	2.55794220246	0.00420776082585
19	1.91451358997	2.18324753334	2.17766488646	0.00407562490747
19	1.93758001877	1.69088841377	1.68678163621	0.0019370377425
19	1.96064644756	1.20503304301	1.2006429598	0.00120254330191
19	1.98371287636	0.803095318437	0.803187459495	0.00198064165939
19	2.00677930515	0.540086352763	0.542671453036	0.0020850112795
19	2.02984573395	0.42149876701	0.432369680553	0.00229496042495
19	2.05291216274	0.454186577929	0.460619413278	0.00207563630736
19	2.07597859154	0.57699051481	0.585732200153	0.0019407625902
19	2.09904502033	0.751910313438	0.757263504786	0.00147448190199
19	2.12211144913	0.911593986541	0.919769705317	0.00135605104792
19	2.14517787792	1.01530195898	1.01454817821	0.00181344314128
19	2.16824430672	1.02420554325	1.02143209955	0.00207372313108
19	2.19131073551	0.932551800384	0.918749213558	0.00203854111372
19	2.21437716431	0.789187958722	0.78127309772	0.00117116835217
19	2.2374435931	0.653086899877	0.653722082602	0.00111502438418
19	2.2605100219	0.569474433874	0.572667906733	0.00197515976446
19	2.28357645069	0.563587236741	0.573122871532	0.0024604971821
20	0	0	0	0
20	0.0230664287949	0	0	0
20	0.0461328575897	0	0	0
20	0.0691992863846	0	0	0
20	0.0922657151794	0	0	0
20	0.115332143974	0	0	0
20	0.138398572769	0	0	0
20	0.161465001564	0	0	0
20	0.184531430359	0	0	0
20	0.207597859154	0	0	0
20	0.230664287949	0	0	0
20	0.253730716743	0	0	0
20	0.276797145538	0	0	0
20	0.299863574333	0	0	0
20	0.322930003128	0	0	0
20	0.345996431923	0	0	0
20	0.369062860718	0	0	0
20	0.392129289513	0	0	0
20	0.415195718307	0	0	0
20	0.438262147102	0	0	0
20	0.461328575897	0	0	0
20	0.484395004692	0	0	0
20	0.507461433487	0	0	0
20	0.530527862282	0	0	0
20	0.553594291077	0	0	0
20	0.576660719871	0	0	0
20	0.599727148666	0	0	0
20	0.622793577461	0	0	0
20	0.645860006256	0	0	0
20	0.668926435051	0	0	0
20	0.691992863846	0	0	0
20	0.715059292641	0	0	0
20	0.738125721435	0	0	0
20	0.76119215023	0	0	0
20	0.784258579025	0	0	0
20	0.80732500782	0	0	0
20	0.830391436615	0	0	0
20	0.85345786541	0	0	0
20	0.876524294205	0	0.00010677872449	3.01274255234e-05
20	0.899590722999	0.00244857414393	0.00346997935826	0.000161922066584
20	0.922657151794	0.046050737033	0.0471620770741	0.000775670179181
20	0.945723580589	0.289261763893	0.29135960885	0.00163247933905
20	0.968790009384	1.01186813648	1.00160985793	0.00395657248799
20	0.991856438179	2.25780163427	2.24138440522	0.00509651503682
20	1.01492286697	3.58926354916	3.6234226004	0.00446264099461
20	1.03798929577	4.60464054044	4.61849685352	0.00484645471816
20	1.06105572456	4.90916058528	4.90772940936	0.00606099902259
20	1.08412215336	4.49003198897	4.49675912694	0.00494220441525
20	1.10718858215	3.67271494285	3.65641058509	0.00634703306626
20	1.13025501095	2.72358891068	2.69214180971	0.00436952597434
20	1.15332143974	1.80796310466	1.81350812408	0.00317785834148
20	1.17638786854	1.12216295671	1.13121524683	0.00253541195895
20	1.19945429733	0.65246359891	0.654780389231	0.00215873425224
20	1.22252072613	0.351696066432	0.351993532201	0.00210725470802
20	1.24558715492	0.178274278273	0.178851253364	0.00126277078932
20	1.26865358372	0.0888067450114	0.0879562414678	0.00100316087769
20	1.29172001251	0.0470172329708	0.0486414646553	0.000744783662902
20	1.31478644131	0.0429529762898	0.0426525365632	0.000674204339843
20	1.3378528701	0.0602521088299	0.0606284851582	0.000911016595718
20	1.3609192989	0.103784514671	0.105996795992	0.00102461539544
20	1.38398572769	0.17732373457	0.185711272469	0.00145361258484
20	1.40705215649	0.303265400964	0.300890187555	0.00145906259194
20	1.43011858528	0.453619891486	0.452963200335	0.00135684849267
20	1.45318501408	0.635711039709	0.628506061928	0.00137776331485
20	1.47625144287	0.782581336394	0.792655503366	0.00189213041896
20	1.49931787167	0.930813672754	0.924146284744	0.00181837434054
20	1.52238430046	0.978266352176	0.971736266299	0.00277509376037
20	1.54545072926	0.94556683655	0.931002883982	0.00287519715446
20	1.56851715805	0.802402222232	0.806136002723	0.00242290073707
20	1.59158358685	0.627975629162	0.639632093446	0.00130484634713
20	1.61465001564	0.467356954275	0.466539958095	0.00125022349249
20	1.63771644443	0.316183967077	0.317766168047	0.00114303397992
20	1.66078287323	0.219593261378	0.219031506345	0.00163245745288
20	1.68384930202	0.191836150588	0.191688646491	0.00162179257882
20	1.70691573082	0.249793682895	0.252120318017	0.00178043005382
20	1.72998215961	0.420623523011	0.431490987127	0.00242518420432
20	1.75304858841	0.739752185155	0.747076030226	0.00246155767722
20	1.7761150172	1.1906950411	1.19570655215	0.00241010735839
20	1.799181446	1.72486839765	1.72739264715	0.0019688345255
20	1.82224787479	2.23877983827	2.23887482989	0.00202551337256
20	1.84531430359	2.60681340317	2.60300143023	0.00366660626089
20	1.86838073238	2.73477345487	2.72050960882	0.00398108157451
20	1.89144716118	2.5819046173	2.55914032321	0.00416445768683
20	1.91451358997	2.18547070401	2.17805517734	0.00389048634032
20	1.93758001877	1.68952780232	1.68691894452	0.00184504603586
20	1.96064644756	1.20068775657	1.20064519964	0.00114241822276
20	1.98371287636	0.800410942282	0.803048633634	0.00188646854909
20	2.00677930515	0.53327129306	0.542201445038	0.00203304578285
20	2.02984573395	0.422599795433	0.431881186297	0.00223159616227
20	2.05291216274	0.45676215065	0.460426550146	0.00198079441529
20	2.07597859154	0.581495337734	0.585520357032	0.0018552502579
20	2.09904502033	0.754765669059	0.757138612999	0.00140603715952
20	2.12211144913	0.918138724625	0.919688156283	0.00129069822926
20	2.14517787792	1.01657556591	1.01464954759	0.00172560187431
20	2.16824430672	1.03293310928	1.02200715004	0.00204821741762
20	2.19131073551	0.913904355027	0.918506970632	0.00195095401367
20	2.21437716431	0.780982513923	0.78125856853	0.00111270005347
20	2.2374435931	0.648677486786	0.653469852811	0.00108742747438
20	2.2605100219	0.572647181431	0.572666870468	0.00187640204807
20	2.28357645069	0.564700849397	0.572701770425	0.00237323338417
