           1    -5.45442    -5.45442           0
           2    -5.48433    -5.46937   0.0105736
           3    -5.46956    -5.46944  0.00704922
           4    -5.44742    -5.46393  0.00711914
           5    -5.46791    -5.46473  0.00573953
           6     -5.4601    -5.46395  0.00483452
           7    -5.44281    -5.46093  0.00499908
           8    -5.47269     -5.4624  0.00458516
           9    -5.46893    -5.46313   0.0041326
          10    -5.47706    -5.46452   0.0039473
          11    -5.47349    -5.46534  0.00367162
          12    -5.46576    -5.46537  0.00336582
          13    -5.50475     -5.4684  0.00425701
          14    -5.44817    -5.46696  0.00419105
          15    -5.46517    -5.46684  0.00391333
          16    -5.47534    -5.46737  0.00370468
          17    -5.44713    -5.46618  0.00367305
          18    -5.45821    -5.46574  0.00349554
          19    -5.44694    -5.46475  0.00344871
          20    -5.43726    -5.46337  0.00353959
