           1   -0.420209   -0.420209           0
           2   -0.417115   -0.418662  0.00109367
           3   -0.413622   -0.416982  0.00155348
           4   -0.416698   -0.416911  0.00116673
           5   -0.413318   -0.416192  0.00113325
           6   -0.412118   -0.415513  0.00112966
           7   -0.417287   -0.415767 0.000996298
           8   -0.417734   -0.416013 0.000901591
           9   -0.418015   -0.416235 0.000828413
          10   -0.413737   -0.415985 0.000782322
          11   -0.408867   -0.415338 0.000941554
          12   -0.427082   -0.416317  0.00127394
          13   -0.410924   -0.415902  0.00124166
          14    -0.41468   -0.415815  0.00115603
          15   -0.414182   -0.415706  0.00108408
          16    -0.41194    -0.41547  0.00104156
          17   -0.419249   -0.415693  0.00100373
          18   -0.412175   -0.415497 0.000966804
          19   -0.417381   -0.415596 0.000920992
          20   -0.411712   -0.415402 0.000895182
