1.09914
1.09618
1.09103
1.08348
1.07324
1.05997
1.04319
1.0224
0.997043
0.966642
0.930892
0.889808
0.843864
0.794144
0.742394
0.690966
0.64253
0.599708
0.56458
0.538377
0.521366
0.512941
0.511868
0.516545
0.52525
0.536335
0.548338
0.560072
0.570672
0.579604
0.586644
0.591858
0.595501
0.597944
0.599546
0.600582
0.601153
0.601209
0.600533
0.598805
0.595698
0.590965
0.584536
0.576543
0.567354
0.557528
0.547725
0.538599
0.530745
0.524621
0.520552
0.51871
0.519085
0.521506
0.525646
0.531057
0.537216
0.543561
0.549545
0.554674
0.558569
0.561025
0.562043
0.561801
0.560607
0.558863
0.556967
0.555281
0.554101
0.553686
0.554257
0.555957
0.558802
0.562618
0.567063
0.571718
0.57615
0.580055
0.583276
0.585809
0.587787
0.589422
0.590938
0.592527
0.594299
0.59628
0.598399
0.600516
0.602455
0.604011
0.605004
0.605281
0.604758
0.603444
0.601457
0.599031
0.596471
0.594092
0.59216
0.590831
0.590123
0.589876
0.589837
0.589696
0.58916
0.588049
0.586307
0.584012
0.58127
0.578132
0.574517
0.570226
0.565029
0.558781
0.551524
0.543475
0.535053
0.526796
0.519285
0.513051
0.50851
0.505879
0.505144
0.506053
0.508164
0.510965
0.514004
0.516992
0.519814
0.522508
0.525228
0.528159
0.531468
0.535258
0.539531
0.544161
0.548921
0.553553
0.557801
0.561541
0.564811
0.567741
0.570478
0.573062
0.575376
0.577187
0.578255
0.578425
0.577661
0.576048
0.57376
0.571107
0.568489
0.566413
0.565444
0.566139
0.568961
0.574145
0.581582
0.590793
0.600973
0.611146
0.620357
0.627831
0.633091
0.635962
0.636538
0.635074
0.631948
0.627629
0.622592
0.617302
0.612198
0.607634
0.603892
0.601118
0.599357
0.598545
0.598503
0.598967
0.599636
0.600216
0.600484
0.600305
0.599656
0.598596
0.597252
0.595797
0.59447
0.593552
0.593328
0.594055
0.595883
0.59878
0.602497
0.606614
0.610651
0.614177
0.616889
0.618664
0.619526
0.619618
0.619155
0.618385
0.617548
0.616845
0.616422
0.616365
0.616684
0.617299
0.618071
0.618816
0.619347
0.619501
0.619165
0.618289
0.616884
0.615024
0.612839
0.610468
0.60804
0.605622
0.603189
0.600601
0.597627
0.59402
0.589616
0.584457
0.57889
0.573547
0.569156
0.566262
0.565003
0.565112
0.566108
0.567578
0.569335
0.571473
0.574336
0.578354
0.583884
0.59107
0.599726
0.609325
0.619082
0.628116
0.6356
0.640903
0.643667
0.643794
0.641428
0.636924
0.630784
0.623615
0.616061
0.608714
0.602023
0.596252
0.591459
0.587586
0.584545
0.5823
0.580919
0.580504
0.581104
0.582607
0.584732
0.587074
0.58922
0.59087
0.591949
0.592649
0.59337
0.594595
0.596778
0.600149
0.604643
0.60989
0.61535
0.620485
0.624893
0.628304
0.630601
0.631753
0.631774
0.630686
0.62851
0.625266
0.621002
0.615779
0.60973
0.603038
0.595968
0.588851
0.582034
0.575826
0.570445
0.566002
0.562485
0.559804
0.557861
0.556605
0.556091
0.55644
0.557802
0.560243
0.563642
0.56766
0.571781
0.57548
0.578405
0.580579
0.582456
0.584786
0.588266
0.593048
0.598466
0.603261
0.6062
0.606646
0.604737
0.601209
0.597078
0.593358
0.590829
0.58992
0.590695
0.592914
0.596102
0.599619
0.602783
0.605001
0.605845
0.605128
0.602892
0.599362
0.594921
0.590034
0.585191
0.580846
0.577393
0.575095
0.574081
0.574364
0.575854
0.578401
0.581826
0.585931
0.590494
0.595265
0.59995
0.604253
0.607896
0.610684
0.612534
0.613485
0.61366
0.613258
0.612488
0.611552
0.610652
0.609916
0.609357
0.608885
0.608283
0.607274
0.605588
0.603029
0.599517
0.595107
0.589961
0.584287
0.578253
0.571985
0.565534
0.558889
0.551962
0.544582
0.53654
0.527666
0.517995
0.507927
0.49829
0.490251
0.484999
0.483399
0.485738
0.491704
0.500554
0.511355
0.523176
0.535157
0.546544
0.556681
0.56506
0.571391
0.575633
0.577981
0.578811
0.578569
0.57769
0.576496
0.575166
0.573726
0.572098
0.570144
0.567765
0.564925
0.561724
0.558393
0.555271
0.552743
0.551138
0.550606
0.551038
0.552074
0.553209
0.553981
0.554115
0.553591
0.552674
0.55182
0.551544
0.552258
0.55413
0.55701
0.560512
0.564106
0.5672
0.569265
0.569904
0.568894
0.566184
0.561902
0.556348
0.549963
0.543319
0.537102
0.532071
0.528969
0.528396
0.530632
0.535567
0.542727
0.551381
0.560683
0.569804
0.578047
0.584881
0.589946
0.593037
0.594053
0.592993
0.589921
0.58495
0.578311
0.570371
0.561689
0.553021
0.545229
0.539096
0.535142
0.533501
0.533934
0.535988
0.53915
0.542952
0.547021
0.55112
0.555114
0.558942
0.562604
0.566108
0.569438
0.572549
0.575376
0.577816
0.579786
0.581199
0.581999
0.582199
0.581841
0.580983
0.579658
0.577878
0.575614
0.572814
0.569452
0.565556
0.56124
0.556749
0.552427
0.548659
0.545815
0.544154
0.543749
0.544492
0.546112
0.548233
0.550413
0.552203
0.553167
0.552945
0.551336
0.548381
0.544413
0.540105
0.536333
0.533983
0.533702
0.535712
0.539814
0.545519
0.552217
0.55931
0.566289
0.572744
0.578323
0.582718
0.585652
0.586863
0.586116
0.583264
0.578265
0.571195
0.562266
0.551819
0.54031
0.528318
0.516531
0.505708
0.496606
0.48989
0.486024
0.485229
0.487452
0.492442
0.499796
0.50899
0.519448
0.530545
0.541655
0.552194
0.561682
0.569723
0.576034
0.580447
0.582877
0.583358
0.582018
0.579081
0.574929
0.570062
0.565061
0.560533
0.557049
0.555092
0.554955
0.556711
0.560186
0.564963
0.570478
0.576142
0.581407
0.585869
0.589244
0.591423
0.592452
0.592491
0.591832
0.590839
0.58989
0.589333
0.58942
0.590258
0.591793
0.593833
0.596048
0.598042
0.599404
0.599723
0.598654
0.59593
0.591418
0.585108
0.577128
0.567748
0.55738
0.546567
0.535945
0.526174
0.517825
0.511272
0.506624
0.503748
0.502348
0.502048
0.502471
0.503309
0.504342
0.505433
0.506521
0.507605
0.508735
0.509978
0.511355
0.51285
0.51438
0.515821
0.517039
0.517915
0.518391
0.51848
0.518236
0.517758
0.517136
0.516456
0.515807
0.515333
0.515255
0.515888
0.517584
0.520629
0.525132
0.530976
0.537806
0.54513
0.552433
0.559297
0.565481
0.570938
0.575771
0.580168
0.584318
0.588353
0.592316
0.596146
0.599701
0.602792
0.60528
0.607123
0.608371
0.609082
0.60922
0.608636
0.607086
0.604376
0.600464
0.5955
0.589836
0.583919
0.578217
0.573124
0.568885
0.565641
0.563453
0.562328
0.562239
0.563128
0.56487
0.567271
0.570069
0.57292
0.575451
0.577309
0.578247
0.578183
0.577261
0.57585
0.57449
0.573746
0.574027
0.575412
0.577658
0.58029
0.582749
0.584514
0.585186
0.584473
0.582249
0.578547
0.573622
0.567986
0.562432
0.557927
0.555312
0.554978
0.556605
0.559164
0.561154
0.561027
0.557655
0.550637
0.540491
0.528604
0.51688
0.507147
0.500632
0.497715
0.498102
0.501193
0.506351
0.513007
0.520655
0.528779
0.536773
0.543968
0.54966
0.553257
0.554439
0.553323
0.550478
0.546822
0.543303
0.540573
0.538801
0.53777
0.537116
0.536561
0.535999
0.535466
0.535019
0.53465
0.534205
0.533438
0.532069
0.529881
0.526783
0.522894
0.518527
0.514176
0.510415
0.507788
0.506709
0.507371
0.509707
0.513419
0.518066
0.523204
0.528496
0.533806
0.539184
0.544807
0.550843
0.557345
0.56418
0.571055
0.57758
0.58334
0.587943
0.591094
0.592591
0.592309
0.590236
0.586481
0.581282
0.575036
0.568269
0.561573
0.555558
0.550788
0.547735
0.546745
0.547976
0.551338
0.556518
0.563019
0.570213
0.577433
0.584052
0.589524
0.59343
0.595508
0.595648
0.593885
0.590391
0.585484
0.579655
0.57354
0.56786
0.563293
0.560369
0.559345
0.560111
0.562116
0.564442
0.566001
0.565804
0.563271
0.558384
0.55166
0.544001
0.536456
0.52991
0.524887
0.521492
0.519475
0.518459
0.518129
0.518259
0.518623
0.518858
0.518435
0.516834
0.5138
0.50955
0.504762
0.500417
0.497474
0.496585
0.497842
0.500795
0.504629
0.508422
0.511382
0.513022
0.513209
0.512205
0.5106
0.50919
0.508782
0.510025
0.513305
0.518744
0.526236
0.535553
0.546374
0.558288
0.570814
0.583411
0.595461
0.606343
0.615453
0.622272
0.626428
0.627742
0.626238
0.622159
0.615968
0.608304
0.59993
0.591631
0.584088
0.577762
0.572816
0.569114
0.566298
0.563882
0.56138
0.558418
0.554809
0.550578
0.545939
0.541255
0.536953
0.533428
0.530974
0.529765
0.529814
0.531024
0.533217
0.536202
0.539826
0.543968
0.548599
0.553745
0.559471
0.565837
0.572803
0.580186
0.587612
0.594525
0.60028
0.604326
0.606349
0.606308
0.604408
0.601003
0.596484
0.591216
0.585549
0.579835
0.574428
0.569647
0.56574
0.562839
0.560929
0.55984
0.559265
0.558823
0.558102
0.556756
0.554654
0.552036
0.549603
0.548382
0.549341
0.552895
0.55863
0.565484
0.572238
0.577965
0.582194
0.584834
0.586074
0.58626
0.585805
0.585117
0.584573
0.584422
0.584776
0.585552
0.586507
0.587312
0.587585
0.586971
0.585155
0.58185
0.576825
0.569916
0.561124
0.550689
0.539187
0.527544
0.516958
0.508689
0.503752
0.502663
0.505276
0.510865
0.518344
0.526544
0.534465
0.541442
0.547163
0.551703
0.555408
0.558763
0.56221
0.566003
0.57012
0.574291
0.578121
0.581245
0.583403
0.584492
0.584543
0.583649
0.581929
0.579453
0.576218
0.572153
0.567239
0.561545
0.55533
0.549094
0.543515
0.539327
0.537172
0.53744
0.540189
0.545117
0.55164
0.55899
0.566325
0.572889
0.57807
0.581478
0.582938
0.582517
0.580466
0.577196
0.573229
0.569086
0.565195
0.561785
0.558854
0.556153
0.553264
0.549724
0.545117
0.539238
0.53219
0.524414
0.516611
0.509561
0.503862
0.499793
0.497348
0.496433
0.497039
0.499286
0.503408
0.509636
0.518052
0.528492
0.54047
0.553224
0.565832
0.577415
1.11033
1.11344
1.10907
1.0981
1.08153
1.06042
1.03581
1.00876
0.980504
0.952476
0.926393
0.904166
0.887499
0.877401
0.873754
0.875204
0.87949
0.884081
0.886783
0.886177
0.881779
0.87396
0.863836
0.853261
0.844782
0.841218
0.844623
0.855236
0.871298
0.889875
0.908005
0.923335
0.934224
0.939647
0.9392
0.933088
0.922225
0.908179
0.892941
0.878575
0.866827
0.858844
0.855137
0.855619
0.859631
0.866049
0.873412
0.880124
0.884744
0.886319
0.884733
0.88093
0.87668
0.873707
0.872802
0.873809
0.876309
0.880085
0.885022
0.890825
0.896943
0.902716
0.907609
0.911351
0.913913
0.9153
0.915407
0.913838
0.909933
0.902986
0.892592
0.879095
0.863886
0.849295
0.837851
0.831233
0.829561
0.831555
0.835385
0.839416
0.842477
0.843857
0.843052
0.839592
0.832983
0.822867
0.809383
0.793503
0.777211
0.763291
0.754802
0.754233
0.762556
0.778545
0.799065
0.820206
0.838581
0.851976
0.85952
0.86145
0.858841
0.853448
0.847502
0.843374
0.843055
0.847646
0.857058
0.870108
0.885
0.899701
0.91226
0.921016
0.924855
0.923425
0.917236
0.907507
0.895816
0.88376
0.8727
0.86352
0.856586
0.851776
0.848616
0.8465
0.844846
0.843224
0.8414
0.839351
0.837235
0.835443
0.834491
0.83503
0.837626
0.842447
0.848988
0.856123
0.862502
0.8671
0.86955
0.870087
0.869142
0.86704
0.863933
0.86001
0.855792
0.852105
0.849899
0.849939
0.852601
0.857863
0.865406
0.874659
0.88478
0.894559
0.902361
0.906387
0.905073
0.897722
0.885063
0.869417
0.854259
0.843104
0.838141
0.83917
0.843765
0.848517
0.85049
0.847978
0.840625
0.829095
0.814736
0.799284
0.784615
0.772533
0.764507
0.761426
0.763507
0.770291
0.780837
0.793965
0.808403
0.822799
0.835805
0.846262
0.853505
0.857542
0.859017
0.859045
0.858859
0.859465
0.861435
0.864834
0.869255
0.874005
0.878367
0.881787
0.884084
0.885363
0.885908
0.886031
0.886007
0.88617
0.886762
0.887734
0.888607
0.888614
0.887121
0.884008
0.879875
0.875916
0.873463
0.873327
0.875283
0.878047
0.879777
0.87882
0.874199
0.865808
0.854402
0.84135
0.828457
0.817684
0.810777
0.808933
0.812537
0.821135
0.833586
0.848304
0.863543
0.877635
0.889157
0.897089
0.900856
0.900361
0.895984
0.888475
0.878825
0.868152
0.857664
0.84872
0.842827
0.841448
0.84558
0.855191
0.86888
0.884047
0.897734
0.907598
0.912661
0.913369
0.911278
0.908482
0.907095
0.908788
0.914348
0.923375
0.934255
0.944599
0.952033
0.954889
0.952538
0.945406
0.934753
0.922344
0.910044
0.899433
0.891456
0.886324
0.883609
0.882624
0.882836
0.884125
0.88654
0.889726
0.89242
0.892594
0.888243
0.878153
0.862391
0.842344
0.820405
0.79945
0.782209
0.770797
0.766456
0.769561
0.779576
0.795066
0.813813
0.833226
0.850917
0.865166
0.875131
0.880733
0.882376
0.880707
0.876496
0.870589
0.863923
0.857583
0.852698
0.850206
0.850546
0.853561
0.858661
0.865176
0.872555
0.88034
0.888001
0.894801
0.899858
0.902368
0.90175
0.897744
0.890496
0.880466
0.86829
0.854595
0.839892
0.824717
0.809947
0.796957
0.787376
0.782544
0.783106
0.788921
0.799216
0.812817
0.828304
0.844115
0.858654
0.870438
0.878367
0.881885
0.881139
0.877025
0.870993
0.86477
0.859932
0.857503
0.857843
0.860689
0.865371
0.871011
0.876627
0.881166
0.88358
0.883101
0.879457
0.872962
0.864476
0.855165
0.846153
0.838302
0.832168
0.828188
0.826739
0.827979
0.831537
0.836515
0.841826
0.846637
0.850581
0.853742
0.856435
0.858999
0.861642
0.864413
0.867066
0.868975
0.869165
0.866584
0.860571
0.851226
0.839464
0.826767
0.814775
0.80492
0.79836
0.796093
0.798947
0.807303
0.820603
0.837151
0.854478
0.870165
0.882479
0.890684
0.894983
0.896195
0.895503
0.894128
0.893191
0.893616
0.895955
0.900255
0.906061
0.912535
0.918664
0.923426
0.92595
0.925742
0.922868
0.918059
0.912459
0.907081
0.902275
0.897683
0.892743
0.887257
0.881494
0.875874
0.870617
0.865663
0.860984
0.856846
0.85368
0.851714
0.850761
0.850224
0.849386
0.847718
0.845078
0.841792
0.838553
0.836173
0.835236
0.835876
0.837664
0.839779
0.841326
0.841609
0.840398
0.83816
0.836201
0.836481
0.840927
0.850491
0.864612
0.881541
0.899158
0.915623
0.929715
0.940762
0.948484
0.95287
0.954079
0.952381
0.948114
0.94167
0.933518
0.924269
0.914765
0.906079
0.899298
0.8952
0.894012
0.895422
0.898809
0.903387
0.908302
0.912696
0.915992
0.918034
0.919029
0.919283
0.919001
0.918218
0.916841
0.914802
0.912131
0.908953
0.905391
0.901464
0.897053
0.89201
0.886331
0.880237
0.874039
0.867941
0.8619
0.855632
0.84877
0.841098
0.832671
0.823903
0.815543
0.808638
0.804376
0.803808
0.807527
0.815339
0.826221
0.838482
0.850081
0.859132
0.864493
0.866278
0.866031
0.866113
0.86821
0.872008
0.875397
0.875908
0.872016
0.863654
0.852351
0.841066
0.833262
0.831159
0.834306
0.83995
0.844957
0.84736
0.8468
0.844176
0.841042
0.838945
0.83888
0.841016
0.844737
0.849003
0.852798
0.855511
0.857118
0.857991
0.858574
0.8591
0.859617
0.86027
0.861353
0.863004
0.864859
0.86618
0.866529
0.866263
0.866431
0.86813
0.871961
0.877832
0.885181
0.893355
0.901822
0.910183
0.918068
0.925079
0.930822
0.935008
0.937579
0.938786
0.939121
0.939167
0.939361
0.93991
0.940794
0.941893
0.943109
0.944356
0.945439
0.945926
0.945112
0.942089
0.935942
0.925936
0.91174
0.893637
0.87264
0.850502
0.829431
0.811695
0.799082
0.792534
0.791955
0.796288
0.803904
0.813045
0.822286
0.830742
0.837931
0.843635
0.847651
0.849743
0.849685
0.847386
0.84295
0.836685
0.82907
0.820743
0.812457
0.805
0.799072
0.79522
0.793841
0.795231
0.799513
0.806372
0.814768
0.82311
0.829839
0.834186
0.836436
0.83764
0.838861
0.840535
0.842361
0.843645
0.843833
0.842861
0.841048
0.83887
0.836609
0.834213
0.831347
0.827568
0.822596
0.816491
0.809733
0.803256
0.798368
0.796461
0.798504
0.804579
0.81374
0.824282
0.834329
0.842362
0.847565
0.849941
0.850273
0.849892
0.850267
0.852508
0.856914
0.862885
0.869071
0.873819
0.875629
0.873577
0.867544
0.858334
0.847576
0.837421
0.829931
0.826488
0.827337
0.831635
0.837902
0.844591
0.85053
0.855093
0.85821
0.860232
0.86153
0.862195
0.861856
0.859843
0.855509
0.848612
0.839543
0.82933
0.819583
0.812268
0.809172
0.81128
0.81834
0.828882
0.840729
0.851764
0.860549
0.866586
0.870335
0.872886
0.875489
0.879086
0.883995
0.8898
0.89554
0.900003
0.902132
0.901269
0.897302
0.890698
0.882431
0.873802
0.8662
0.860681
0.857697
0.857012
0.857917
0.859619
0.861622
0.863777
0.866156
0.868827
0.871903
0.875701
0.880566
0.886469
0.892833
0.898831
0.90374
0.90705
0.908423
0.907828
0.905786
0.903371
0.901925
0.9025
0.905349
0.909858
0.914962
0.919667
0.923335
0.925774
0.927117
0.927677
0.927718
0.927274
0.92607
0.92368
0.919823
0.914636
0.908721
0.903042
0.89853
0.895692
0.89435
0.893719
0.892744
0.890461
0.88618
0.879495
0.870257
0.85856
0.844849
0.829911
0.814738
0.800342
0.787668
0.777624
0.771136
0.769138
0.772411
0.781266
0.795273
0.813127
0.832787
0.851899
0.86829
0.880332
0.887094
0.888317
0.884423
0.876472
0.866111
0.855357
0.846276
0.840506
0.83892
0.841472
0.847368
0.855369
0.864122
0.87251
0.879952
0.886525
0.892783
0.899199
0.9056
0.911095
0.914539
0.915145
0.912807
0.908093
0.901991
0.895571
0.889626
0.884474
0.879994
0.875823
0.871646
0.867327
0.862953
0.858692
0.854656
0.850781
0.846799
0.84228
0.83667
0.829401
0.820011
0.808379
0.794963
0.781
0.768527
0.759947
0.757194
0.760882
0.769909
0.781826
0.793926
0.804082
0.811103
0.814649
0.815014
0.812971
0.809582
0.806006
0.8035
0.803415
0.806991
0.814926
0.826914
0.841512
0.856585
0.870059
0.88037
0.886655
0.88869
0.886902
0.882339
0.876587
0.871514
0.868921
0.870231
0.876362
0.887707
0.903877
0.923513
0.94428
0.963377
0.97824
0.98712
0.989333
0.985227
0.975978
0.963269
0.949008
0.93503
0.922934
0.914019
0.909139
0.908468
0.911335
0.916299
0.921596
0.925702
0.927747
0.927596
0.925763
0.923238
0.92119
0.920716
0.922615
0.927315
0.934862
0.944811
0.956124
0.967311
0.976842
0.983566
0.986909
0.986785
0.983489
0.977651
0.970194
0.962213
0.954636
0.94786
0.941623
0.93529
0.928365
0.920885
0.913471
0.907109
0.902693
0.900585
0.900482
0.901552
0.902813
0.903479
0.903245
0.902404
0.901701
0.902066
0.904217
0.908337
0.914032
0.920429
0.926494
0.931321
0.934356
0.935407
0.934642
0.932474
0.92934
0.925487
0.920893
0.915308
0.908481
0.900318
0.891043
0.881321
0.872202
0.864787
0.859769
0.857169
0.856536
0.857278
0.8589
0.861061
0.863577
0.866528
0.870253
0.875182
0.881554
0.88919
0.897429
0.905238
0.911417
0.91481
0.914588
0.910431
0.902616
0.891953
0.879555
0.866455
0.853288
0.840201
0.827173
0.814323
0.802198
0.791725
0.783992
0.77985
0.779576
0.782718
0.788171
0.794458
0.800092
0.80391
0.805273
0.804107
0.800849
0.796308
0.791504
0.787508
0.785304
0.785698
0.789202
0.795927
0.805539
0.81733
0.830372
0.843765
0.85677
0.868824
0.879516
0.888507
0.895543
0.900442
0.903115
0.903586
0.902035
0.898781
0.89429
0.889134
0.883876
0.878892
0.874297
0.869969
0.865593
0.860858
0.855469
0.84913
0.841561
0.832717
0.823201
0.814686
0.809694
0.810593
0.818131
0.830814
0.845715
0.859869
0.871273
0.879047
0.88319
0.884272
0.883102
0.880502
0.877105
0.873231
0.868904
0.863916
0.857916
0.850608
0.842025
0.832669
0.823632
1.09082
1.0817
1.0748
1.07127
1.07141
1.07466
1.07975
1.08509
1.08916
1.09093
1.08993
1.0863
1.0807
1.07421
1.06812
1.06368
1.06197
1.06369
1.06922
1.07849
1.09071
1.10413
1.11638
1.12511
1.12861
1.12607
1.11752
1.10371
1.08601
1.0663
1.04688
1.0302
1.01837
1.01278
1.01373
1.02028
1.03043
1.04176
1.05241
1.06179
1.07036
1.07872
1.08692
1.0947
1.10194
1.10863
1.11426
1.11784
1.11822
1.11467
1.10689
1.09505
1.07992
1.0632
1.04743
1.0355
1.02981
1.03144
1.03989
1.05325
1.06884
1.08387
1.09588
1.10304
1.10415
1.09869
1.08685
1.06955
1.04852
1.02615
1.00526
0.988603
0.978207
0.974837
0.977854
0.985538
0.99564
1.00588
1.01422
1.01908
1.01975
1.01672
1.0118
1.00761
1.00648
1.00939
1.01578
1.02418
1.03266
1.03932
1.04265
1.04196
1.03774
1.03159
1.02552
1.02101
1.0184
1.01724
1.01696
1.0173
1.01823
1.01938
1.01978
1.01802
1.01276
1.00334
0.990253
0.975167
0.960601
0.949134
0.942496
0.940929
0.943428
0.948435
0.954606
0.961281
0.968616
0.977408
0.98876
1.00362
1.02236
1.04453
1.06877
1.09331
1.11644
1.13689
1.15389
1.16707
1.17639
1.18216
1.18484
1.18489
1.18251
1.17742
1.16895
1.15648
1.13975
1.11949
1.09754
1.07663
1.05961
1.04836
1.04271
1.04042
1.03813
1.033
1.02399
1.0122
1.00039
0.991863
0.989204
0.993288
1.00312
1.01649
1.03104
1.04494
1.05734
1.06826
1.0782
1.08746
1.09558
1.10111
1.10222
1.09758
1.0871
1.0721
1.05496
1.03852
1.02541
1.01737
1.01477
1.01658
1.02089
1.02564
1.0294
1.03186
1.03383
1.03679
1.04193
1.04941
1.05809
1.06593
1.07076
1.07107
1.06646
1.05772
1.04651
1.03476
1.02428
1.01659
1.01305
1.01489
1.02282
1.03655
1.05431
1.07321
1.08998
1.10195
1.10758
1.10657
1.09967
1.08829
1.07405
1.05847
1.04283
1.02819
1.01556
1.00587
0.999754
0.997446
0.998616
1.00254
1.00827
1.01494
1.02187
1.02857
1.03453
1.03913
1.04172
1.04189
1.03962
1.03544
1.03019
1.0248
1.02009
1.01641
1.01356
1.01101
1.00851
1.00678
1.00762
1.01258
1.02139
1.03166
1.04026
1.04494
1.0449
1.04051
1.03308
1.02449
1.01673
1.01137
1.00925
1.01075
1.01626
1.02608
1.03965
1.05501
1.06953
1.08117
1.08907
1.09322
1.09396
1.09181
1.08757
1.08232
1.07708
1.07236
1.06794
1.06296
1.05638
1.04709
1.03421
1.01739
0.997311
0.975731
0.954839
0.936574
0.922117
0.912133
0.907247
0.908136
0.915351
0.92886
0.94784
0.970676
0.995285
1.01944
1.04112
1.05875
1.07144
1.07905
1.08222
1.08237
1.08124
1.08051
1.08123
1.08352
1.08655
1.08878
1.08847
1.08429
1.07571
1.06309
1.04757
1.03075
1.01446
1.00047
0.990024
0.983562
0.980644
0.980491
0.982688
0.987439
0.99489
1.00421
1.0135
1.02054
1.02359
1.02173
1.01495
1.00401
0.990358
0.975973
0.963418
0.955477
0.954112
0.959324
0.969154
0.981109
0.993524
1.0058
1.01766
1.02856
1.03783
1.04525
1.0513
1.05662
1.0612
1.06433
1.06511
1.06309
1.0584
1.05147
1.04266
1.03207
1.01964
1.00561
0.990834
0.976948
0.96594
0.959255
0.957024
0.957967
0.960198
0.962168
0.963105
0.96293
0.961997
0.96085
0.96024
0.9613
0.965523
0.974241
0.987736
1.00475
1.02294
1.0399
1.05404
1.06486
1.07267
1.07794
1.08067
1.08042
1.07695
1.07084
1.06355
1.05699
1.05275
1.05156
1.0532
1.05661
1.06015
1.06196
1.06048
1.05497
1.046
1.03578
1.02775
1.02492
1.02783
1.0343
1.04128
1.04679
1.05035
1.05243
1.05372
1.05486
1.05645
1.0593
1.06434
1.07203
1.08182
1.09214
1.10127
1.10804
1.11197
1.1132
1.11235
1.11033
1.10804
1.10596
1.10396
1.10138
1.09755
1.09231
1.08629
1.08074
1.07703
1.07591
1.0771
1.07926
1.0804
1.07857
1.07231
1.0611
1.04533
1.02639
1.00679
0.990032
0.979717
0.977933
0.984161
0.995854
1.01004
1.02447
1.03778
1.04915
1.05808
1.06433
1.06813
1.07025
1.07192
1.07432
1.07806
1.08288
1.08777
1.09143
1.09303
1.09268
1.09139
1.09057
1.09138
1.09412
1.09819
1.10242
1.10553
1.1065
1.10482
1.10062
1.09452
1.08734
1.07984
1.07238
1.06494
1.05727
1.04901
1.03979
1.02911
1.01665
1.00268
0.988428
0.976016
0.967514
0.963822
0.964089
0.966245
0.968251
0.968902
0.968089
0.966745
0.966604
0.969755
0.977788
0.99103
1.00826
1.02734
1.04606
1.06284
1.07698
1.08865
1.09868
1.10822
1.11836
1.12951
1.14111
1.15176
1.15977
1.16385
1.16327
1.15785
1.14781
1.13376
1.11681
1.09861
1.08135
1.06745
1.05909
1.05753
1.0627
1.07314
1.08634
1.09944
1.10995
1.11625
1.11774
1.11475
1.10827
1.09968
1.09033
1.08128
1.07306
1.06577
1.05927
1.05348
1.04873
1.04602
1.04669
1.05141
1.05937
1.06848
1.07629
1.08079
1.08087
1.07638
1.06816
1.05775
1.04688
1.03673
1.02748
1.01855
1.00934
1.00008
0.992346
0.988815
0.992207
1.00375
1.02228
1.04469
1.06721
1.08674
1.1014
1.11041
1.11371
1.11159
1.10448
1.09299
1.07817
1.06174
1.0463
1.03508
1.0307
1.03341
1.04077
1.04915
1.05563
1.05884
1.05878
1.05606
1.05149
1.04572
1.03916
1.03215
1.02508
1.01844
1.0128
1.00892
1.00767
1.00981
1.01578
1.02563
1.03906
1.05536
1.07332
1.09132
1.10765
1.12081
1.12977
1.13412
1.13414
1.13087
1.1258
1.12043
1.11578
1.11212
1.10904
1.10582
1.10153
1.09531
1.08642
1.07442
1.05923
1.0415
1.02275
1.0052
0.991115
0.982088
0.979141
0.983254
0.994823
1.012
1.03057
1.04616
1.05641
1.06113
1.06133
1.05829
1.05317
1.04706
1.04093
1.03547
1.03082
1.02673
1.02303
1.01984
1.01747
1.01595
1.01483
1.01315
1.00956
1.00263
0.991118
0.974454
0.953367
0.930404
0.909736
0.895958
0.892197
0.898869
0.913909
0.933974
0.955746
0.976618
0.994781
1.00908
1.01885
1.02385
1.02453
1.02223
1.01906
1.01744
1.01925
1.02512
1.03427
1.04507
1.0557
1.06477
1.07142
1.07513
1.07542
1.07191
1.06462
1.05434
1.0426
1.0314
1.02265
1.01777
1.01747
1.02186
1.03066
1.0433
1.05898
1.0765
1.09434
1.11085
1.12444
1.13387
1.13824
1.1371
1.13062
1.11955
1.10519
1.08902
1.07239
1.05641
1.04202
1.03008
1.02132
1.01588
1.01304
1.01122
1.00857
1.00364
0.995921
0.985899
0.974875
0.964409
0.955733
0.949431
0.945499
0.943786
0.944433
0.94801
0.955321
0.966943
0.982819
1.00199
1.02261
1.04246
1.05969
1.0733
1.08293
1.08835
1.08902
1.08438
1.07447
1.06039
1.04384
1.02674
1.01101
0.998695
0.991417
0.989051
0.98915
0.988279
0.984344
0.978014
0.972297
0.970806
0.976247
0.989865
1.01126
1.03843
1.06838
1.09797
1.12454
1.1462
1.162
1.17171
1.17554
1.17369
1.16654
1.15505
1.14072
1.12504
1.10882
1.09241
1.07618
1.06093
1.04787
1.03835
1.0336
1.03398
1.03817
1.04328
1.04623
1.04525
1.04034
1.03293
1.0253
1.01994
1.0191
1.02429
1.03592
1.0531
1.07374
1.09511
1.1145
1.12987
1.14012
1.14505
1.14513
1.14122
1.13432
1.12541
1.11542
1.10509
1.09496
1.08534
1.07643
1.06854
1.06226
1.05834
1.05721
1.0585
1.06093
1.0628
1.06278
1.06086
1.05864
1.05823
1.06055
1.06475
1.06924
1.0728
1.07462
1.07386
1.06962
1.06132
1.04916
1.03437
1.01901
1.00545
0.995855
0.99164
0.993421
1.00114
1.01424
1.03161
1.05149
1.0716
1.08964
1.10394
1.11386
1.11965
1.12212
1.12191
1.11896
1.11241
1.10122
1.08513
1.0652
1.04372
1.02363
1.00747
0.996472
0.990265
0.987276
0.985677
0.984288
0.983023
0.982798
0.985048
0.991053
1.00142
1.01589
1.03345
1.05251
1.07109
1.08712
1.09882
1.10506
1.10577
1.10207
1.09604
1.09004
1.08561
1.08294
1.08104
1.07847
1.07398
1.06701
1.05807
1.04888
1.04173
1.03815
1.03785
1.03929
1.04087
1.04179
1.04194
1.04131
1.03957
1.03607
1.03005
1.02109
1.00939
0.995993
0.982783
0.972126
0.966127
0.965971
0.971618
0.982016
0.995513
1.01035
1.02496
1.03822
1.04945
1.05846
1.06556
1.07138
1.07678
1.08262
1.08965
1.09835
1.10864
1.11978
1.13023
1.13811
1.14165
1.13974
1.13233
1.12055
1.10665
1.09331
1.08255
1.07483
1.06916
1.06388
1.05741
1.04882
1.03813
1.0263
1.01509
1.0066
1.00269
1.00436
1.01114
1.02136
1.0329
1.04398
1.05334
1.06016
1.06393
1.06458
1.06245
1.05824
1.0527
1.04628
1.03906
1.03092
1.02208
1.01356
1.00697
1.00383
1.00481
1.00944
1.01644
1.02434
1.03182
1.0379
1.04195
1.04369
1.0432
1.04096
1.03783
1.03486
1.03305
1.03288
1.03411
1.03578
1.0363
1.0338
1.02674
1.01439
0.997313
0.977439
0.95752
0.940261
0.927469
0.919841
0.917365
0.919852
0.927216
0.93941
0.956149
0.976707
0.999839
1.02403
1.0478
1.06989
1.0892
1.10472
1.11567
1.12158
1.12247
1.11884
1.11156
1.10182
1.09127
1.08211
1.07664
1.07599
1.07942
1.08502
1.09113
1.0968
1.10145
1.10433
1.10469
1.10192
1.09582
1.08654
1.07454
1.06052
1.04536
1.03033
1.01702
1.00724
1.00249
1.00353
1.01
1.0206
1.03352
1.04706
1.06
1.0716
1.08134
1.08865
1.09277
1.09284
1.08818
1.07863
1.06474
1.04777
1.02958
1.01224
0.997714
0.987458
1.09434
1.09125
1.08996
1.08906
1.08746
1.08474
1.08133
1.07831
1.07688
1.07767
1.08032
1.0837
1.08669
1.08938
1.09386
1.10355
1.12089
1.14483
1.17098
1.194
1.21006
1.21765
1.21735
1.21126
1.20192
1.19107
1.17894
1.1646
1.14702
1.12624
1.10401
1.08354
1.06835
1.06076
1.06124
1.06891
1.08238
1.10006
1.12006
1.14042
1.15941
1.17576
1.18862
1.1976
1.20262
1.20395
1.20205
1.19743
1.19043
1.18115
1.16969
1.15654
1.14284
1.13031
1.1208
1.11563
1.1151
1.11847
1.12428
1.13078
1.13642
1.14011
1.14149
1.14095
1.13948
1.13818
1.1376
1.13729
1.136
1.13244
1.12596
1.11708
1.10724
1.09825
1.09149
1.08753
1.08608
1.08618
1.08685
1.0876
1.08894
1.09232
1.09953
1.11172
1.12855
1.14815
1.16773
1.18465
1.19695
1.20343
1.20357
1.19739
1.18567
1.17008
1.15319
1.13778
1.12612
1.1194
1.1179
1.12123
1.12843
1.13803
1.14822
1.15739
1.1646
1.16966
1.17278
1.17406
1.17328
1.1699
1.16351
1.15433
1.14335
1.13226
1.12302
1.11724
1.11557
1.11737
1.12093
1.12454
1.1272
1.12901
1.13079
1.13341
1.13722
1.14177
1.14604
1.14884
1.14936
1.14742
1.14345
1.13819
1.13237
1.1261
1.11847
1.10801
1.0938
1.07617
1.05663
1.03748
1.02133
1.01072
1.00763
1.01324
1.02766
1.04977
1.07733
1.10728
1.13627
1.16126
1.18006
1.19155
1.19562
1.19287
1.18414
1.1704
1.15301
1.13413
1.11664
1.1035
1.09685
1.09731
1.10417
1.11562
1.12924
1.14225
1.15212
1.15714
1.15673
1.15134
1.14219
1.13088
1.11911
1.10818
1.09872
1.09088
1.08487
1.08128
1.08096
1.08464
1.09246
1.10376
1.11716
1.13078
1.1427
1.15133
1.15539
1.1538
1.14557
1.13014
1.10819
1.08235
1.0568
1.03558
1.02066
1.01176
1.00793
1.00874
1.01418
1.0239
1.03698
1.05214
1.06804
1.08358
1.09796
1.11068
1.12146
1.13039
1.13815
1.14591
1.15461
1.16427
1.17388
1.18194
1.1871
1.18849
1.18592
1.17979
1.17077
1.15902
1.14413
1.12602
1.10581
1.08571
1.06798
1.05407
1.04459
1.03984
1.04024
1.04628
1.05797
1.0742
1.09286
1.11167
1.12906
1.14434
1.15732
1.16784
1.17565
1.18047
1.18205
1.18033
1.17558
1.16826
1.15913
1.14915
1.13956
1.13176
1.12692
1.12548
1.12677
1.12902
1.12998
1.12775
1.12153
1.11188
1.10062
1.09011
1.08211
1.0769
1.07371
1.07213
1.07336
1.07939
1.09079
1.10553
1.12007
1.13117
1.13664
1.13538
1.12711
1.11209
1.09107
1.06539
1.03721
1.0095
0.985758
0.969465
0.963341
0.968554
0.983903
1.00584
1.02993
1.05267
1.07237
1.08865
1.10155
1.11117
1.11772
1.12209
1.126
1.13158
1.1404
1.15244
1.16572
1.17692
1.1826
1.18043
1.17001
1.1529
1.13197
1.11034
1.09046
1.07392
1.0617
1.05438
1.05199
1.05378
1.05841
1.06442
1.07067
1.07667
1.08231
1.0875
1.09191
1.09508
1.09669
1.09675
1.09552
1.09334
1.09042
1.08674
1.08225
1.07699
1.07121
1.06519
1.05917
1.0533
1.04771
1.04247
1.03741
1.03214
1.02627
1.01991
1.01389
1.00967
1.00879
1.01216
1.01927
1.02832
1.03732
1.04539
1.05311
1.06161
1.0711
1.08034
1.08738
1.09077
1.09033
1.0871
1.08295
1.08009
1.08053
1.08551
1.09521
1.10855
1.12344
1.13729
1.14757
1.15256
1.15174
1.14572
1.13602
1.12451
1.113
1.10304
1.09577
1.09194
1.09182
1.09508
1.10073
1.1072
1.11248
1.11457
1.112
1.10432
1.09249
1.07872
1.06571
1.05545
1.04845
1.04418
1.04237
1.04365
1.04902
1.05867
1.0712
1.08389
1.0938
1.09883
1.09828
1.09268
1.08317
1.07109
1.05782
1.04493
1.0341
1.0267
1.02332
1.02396
1.02864
1.03773
1.05131
1.0683
1.086
1.10099
1.11048
1.11336
1.11048
1.10402
1.09634
1.08912
1.08296
1.07764
1.0729
1.0692
1.06792
1.07061
1.0775
1.08658
1.09427
1.09724
1.09365
1.08375
1.06998
1.05681
1.04964
1.05201
1.06299
1.0776
1.09013
1.09729
1.09924
1.09883
1.09992
1.10542
1.11593
1.12998
1.14515
1.15908
1.16969
1.17522
1.17427
1.16606
1.15078
1.1301
1.10721
1.08647
1.07194
1.06575
1.06731
1.07433
1.08448
1.09642
1.10972
1.12416
1.13902
1.15275
1.16344
1.16968
1.17123
1.16909
1.16504
1.16085
1.15767
1.15575
1.1547
1.15399
1.1534
1.15308
1.15327
1.1538
1.1539
1.15234
1.14787
1.13961
1.1274
1.11188
1.09444
1.07701
1.06166
1.05007
1.04316
1.0409
1.04243
1.04638
1.05124
1.0559
1.06015
1.06486
1.07152
1.0813
1.09413
1.10839
1.12156
1.13137
1.13692
1.13905
1.13981
1.14134
1.14461
1.14908
1.15307
1.15471
1.15283
1.14739
1.13949
1.13085
1.12309
1.1172
1.1134
1.11135
1.11053
1.11036
1.11009
1.10881
1.1056
1.09986
1.09152
1.08105
1.06929
1.05714
1.04546
1.03538
1.02837
1.0259
1.02896
1.03778
1.05176
1.06938
1.08814
1.10486
1.11641
1.12079
1.11806
1.11047
1.10196
1.09674
1.09786
1.10619
1.1204
1.13779
1.15519
1.16986
1.17989
1.18456
1.18415
1.17951
1.17167
1.16152
1.14996
1.13826
1.12849
1.12305
1.12338
1.12852
1.13511
1.13901
1.13754
1.13062
1.1209
1.11244
1.10845
1.10949
1.11346
1.11728
1.11847
1.11586
1.10957
1.10077
1.0915
1.08417
1.08094
1.08295
1.08994
1.10049
1.11277
1.12498
1.1357
1.14403
1.14948
1.15207
1.15219
1.15032
1.14669
1.14109
1.13308
1.12226
1.10838
1.0911
1.07006
1.04572
1.02036
0.998024
0.982715
0.976088
0.977004
0.983153
0.992794
1.00538
1.0211
1.04009
1.06149
1.08334
1.10325
1.11925
1.1304
1.13669
1.13889
1.13826
1.13609
1.13341
1.13076
1.12832
1.12619
1.12461
1.12382
1.12398
1.12479
1.12553
1.12529
1.12356
1.12051
1.11659
1.11179
1.10535
1.09643
1.08536
1.07436
1.06706
1.06649
1.07349
1.08656
1.10302
1.12011
1.13571
1.14885
1.15974
1.16919
1.17772
1.18523
1.19117
1.19535
1.19848
1.20214
1.20793
1.21625
1.22564
1.23333
1.23648
1.23323
1.22312
1.20709
1.18745
1.16771
1.15177
1.14218
1.13887
1.13973
1.14229
1.14488
1.14677
1.14812
1.14994
1.15396
1.16182
1.17388
1.18853
1.20256
1.21234
1.21505
1.20909
1.19417
1.17104
1.14161
1.10907
1.07781
1.05269
1.03754
1.03411
1.04175
1.05807
1.07982
1.10401
1.12837
1.15126
1.17142
1.18789
1.20002
1.2075
1.21039
1.20918
1.20474
1.19804
1.18986
1.18051
1.16968
1.1566
1.14039
1.12063
1.0979
1.07408
1.05217
1.03552
1.02655
1.02574
1.03125
1.03951
1.04627
1.04783
1.04207
1.02944
1.01347
0.999774
0.992966
0.993875
1.00056
1.01119
1.02501
1.04108
1.05729
1.07077
1.07897
1.08069
1.07655
1.06895
1.06156
1.05822
1.06168
1.07282
1.09066
1.11284
1.13643
1.15872
1.17791
1.19322
1.2045
1.21168
1.2145
1.21282
1.20707
1.19821
1.18761
1.17666
1.16648
1.15773
1.15063
1.14499
1.14037
1.1362
1.13187
1.12697
1.12129
1.11482
1.10777
1.10054
1.09376
1.08797
1.08327
1.07915
1.07467
1.06908
1.06225
1.05499
1.04909
1.04674
1.04946
1.05713
1.06786
1.07896
1.08825
1.09478
1.09867
1.10045
1.10067
1.09998
1.09927
1.09935
1.10053
1.10238
1.10406
1.10484
1.10431
1.10245
1.09967
1.09676
1.09471
1.09437
1.09594
1.09885
1.1021
1.10489
1.10687
1.10801
1.10825
1.1074
1.10533
1.10249
1.09996
1.09894
1.1001
1.10324
1.10759
1.11232
1.11685
1.12092
1.12438
1.12705
1.12864
1.1288
1.12739
1.12477
1.12207
1.12086
1.12227
1.12613
1.13081
1.13413
1.13434
1.13064
1.12318
1.11299
1.10179
1.09151
1.08338
1.07726
1.0721
1.06696
1.06175
1.05733
1.05506
1.05621
1.06141
1.07039
1.0822
1.09545
1.10833
1.11866
1.12416
1.12308
1.11465
1.09925
1.07822
1.05385
1.02937
1.0086
0.995047
0.990634
0.995123
1.00653
1.02205
1.03896
1.0551
1.06891
1.07953
1.08687
1.09156
1.0947
1.09738
1.10034
1.10367
1.10692
1.10925
1.10983
1.10824
1.10482
1.10074
1.09777
1.09732
1.09954
1.10342
1.10777
1.11175
1.11454
1.11508
1.11247
1.10659
1.09807
1.08794
1.07771
1.0698
1.06708
1.07111
1.08054
1.09183
1.10143
1.10733
1.10916
1.10748
1.10325
1.09767
1.09198
1.08712
1.08339
1.08047
1.07816
1.07706
1.07853
1.0839
1.09362
1.10704
1.12281
1.13913
1.15394
1.16513
1.17099
1.17058
1.16389
1.15174
1.13555
1.11706
1.09822
1.08099
1.06715
1.05786
1.0534
1.05306
1.05564
1.05997
1.06545
1.07208
1.08005
1.08905
1.09788
1.1046
1.10707
1.10372
1.09419
1.07974
1.06311
1.04796
1.03772
1.03439
1.03803
1.04743
1.06123
1.07848
1.0985
1.12011
1.14123
1.15944
1.17301
1.18164
1.18617
1.18778
1.18729
1.18487
1.18019
1.17291
1.16312
1.15162
1.1401
1.1308
1.12592
1.12675
1.13317
1.14365
1.15597
1.16808
1.17864
1.18712
1.19349
1.19785
1.20011
1.19999
1.19714
1.19138
1.18298
1.17269
1.16151
1.15044
1.14015
1.131
1.12306
1.1163
1.11083
1.10717
1.1062
1.10889
1.1157
1.1262
1.13919
1.15306
1.16621
1.17734
1.18548
1.18997
1.19053
1.18723
1.18046
1.17094
1.15953
1.14706
1.13418
1.12133
1.10887
1.09725
1.08711
1.07921
1.07414
1.09827
1.09894
1.10177
1.10622
1.11144
1.11627
1.11965
1.12103
1.12067
1.11939
1.11821
1.118
1.11934
1.12259
1.12779
1.13468
1.14259
1.15052
1.15719
1.16149
1.16278
1.16118
1.15759
1.15354
1.15088
1.15125
1.15561
1.16393
1.17522
1.18776
1.19942
1.20806
1.21185
1.20954
1.20069
1.18578
1.16634
1.14484
1.12435
1.10786
1.09749
1.09378
1.09567
1.10078
1.10625
1.10952
1.109
1.10426
1.09574
1.08442
1.07154
1.05856
1.04722
1.03941
1.03665
1.03957
1.04761
1.0592
1.07241
1.08566
1.09823
1.11018
1.12212
1.13482
1.14893
1.16475
1.18206
1.20013
1.21784
1.23396
1.2474
1.25728
1.26302
1.26424
1.2608
1.25283
1.2408
1.22557
1.2082
1.18992
1.172
1.15565
1.14193
1.13175
1.12591
1.12504
1.12943
1.13863
1.15111
1.16446
1.17618
1.1846
1.18906
1.18982
1.18754
1.183
1.17667
1.16861
1.15843
1.14556
1.12968
1.1112
1.09154
1.07307
1.0584
1.0492
1.04558
1.04637
1.05
1.05536
1.06232
1.07194
1.08578
1.10405
1.12434
1.14245
1.15473
1.15958
1.15743
1.15002
1.13955
1.12801
1.11688
1.10723
1.1
1.09624
1.09702
1.10285
1.11321
1.12653
1.14055
1.15302
1.16198
1.16611
1.16462
1.15732
1.14508
1.13042
1.11752
1.11065
1.11168
1.11888
1.12824
1.13585
1.13948
1.13886
1.13515
1.13034
1.12647
1.12489
1.12595
1.12919
1.13389
1.13944
1.14528
1.15073
1.15472
1.15603
1.15362
1.14708
1.13682
1.12429
1.11186
1.10257
1.0994
1.10418
1.11689
1.13572
1.15788
1.18037
1.2006
1.21684
1.22833
1.23519
1.23784
1.23656
1.23116
1.22126
1.20674
1.18829
1.16757
1.14697
1.12897
1.11531
1.10657
1.10239
1.10212
1.10527
1.11151
1.12019
1.12999
1.13892
1.14484
1.14639
1.1437
1.13855
1.13393
1.13286
1.13699
1.14596
1.1576
1.16914
1.17827
1.18371
1.18509
1.18268
1.17709
1.16924
1.16045
1.15243
1.14699
1.14532
1.14725
1.15139
1.15593
1.15947
1.16106
1.15988
1.15503
1.14574
1.13195
1.11493
1.09734
1.08253
1.07296
1.06875
1.06798
1.06839
1.06901
1.07057
1.07469
1.08256
1.09396
1.10724
1.12011
1.13063
1.1377
1.14113
1.14153
1.14003
1.13767
1.13511
1.13241
1.12949
1.12641
1.12335
1.12038
1.11762
1.11552
1.11473
1.11562
1.11777
1.12013
1.1216
1.12181
1.12144
1.12202
1.12525
1.13217
1.14256
1.15489
1.16675
1.17556
1.17937
1.17746
1.17069
1.1613
1.15197
1.14449
1.13909
1.13491
1.13113
1.1276
1.12462
1.12238
1.12071
1.11915
1.11737
1.11534
1.11328
1.11127
1.10924
1.10716
1.1054
1.1048
1.10647
1.11128
1.11923
1.12968
1.14171
1.15466
1.16814
1.18176
1.19486
1.20637
1.21497
1.21934
1.21849
1.21216
1.20093
1.18625
1.17
1.1539
1.13917
1.1264
1.11561
1.10643
1.0983
1.09079
1.08383
1.07785
1.07355
1.07164
1.07261
1.07663
1.08351
1.09262
1.10305
1.11378
1.12389
1.13246
1.13866
1.14196
1.14237
1.14052
1.13737
1.13373
1.12988
1.12557
1.1204
1.11418
1.10718
1.09994
1.09303
1.08698
1.0823
1.07969
1.08002
1.08425
1.09312
1.10676
1.12446
1.14446
1.16423
1.18124
1.19386
1.20165
1.20509
1.20501
1.20237
1.19822
1.1937
1.18998
1.18797
1.18807
1.18978
1.19178
1.19229
1.18985
1.18391
1.17493
1.16408
1.15266
1.14175
1.13194
1.12308
1.11429
1.10446
1.09308
1.08078
1.06905
1.05948
1.05291
1.04932
1.04816
1.04895
1.0514
1.05519
1.05966
1.06381
1.0667
1.06793
1.06798
1.06805
1.06954
1.07353
1.08056
1.09074
1.10399
1.11999
1.13797
1.1565
1.17372
1.18769
1.19682
1.2003
1.1986
1.19371
1.18881
1.18618
1.18533
1.18353
1.17835
1.16923
1.15729
1.14474
1.13433
1.12854
1.12871
1.13449
1.14445
1.15683
1.17014
1.18321
1.19512
1.20512
1.21264
1.21734
1.21906
1.21792
1.2143
1.2089
1.2026
1.19621
1.19018
1.18446
1.17853
1.1717
1.16354
1.1541
1.14379
1.13304
1.12221
1.11171
1.10214
1.09435
1.08942
1.08853
1.09244
1.10087
1.11209
1.12373
1.13411
1.14299
1.15123
1.15975
1.16872
1.17724
1.18376
1.18681
1.18568
1.18063
1.1727
1.16328
1.1539
1.14592
1.14049
1.13841
1.13995
1.14449
1.15071
1.1572
1.16304
1.16791
1.17191
1.17512
1.17726
1.17751
1.17462
1.1674
1.15518
1.13817
1.11752
1.09498
1.07262
1.05259
1.03717
1.02873
1.02903
1.0383
1.05456
1.07421
1.09366
1.11102
1.12678
1.14306
1.16171
1.18269
1.20394
1.22275
1.23688
1.24509
1.24714
1.24371
1.23632
1.22713
1.21845
1.21171
1.20668
1.2016
1.19426
1.18284
1.16624
1.14413
1.11738
1.08841
1.06045
1.03582
1.01494
0.997178
0.982507
0.972085
0.967593
0.970532
0.981788
1.0013
1.02766
1.05781
1.08733
1.11172
1.1277
1.13399
1.13129
1.12192
1.10934
1.09743
1.08953
1.08739
1.09056
1.09676
1.10297
1.10665
1.10654
1.10293
1.09752
1.09286
1.09163
1.09566
1.10523
1.11915
1.13546
1.15208
1.16727
1.17975
1.1887
1.19377
1.1951
1.19335
1.18956
1.18503
1.18105
1.17849
1.17763
1.17812
1.17922
1.18013
1.18019
1.17874
1.17508
1.16872
1.16015
1.15146
1.14578
1.14515
1.14845
1.15176
1.15097
1.14389
1.13075
1.11343
1.09455
1.07687
1.06273
1.05351
1.04924
1.04858
1.0495
1.05033
1.05067
1.05145
1.0542
1.06018
1.06993
1.08315
1.0987
1.11471
1.12895
1.13934
1.14467
1.14487
1.14091
1.13434
1.12682
1.11984
1.11489
1.11349
1.11663
1.12401
1.13408
1.14494
1.15521
1.16412
1.17116
1.17589
1.17812
1.17829
1.17753
1.17739
1.17931
1.18416
1.19203
1.20219
1.21315
1.22299
1.22988
1.23259
1.23059
1.22402
1.21348
1.1999
1.18449
1.16854
1.15311
1.13857
1.12439
1.10952
1.09333
1.07602
1.05838
1.04119
1.02511
1.01115
1.00118
0.997858
1.00374
1.01974
1.04375
1.07094
1.09616
1.11623
1.13061
1.14072
1.14882
1.15702
1.16659
1.17749
1.1885
1.19761
1.20299
1.20378
1.20034
1.19333
1.18253
1.16693
1.14629
1.12255
1.09967
1.08216
1.07349
1.07487
1.08481
1.10003
1.11712
1.13373
1.1486
1.161
1.17006
1.1747
1.17404
1.16788
1.15672
1.14151
1.12378
1.10632
1.09307
1.08747
1.08999
1.09772
1.10625
1.11189
1.11285
1.10914
1.10205
1.09349
1.08553
1.07995
1.07816
1.08102
1.08879
1.10096
1.11624
1.13281
1.14888
1.16335
1.17607
1.18763
1.19878
1.20991
1.22077
1.23067
1.23865
1.24361
1.24435
1.23972
1.22887
1.21166
1.18901
1.16309
1.13704
1.11415
1.09672
1.08514
1.07785
1.07233
1.06625
1.05842
1.04921
1.04052
1.03511
1.03556
1.04324
1.05798
1.07799
1.1004
1.12254
1.14297
1.1616
1.1791
1.196
1.21217
1.22678
1.23857
1.24625
1.24881
1.24573
1.23707
1.22367
1.20724
1.19014
1.17476
1.16266
1.15422
1.14898
1.14626
1.14557
1.14663
1.14894
1.1513
1.15195
1.14913
1.14181
1.12998
1.11449
1.09689
1.0794
1.06482
1.05631
1.05636
1.06568
1.08226
1.10159
1.1187
1.13065
1.13788
1.14317
1.14948
1.15806
1.16821
1.17809
1.18568
1.18957
1.18952
1.18633
1.18152
1.17652
1.17216
1.16845
1.16469
1.15975
1.15268
1.14306
1.13131
1.11879
1.10754
1.09969
1.09664
1.09864
1.10472
1.11306
1.12138
1.12754
1.13
1.12805
1.12194
1.1127
1.10186
1.09094
1.08095
1.07244
1.06604
1.06314
1.06588
1.07574
1.09217
1.11269
1.13421
1.15421
1.17105
1.18381
1.19178
1.19426
1.19058
1.18049
1.1645
1.14402
1.12138
1.09937
1.08054
1.06673
1.05894
1.05744
1.06195
1.07142
1.08421
1.0983
1.11179
1.1233
1.13233
1.13911
1.14417
1.14787
1.15034
1.1517
1.15244
1.15329
1.15477
1.1566
1.15757
1.15577
1.14917
1.13627
1.11695
1.09308
1.06885
1.04977
1.04002
1.0401
1.04711
1.05747
1.06901
1.08105
1.09333
1.10543
1.11678
1.12696
1.13574
1.14295
1.14837
1.15186
1.15352
1.15401
1.1548
1.15783
1.16453
1.17456
1.18556
1.19445
1.19906
1.19905
1.19524
1.18856
1.17946
1.16813
1.15508
1.14126
1.12787
1.11614
1.10713
1.10153
1.09929
1.09961
1.10139
1.10371
1.10613
1.10871
1.11182
1.11583
1.12081
1.12644
1.13209
1.13715
1.14094
1.14254
1.14061
1.1335
1.11993
1.09973
1.07461
1.04836
1.02612
1.01256
1.0099
1.01733
1.0323
1.05216
1.07513
1.1
1.12561
1.1506
1.17351
1.19306
1.2082
1.21819
1.22271
1.22198
1.21679
1.20839
1.19818
1.18729
1.1764
1.16579
1.15571
1.1469
1.14062
1.13824
1.14037
1.14596
1.15249
1.15669
1.15584
1.14874
1.13627
1.12116
1.10686
1.09657
1.0926
1.09627
1.10745
1.12406
1.14259
1.15946
1.17228
1.18031
1.18402
1.18444
1.18279
1.18022
1.17755
1.17533
1.17369
1.17257
1.17183
1.17127
1.17048
1.1689
1.16582
1.16053
1.15256
1.1419
1.1295
1.11748
1.10827
1.10255
1.09818
1.0921
1.08318
1.07318
1.06563
1.0638
1.06897
1.07981
1.09313
1.10531
1.11369
1.1173
1.11679
1.11397
1.11081
1.10845
1.10655
1.1034
1.09711
1.08716
1.07532
1.06497
1.05933
1.06051
1.06967
1.08679
1.11
1.13564
1.15974
1.17939
1.19321
1.201
1.20314
1.20027
1.19316
1.1827
1.17003
