0.793271
0.770445
0.732688
0.681657
0.619519
0.549364
0.475208
0.401784
0.33416
0.277106
0.234349
0.207901
0.197782
0.202139
0.217749
0.240718
0.267118
0.293482
0.317096
0.336085
0.349423
0.356856
0.358745
0.355925
0.349591
0.341138
0.332052
0.323805
0.31776
0.315109
0.316769
0.323349
0.335017
0.351471
0.371895
0.394992
0.419177
0.44268
0.46384
0.48125
0.493911
0.501256
0.50324
0.500229
0.492994
0.482585
0.470148
0.456828
0.44365
0.431347
0.420387
0.410982
0.403159
0.396833
0.3919
0.388327
0.386129
0.385406
0.386283
0.388823
0.39297
0.398528
0.405119
0.412228
0.419248
0.425622
0.430934
0.43495
0.437589
0.438917
0.439073
0.438192
0.436445
0.433981
0.430959
0.427526
0.423889
0.420237
0.416732
0.413583
0.410977
0.409026
0.407868
0.407572
0.408184
0.409589
0.41149
0.41337
0.414607
0.41455
0.412668
0.408665
0.402604
0.394912
0.386299
0.377722
0.37013
0.364314
0.360779
0.359647
0.360726
0.36357
0.367557
0.371995
0.376218
0.379616
0.381698
0.382113
0.380786
0.377904
0.373952
0.369667
0.365977
0.363862
0.364211
0.367686
0.374553
0.384688
0.397569
0.412375
0.428098
0.443656
0.458037
0.470307
0.479772
0.485941
0.488516
0.487479
0.483047
0.475618
0.465818
0.454413
0.442314
0.430476
0.419847
0.411289
0.405426
0.402568
0.402505
0.404502
0.407538
0.410551
0.412778
0.413752
0.413315
0.411559
0.408631
0.404725
0.400067
0.394891
0.389496
0.384233
0.379496
0.375688
0.373181
0.372306
0.373329
0.376423
0.381594
0.388554
0.396648
0.404885
0.412139
0.417409
0.420034
0.419822
0.417088
0.412531
0.406994
0.401276
0.395937
0.391259
0.387384
0.384408
0.382557
0.382204
0.383759
0.387494
0.393385
0.401161
0.410336
0.420256
0.430259
0.439667
0.447812
0.454174
0.458284
0.459833
0.458716
0.455026
0.44907
0.441373
0.432619
0.423571
0.415064
0.407885
0.40264
0.399691
0.399078
0.400554
0.403633
0.407667
0.411997
0.416084
0.419498
0.421977
0.423393
0.423773
0.423233
0.421939
0.420149
0.418076
0.415824
0.413423
0.41079
0.407869
0.404654
0.401203
0.397666
0.394233
0.391067
0.388304
0.386054
0.3844
0.38339
0.383093
0.383588
0.384929
0.387165
0.390301
0.394184
0.39854
0.402977
0.406967
0.409979
0.411597
0.41156
0.409869
0.406785
0.40274
0.398269
0.39382
0.389752
0.386256
0.383352
0.380968
0.379042
0.377582
0.376657
0.376395
0.376905
0.378236
0.380328
0.383005
0.38608
0.389368
0.392758
0.396279
0.400068
0.404245
0.408888
0.414004
0.419541
0.425436
0.431668
0.438177
0.44484
0.451441
0.45764
0.46301
0.467154
0.469716
0.470452
0.469299
0.466303
0.461635
0.45555
0.448309
0.440146
0.431284
0.422005
0.412614
0.403462
0.394954
0.387568
0.381793
0.378084
0.376742
0.377821
0.381044
0.385793
0.391148
0.396079
0.39959
0.400936
0.399769
0.396216
0.390893
0.384812
0.379228
0.375389
0.374317
0.376617
0.382381
0.391242
0.402432
0.414901
0.427483
0.439025
0.44853
0.455209
0.458557
0.458318
0.454504
0.44732
0.437191
0.424756
0.410895
0.396658
0.383235
0.371779
0.36329
0.358465
0.357524
0.360223
0.366015
0.374127
0.383723
0.394004
0.404242
0.413771
0.421972
0.428317
0.432487
0.43441
0.434256
0.432414
0.429398
0.425733
0.421929
0.418421
0.415509
0.413377
0.412107
0.41169
0.412053
0.413121
0.414791
0.416953
0.419463
0.422112
0.424633
0.426718
0.428024
0.428322
0.427517
0.425665
0.422888
0.419339
0.415065
0.410044
0.404245
0.397706
0.390627
0.383379
0.37656
0.370891
0.367076
0.36566
0.366901
0.370705
0.376705
0.384315
0.392873
0.401733
0.410324
0.418164
0.424859
0.430066
0.433544
0.435143
0.434807
0.432593
0.42866
0.423343
0.417119
0.410585
0.404455
0.399489
0.396326
0.395377
0.396738
0.400083
0.40476
0.409961
0.414908
0.419005
0.421887
0.42351
0.424022
0.42371
0.422899
0.421861
0.420773
0.419749
0.418733
0.41753
0.415901
0.413582
0.410312
0.405972
0.400684
0.3949
0.38935
0.385021
0.383007
0.384125
0.388719
0.396498
0.406575
0.417704
0.428594
0.438192
0.44576
0.450891
0.453491
0.453625
0.451485
0.447335
0.441456
0.434115
0.425605
0.416186
0.406187
0.39599
0.386059
0.376989
0.369445
0.364124
0.361686
0.362591
0.366954
0.374439
0.384257
0.395245
0.40608
0.415526
0.422586
0.426699
0.427781
0.426184
0.422606
0.418009
0.413336
0.409362
0.406545
0.405074
0.404956
0.406162
0.408637
0.412215
0.416421
0.420411
0.423098
0.423532
0.42113
0.415815
0.408012
0.398621
0.388806
0.379872
0.373023
0.369102
0.368496
0.371142
0.376608
0.384231
0.393212
0.402794
0.412214
0.420815
0.428075
0.433669
0.437495
0.439668
0.440462
0.440277
0.439492
0.43844
0.437343
0.436374
0.435624
0.435076
0.434675
0.434266
0.433621
0.432561
0.430921
0.428646
0.425812
0.422506
0.418866
0.415094
0.411426
0.408188
0.405689
0.404208
0.403886
0.404574
0.405909
0.407338
0.408318
0.408433
0.407442
0.405263
0.401971
0.397688
0.392589
0.386932
0.381019
0.375212
0.369957
0.365723
0.362959
0.361968
0.36288
0.365594
0.369806
0.375047
0.380801
0.386544
0.391845
0.396358
0.399887
0.402411
0.40406
0.40511
0.405876
0.406671
0.40764
0.408739
0.409808
0.410643
0.41107
0.411047
0.410606
0.409845
0.408882
0.407872
0.407034
0.406667
0.407087
0.408534
0.411115
0.414671
0.418772
0.422849
0.426364
0.429039
0.430941
0.432479
0.43411
0.436123
0.438534
0.441099
0.443414
0.444998
0.445404
0.44431
0.441473
0.436925
0.430963
0.424255
0.417754
0.412488
0.409198
0.408136
0.409013
0.41112
0.413564
0.415456
0.416131
0.415205
0.41256
0.408321
0.402806
0.396529
0.390116
0.384303
0.379798
0.377183
0.376745
0.378391
0.381696
0.386072
0.39093
0.395731
0.400114
0.403846
0.406866
0.40924
0.411116
0.412712
0.414206
0.415678
0.417066
0.418235
0.419054
0.419378
0.419171
0.4185
0.417422
0.416022
0.414289
0.412207
0.409796
0.407142
0.404496
0.402161
0.400511
0.39988
0.400518
0.402427
0.405478
0.409316
0.413568
0.417857
0.421848
0.425266
0.427852
0.429423
0.429757
0.428749
0.426379
0.422797
0.418309
0.413388
0.40857
0.404349
0.401059
0.398834
0.39763
0.397259
0.397456
0.398028
0.398876
0.400076
0.401794
0.404242
0.407525
0.411579
0.416134
0.420864
0.425485
0.429789
0.433614
0.436835
0.439307
0.440914
0.441484
0.440877
0.438893
0.435323
0.429999
0.422858
0.413982
0.403698
0.392556
0.381367
0.371027
0.362471
0.356423
0.353261
0.352904
0.354856
0.358395
0.362712
0.367166
0.371376
0.375188
0.378591
0.381504
0.383716
0.384957
0.385079
0.384232
0.382909
0.381882
0.382032
0.384118
0.388634
0.395698
0.405043
0.41613
0.428203
0.440437
0.45206
0.462403
0.47093
0.477218
0.480982
0.482025
0.480202
0.475449
0.467837
0.457648
0.445396
0.431827
0.417931
0.404827
0.393627
0.385281
0.380359
0.379038
0.38113
0.386085
0.3931
0.40125
0.409511
0.416901
0.422562
0.42591
0.42669
0.425013
0.421281
0.416104
0.410162
0.404093
0.398519
0.393986
0.390979
0.38987
0.390795
0.393583
0.397638
0.402071
0.405957
0.408578
0.409546
0.408936
0.40717
0.404857
0.402605
0.40085
0.399787
0.399304
0.399086
0.398743
0.39799
0.39677
0.395308
0.394067
0.393576
0.394341
0.396642
0.40045
0.405395
0.410816
0.415886
0.419791
0.421872
0.421757
0.419408
0.415167
0.409667
0.403686
0.398001
0.393257
0.389877
0.388066
0.387902
0.389385
0.392496
0.397245
0.403555
0.411211
0.419783
0.428592
0.436843
0.44372
0.448542
0.45084
0.450387
0.447213
0.441554
0.433827
0.424638
0.414758
0.405042
0.396416
0.389719
0.385562
0.38418
0.385383
0.388586
0.392953
0.397496
0.40128
0.403511
0.40371
0.401791
0.398051
0.393101
0.38772
0.382751
0.378955
0.376937
0.377079
0.379584
0.384403
0.39122
0.399529
0.408672
0.417927
0.426559
0.43393
0.439545
0.443096
0.444492
0.443828
0.441372
0.437558
0.432867
0.427746
0.422506
0.417288
0.412072
0.406704
0.401033
0.395081
0.388998
0.383125
0.377933
0.373916
0.371547
0.371136
0.372789
0.376382
0.381624
0.388046
0.395129
0.402458
0.409758
0.416892
0.423846
0.430624
0.437106
0.442932
0.447545
0.450333
0.450796
0.4487
0.444151
0.437552
0.429447
0.420481
0.411305
0.402523
0.394575
0.387772
0.382347
0.37843
0.37606
0.375252
0.375915
0.377931
0.381107
0.385157
0.389702
0.39431
0.398504
0.401884
0.4041
0.405027
0.404822
0.403909
0.402862
0.402342
0.402972
0.405212
0.409281
0.415105
0.422238
0.430004
0.437683
0.444602
0.450317
0.454551
0.457203
0.458212
0.457563
0.455233
0.451252
0.445691
0.438772
0.430841
0.422375
0.413905
0.405815
0.398377
0.391649
0.385536
0.379863
0.374451
0.369243
0.364307
0.359825
0.356058
0.353288
0.351772
0.351715
0.353184
0.356209
0.360723
0.366614
0.373714
0.381789
0.390509
0.399487
0.408296
0.416477
0.423676
0.429663
0.434349
0.437718
0.439844
0.440818
0.440767
0.439867
0.438439
0.43702
0.436233
0.436715
0.438816
0.442479
0.447188
0.452047
0.456024
0.45822
0.457976
0.455077
0.449765
0.442659
0.434585
0.426457
0.419105
0.413131
0.408758
0.405814
0.403785
0.40197
0.399649
0.396309
0.391846
0.386673
0.381593
0.377558
0.375403
0.375568
0.377994
0.382224
0.38758
0.393384
0.399034
0.40414
0.408478
0.411933
0.414473
0.416053
0.416575
0.415938
0.414101
0.411165
0.407438
0.403356
0.399437
0.396177
0.393937
0.392835
0.392764
0.39346
0.394605
0.395949
0.397364
0.398893
0.400664
0.402834
0.405533
0.408766
0.412393
0.416157
0.419765
0.422919
0.425402
0.42708
0.427938
0.427996
0.427353
0.426159
0.424632
0.79437
0.780863
0.760879
0.736403
0.709662
0.682645
0.656807
0.633052
0.611927
0.593689
0.578331
0.5655
0.554517
0.544516
0.534788
0.525104
0.516009
0.508788
0.505071
0.5061
0.512113
0.522234
0.534841
0.548114
0.560444
0.570595
0.577791
0.581727
0.582639
0.581252
0.57871
0.576415
0.575665
0.577271
0.581358
0.587463
0.594811
0.602661
0.610432
0.617776
0.624452
0.630199
0.634778
0.637909
0.639353
0.639031
0.637069
0.633793
0.629597
0.624986
0.620427
0.616336
0.613134
0.611181
0.610766
0.611949
0.614497
0.617919
0.621606
0.624977
0.627598
0.629255
0.629859
0.629441
0.628134
0.626077
0.623439
0.6204
0.617053
0.613457
0.609697
0.605925
0.602306
0.599017
0.596114
0.593553
0.591239
0.589063
0.586979
0.585051
0.583462
0.582334
0.581719
0.581551
0.581696
0.582088
0.58269
0.583641
0.585056
0.587054
0.589637
0.592699
0.596012
0.599372
0.602526
0.605301
0.607596
0.609342
0.610505
0.611072
0.611108
0.61072
0.610037
0.609158
0.608138
0.607035
0.605867
0.604623
0.603296
0.601931
0.600801
0.600355
0.601268
0.604183
0.609524
0.617338
0.627064
0.637638
0.647655
0.655632
0.660363
0.661059
0.657452
0.649721
0.638354
0.624155
0.608259
0.592141
0.577455
0.565723
0.557983
0.554521
0.554888
0.558129
0.563097
0.568704
0.57414
0.5789
0.582837
0.58604
0.588746
0.591241
0.593721
0.596241
0.598728
0.600944
0.602581
0.603417
0.60346
0.602985
0.602518
0.602703
0.604151
0.607252
0.612148
0.618746
0.626725
0.635555
0.644565
0.652932
0.659778
0.66418
0.665437
0.663197
0.657524
0.649008
0.638515
0.627132
0.615851
0.605479
0.59653
0.589183
0.58337
0.578933
0.575746
0.573885
0.573679
0.575641
0.580212
0.587433
0.596554
0.606136
0.614404
0.619864
0.621757
0.620156
0.615684
0.609215
0.601486
0.59306
0.584391
0.576047
0.568803
0.563587
0.56117
0.561775
0.564935
0.569593
0.57455
0.578864
0.582246
0.584999
0.587729
0.590958
0.594585
0.597959
0.600169
0.600526
0.598985
0.596125
0.592841
0.589912
0.587712
0.586195
0.585267
0.585289
0.587391
0.593269
0.604216
0.62008
0.639101
0.658858
0.677289
0.69312
0.705663
0.714432
0.718973
0.71886
0.713766
0.703637
0.68879
0.669916
0.648259
0.625531
0.603895
0.585846
0.573482
0.567533
0.566709
0.568277
0.569678
0.569699
0.568534
0.567111
0.566418
0.56701
0.56899
0.572049
0.575675
0.579232
0.582036
0.58346
0.583057
0.58066
0.576447
0.570815
0.564381
0.557931
0.552367
0.548712
0.547871
0.550533
0.556954
0.566847
0.579489
0.59379
0.608435
0.622125
0.633687
0.642178
0.647021
0.648049
0.645525
0.640164
0.633105
0.625776
0.619648
0.615904
0.61506
0.616862
0.620427
0.624505
0.62789
0.629611
0.629222
0.626757
0.622664
0.617648
0.61257
0.608281
0.605465
0.604524
0.60536
0.607328
0.609328
0.610045
0.608361
0.603738
0.59652
0.587756
0.578984
0.571897
0.567951
0.568071
0.572466
0.580549
0.591034
0.60221
0.612246
0.619612
0.623461
0.623734
0.621171
0.617282
0.613925
0.612794
0.614809
0.619656
0.625781
0.631054
0.633568
0.632363
0.627726
0.620971
0.613864
0.608015
0.604413
0.603261
0.604126
0.606264
0.608829
0.610987
0.611953
0.611086
0.60799
0.602687
0.595677
0.587927
0.580654
0.57521
0.572812
0.574187
0.579435
0.587978
0.598588
0.609675
0.619628
0.627166
0.631564
0.632646
0.630784
0.62682
0.621919
0.617346
0.614191
0.613038
0.613735
0.615504
0.617177
0.617648
0.616234
0.612874
0.608105
0.602906
0.598461
0.59582
0.595566
0.597684
0.601567
0.606387
0.611509
0.616564
0.621407
0.625802
0.629324
0.631337
0.631201
0.628647
0.624006
0.61818
0.612402
0.60781
0.605009
0.603821
0.603435
0.602734
0.600687
0.59676
0.591132
0.584653
0.578593
0.574289
0.57276
0.574336
0.57859
0.58445
0.59045
0.595146
0.597494
0.597131
0.594371
0.590055
0.585317
0.581303
0.579025
0.57919
0.582256
0.588289
0.596943
0.607483
0.618922
0.630178
0.64032
0.648556
0.654299
0.657201
0.657241
0.654753
0.65037
0.64487
0.639056
0.633637
0.629119
0.625738
0.623456
0.621962
0.620733
0.619247
0.617186
0.614452
0.611174
0.60764
0.604066
0.600416
0.596335
0.591195
0.58426
0.574996
0.563379
0.550057
0.536296
0.523772
0.514319
0.509579
0.510691
0.518095
0.531377
0.549289
0.569968
0.591219
0.610889
0.627173
0.638743
0.644944
0.645947
0.642753
0.637056
0.630874
0.626139
0.624187
0.625418
0.629212
0.634152
0.638458
0.640398
0.638796
0.633293
0.624528
0.61398
0.603388
0.594109
0.586765
0.581314
0.577361
0.574502
0.572493
0.571253
0.570946
0.572031
0.575145
0.580809
0.589026
0.599143
0.609971
0.62015
0.628588
0.634545
0.63763
0.637818
0.635418
0.631006
0.62529
0.618948
0.612566
0.606596
0.601427
0.597481
0.595263
0.595344
0.598169
0.603778
0.611735
0.620979
0.630137
0.63784
0.642993
0.644961
0.643653
0.639432
0.632953
0.62502
0.616373
0.607727
0.599721
0.593025
0.58814
0.585197
0.583883
0.583525
0.583366
0.58292
0.582107
0.581272
0.581005
0.581917
0.584403
0.588391
0.593343
0.598295
0.602102
0.603686
0.602237
0.597486
0.589944
0.580821
0.57184
0.564704
0.560581
0.559773
0.561748
0.565651
0.570776
0.576949
0.584366
0.593246
0.603382
0.614015
0.624077
0.632485
0.638373
0.641201
0.640797
0.637303
0.631295
0.623784
0.61606
0.609464
0.605158
0.603852
0.605631
0.610011
0.616096
0.622787
0.628922
0.633519
0.635862
0.635568
0.632514
0.62698
0.619505
0.610795
0.601619
0.592677
0.584426
0.577142
0.571117
0.566812
0.564873
0.566085
0.571056
0.579858
0.591795
0.6054
0.618774
0.630042
0.637817
0.641465
0.641155
0.637612
0.631858
0.625011
0.617859
0.6109
0.604343
0.598311
0.592936
0.588507
0.585378
0.583895
0.584302
0.586573
0.590484
0.595585
0.601261
0.606902
0.611984
0.616116
0.619015
0.620516
0.620499
0.618891
0.615722
0.611241
0.606002
0.600831
0.596773
0.594852
0.595722
0.599507
0.605648
0.612997
0.620134
0.625753
0.628952
0.629422
0.627452
0.623718
0.619098
0.61445
0.610401
0.607387
0.605719
0.605666
0.607342
0.610613
0.615086
0.620291
0.625826
0.631319
0.636495
0.640942
0.644042
0.645005
0.643154
0.638276
0.630882
0.622104
0.613329
0.605702
0.599603
0.594779
0.590663
0.586788
0.582862
0.578799
0.574596
0.570284
0.565985
0.561993
0.558797
0.55704
0.557339
0.560156
0.56568
0.573691
0.583672
0.594874
0.606426
0.61748
0.627284
0.635339
0.641456
0.645605
0.647826
0.648107
0.646341
0.642451
0.636586
0.62916
0.620776
0.612042
0.603373
0.595078
0.587369
0.580558
0.575148
0.571711
0.570734
0.572356
0.576313
0.581867
0.587964
0.593419
0.597175
0.598641
0.597886
0.595772
0.593901
0.594116
0.597664
0.604571
0.613636
0.623125
0.631462
0.637502
0.640555
0.64031
0.63677
0.630163
0.620963
0.609924
0.598072
0.586567
0.576574
0.569036
0.564512
0.563082
0.564419
0.568002
0.573227
0.579539
0.586465
0.593624
0.600732
0.607602
0.614043
0.619836
0.624764
0.62862
0.631224
0.632538
0.632682
0.631908
0.630457
0.628514
0.626138
0.623228
0.619615
0.615126
0.609777
0.604038
0.598834
0.595222
0.593918
0.594926
0.597698
0.601476
0.605533
0.609327
0.612517
0.614934
0.616497
0.617211
0.617115
0.616415
0.615561
0.615111
0.615514
0.616795
0.618356
0.619289
0.618804
0.616597
0.612933
0.608477
0.603989
0.600017
0.596656
0.593683
0.590845
0.58805
0.585638
0.58427
0.584781
0.58788
0.593858
0.602421
0.612748
0.623579
0.633561
0.641449
0.646298
0.647507
0.644918
0.638746
0.629518
0.618012
0.605136
0.591899
0.579295
0.568303
0.559897
0.554878
0.55381
0.556827
0.563432
0.57252
0.582517
0.59177
0.598964
0.603454
0.605312
0.605091
0.603463
0.601148
0.598861
0.597336
0.597163
0.598524
0.601003
0.603742
0.605663
0.605751
0.603407
0.598629
0.592205
0.585603
0.580717
0.579261
0.582078
0.588776
0.598026
0.608164
0.617809
0.626157
0.632809
0.63757
0.64036
0.64108
0.639769
0.636558
0.631708
0.625487
0.61822
0.610303
0.602297
0.595034
0.589339
0.585719
0.58416
0.584151
0.585041
0.586342
0.587951
0.590142
0.593368
0.597935
0.603755
0.610412
0.617229
0.623538
0.628761
0.63241
0.634183
0.634017
0.632114
0.628913
0.62482
0.620196
0.615317
0.610418
0.605783
0.601759
0.59867
0.596728
0.596061
0.596697
0.598666
0.601989
0.606647
0.612559
0.61937
0.626374
0.63257
0.636795
0.638092
0.636058
0.630988
0.623698
0.61532
0.607081
0.600105
0.595269
0.593067
0.593327
0.595124
0.597056
0.597859
0.596911
0.594388
0.591051
0.587936
0.58604
0.586151
0.588648
0.59331
0.599375
0.605775
0.611446
0.615494
0.617405
0.617008
0.614465
0.610189
0.604839
0.599072
0.593516
0.58862
0.584678
0.581894
0.580489
0.580789
0.583116
0.587687
0.594403
0.602847
0.612344
0.621976
0.63078
0.637816
0.642328
0.643813
0.642016
0.637
0.629276
0.619701
0.609375
0.599401
0.590638
0.583547
0.578372
0.575412
0.575084
0.577789
0.583597
0.592046
0.602202
0.612877
0.622976
0.631755
0.638911
0.644499
0.648799
0.652042
0.654319
0.655545
0.655489
0.653909
0.650611
0.645575
0.638929
0.630744
0.621013
0.609808
0.597484
0.584756
0.572609
0.562103
0.554106
0.549234
0.547842
0.550075
0.555731
0.564135
0.574144
0.584387
0.593545
0.600708
0.605626
0.608818
0.611391
0.614752
0.619986
0.627252
0.635567
0.64318
0.64839
0.650177
0.648588
0.644469
0.638935
0.632839
0.626702
0.62076
0.615219
0.610339
0.606491
0.604036
0.603176
0.603783
0.605484
0.607624
0.609517
0.610586
0.610449
0.608913
0.605895
0.601503
0.59611
0.590333
0.791756
0.779376
0.764635
0.749228
0.734839
0.723056
0.71506
0.711136
0.710493
0.711544
0.712496
0.711833
0.708579
0.702469
0.694005
0.684573
0.676071
0.67052
0.669349
0.672814
0.679928
0.68914
0.699165
0.709519
0.720306
0.731558
0.742629
0.752206
0.758888
0.761714
0.760495
0.755714
0.74834
0.739503
0.730296
0.721514
0.713574
0.706529
0.700134
0.693901
0.687256
0.679725
0.67112
0.661699
0.652047
0.642988
0.635449
0.630533
0.629442
0.633274
0.642649
0.657206
0.675534
0.695522
0.715074
0.732722
0.747835
0.760521
0.771372
0.780962
0.789654
0.797546
0.804372
0.809627
0.812693
0.813133
0.810874
0.806329
0.800414
0.794177
0.788358
0.783021
0.777531
0.770776
0.76157
0.749135
0.73345
0.715366
0.696285
0.67776
0.661114
0.647311
0.637041
0.630775
0.628733
0.630685
0.635845
0.642949
0.650619
0.657792
0.664122
0.669972
0.676226
0.683875
0.693638
0.705742
0.719865
0.735129
0.750203
0.763593
0.773881
0.780029
0.78164
0.778938
0.772643
0.763734
0.75325
0.741988
0.730557
0.719592
0.709811
0.702128
0.697425
0.696142
0.698244
0.703268
0.710499
0.718979
0.727497
0.734631
0.739069
0.740046
0.737509
0.731988
0.724365
0.71551
0.706097
0.696589
0.687301
0.678676
0.671267
0.665677
0.662381
0.661678
0.663647
0.668086
0.6745
0.682088
0.6901
0.697968
0.705594
0.713328
0.721715
0.73112
0.741468
0.752218
0.762564
0.771674
0.778956
0.784122
0.787164
0.78825
0.787563
0.785256
0.781291
0.775411
0.767175
0.756023
0.741665
0.724407
0.705274
0.685822
0.66784
0.653022
0.642732
0.637876
0.638814
0.645269
0.656389
0.670917
0.687356
0.704143
0.719586
0.732084
0.740485
0.744469
0.74476
0.742823
0.740338
0.738671
0.738493
0.739724
0.741778
0.744008
0.745986
0.747532
0.74863
0.749237
0.74923
0.748318
0.746116
0.742241
0.73648
0.728798
0.719394
0.708695
0.697316
0.68599
0.675609
0.667194
0.661631
0.659313
0.659862
0.662148
0.664837
0.667107
0.669027
0.671472
0.675666
0.68248
0.691919
0.703059
0.714565
0.725368
0.735205
0.74449
0.753777
0.763387
0.772887
0.781284
0.787313
0.789916
0.7885
0.783142
0.774539
0.763791
0.752082
0.740517
0.729904
0.720721
0.713088
0.70685
0.701669
0.697166
0.693182
0.689984
0.688428
0.689863
0.695695
0.706504
0.721449
0.73808
0.753056
0.763167
0.766273
0.761802
0.750934
0.736343
0.721711
0.710795
0.706143
0.7083
0.715923
0.726641
0.737883
0.74737
0.753489
0.755524
0.75372
0.749079
0.742944
0.736552
0.730722
0.725814
0.721907
0.718984
0.71712
0.716307
0.716424
0.717196
0.718309
0.719535
0.720797
0.721998
0.722884
0.72291
0.721527
0.718465
0.713871
0.708203
0.702017
0.695856
0.690364
0.686322
0.684528
0.685538
0.689459
0.695803
0.703694
0.711931
0.719216
0.72441
0.726486
0.724705
0.718682
0.708497
0.694858
0.679205
0.663517
0.650089
0.641084
0.637954
0.641219
0.650344
0.664012
0.680549
0.698385
0.716264
0.73312
0.7479
0.759508
0.766957
0.769861
0.768663
0.764559
0.758989
0.753118
0.747457
0.741994
0.736574
0.731166
0.726064
0.721817
0.719021
0.718186
0.719564
0.722917
0.727568
0.732371
0.736098
0.73788
0.737625
0.736068
0.734376
0.733662
0.734558
0.736907
0.739872
0.742108
0.742238
0.739258
0.732834
0.723186
0.710976
0.697068
0.682319
0.667763
0.654677
0.644693
0.639541
0.640616
0.648408
0.66215
0.679969
0.699493
0.71844
0.73492
0.747629
0.755785
0.759018
0.757398
0.751471
0.742271
0.731294
0.720253
0.710679
0.703415
0.698314
0.694556
0.691288
0.688123
0.685378
0.684026
0.685333
0.690345
0.699457
0.712049
0.726447
0.740176
0.750643
0.755807
0.754593
0.747051
0.734374
0.71867
0.702781
0.6897
0.681766
0.679887
0.683288
0.690123
0.698254
0.705903
0.71183
0.715391
0.716575
0.716057
0.714935
0.714467
0.715587
0.718531
0.722799
0.727427
0.731331
0.733692
0.734168
0.732772
0.729935
0.726207
0.722264
0.718694
0.71601
0.714558
0.714431
0.715433
0.717115
0.718879
0.720156
0.720593
0.720006
0.718407
0.71588
0.712587
0.708616
0.70409
0.699133
0.693997
0.688963
0.684408
0.680668
0.677979
0.676476
0.676316
0.677721
0.680918
0.685945
0.69244
0.699594
0.706412
0.712041
0.716071
0.718562
0.719983
0.721044
0.722569
0.725367
0.730084
0.736884
0.745211
0.753936
0.761597
0.766831
0.768709
0.766887
0.761577
0.753349
0.742949
0.731181
0.718726
0.706165
0.693859
0.681903
0.6704
0.659713
0.650737
0.644772
0.643172
0.646748
0.655346
0.66799
0.683342
0.700253
0.717941
0.735786
0.752921
0.767977
0.779299
0.785486
0.786012
0.781447
0.773232
0.76302
0.7522
0.741784
0.73277
0.726226
0.722978
0.72328
0.726574
0.731635
0.736888
0.740754
0.742008
0.739963
0.734671
0.726784
0.717342
0.707592
0.698812
0.692083
0.688033
0.68679
0.688082
0.691493
0.696657
0.703294
0.710942
0.718798
0.725723
0.730505
0.732264
0.730703
0.726221
0.719706
0.712197
0.704707
0.698063
0.692871
0.689394
0.6877
0.687727
0.689359
0.69242
0.696717
0.702043
0.708217
0.714927
0.721787
0.728329
0.734083
0.738723
0.742287
0.745076
0.747276
0.7486
0.748138
0.744751
0.737593
0.726534
0.712177
0.695781
0.679189
0.664646
0.654711
0.651802
0.657426
0.671417
0.691861
0.715734
0.73981
0.761272
0.777962
0.788334
0.791569
0.787578
0.777215
0.762281
0.74537
0.72913
0.71547
0.705374
0.699201
0.697068
0.698888
0.704052
0.711608
0.720596
0.730254
0.739993
0.749343
0.75773
0.764406
0.768521
0.769127
0.765322
0.756453
0.742418
0.723926
0.702586
0.680737
0.660895
0.645144
0.634652
0.629742
0.630269
0.635937
0.646493
0.661476
0.679939
0.700314
0.720667
0.739083
0.754017
0.7646
0.770561
0.77224
0.770288
0.765489
0.758633
0.750436
0.741477
0.732211
0.722883
0.713697
0.704977
0.697289
0.691439
0.688269
0.688416
0.692166
0.699423
0.709648
0.721865
0.734717
0.746559
0.755681
0.760773
0.761348
0.757862
0.751449
0.74346
0.734929
0.726361
0.717945
0.709825
0.702212
0.695304
0.689154
0.683703
0.678928
0.674847
0.671643
0.669576
0.668876
0.669768
0.672553
0.677541
0.684868
0.69407
0.703773
0.711958
0.716863
0.717811
0.715289
0.710686
0.705686
0.701551
0.698882
0.697596
0.697122
0.696869
0.696365
0.695481
0.694423
0.69366
0.693743
0.695288
0.698859
0.70481
0.713112
0.723176
0.733891
0.743832
0.751777
0.756946
0.759136
0.758625
0.755918
0.75152
0.745762
0.738722
0.730403
0.721002
0.711087
0.701613
0.693505
0.687275
0.682914
0.680077
0.678316
0.677285
0.676634
0.676269
0.67656
0.678371
0.682857
0.691243
0.704426
0.722551
0.74457
0.768157
0.790218
0.807781
0.818738
0.822073
0.817868
0.807165
0.791725
0.773738
0.755586
0.739618
0.727652
0.720619
0.718352
0.719679
0.722782
0.725644
0.726554
0.724472
0.719153
0.711207
0.701836
0.692564
0.684733
0.679326
0.676882
0.677508
0.680929
0.686503
0.693278
0.700213
0.706294
0.71059
0.712383
0.711185
0.706707
0.698944
0.688256
0.675475
0.661836
0.649006
0.638847
0.633107
0.633324
0.640454
0.654439
0.67398
0.696636
0.719494
0.739944
0.756446
0.768748
0.777521
0.783798
0.788397
0.791665
0.793397
0.793272
0.791213
0.787663
0.783475
0.779629
0.776909
0.775472
0.77493
0.774545
0.773486
0.771157
0.767314
0.761934
0.755
0.746499
0.736425
0.725098
0.713147
0.701571
0.691616
0.684562
0.681416
0.682453
0.687022
0.693598
0.70014
0.704613
0.705361
0.701435
0.692835
0.680523
0.666241
0.652146
0.640223
0.631863
0.627664
0.62761
0.631405
0.638857
0.649929
0.664378
0.681333
0.698977
0.715008
0.727174
0.733891
0.734353
0.728823
0.718758
0.706757
0.696041
0.689487
0.688618
0.693347
0.702605
0.715069
0.729435
0.744395
0.758525
0.770692
0.780231
0.787155
0.792013
0.795557
0.798371
0.800717
0.802466
0.803206
0.802429
0.799795
0.795264
0.789114
0.781772
0.773549
0.764451
0.754315
0.74309
0.73121
0.719737
0.710285
0.704564
0.703705
0.707637
0.714987
0.723446
0.730543
0.734355
0.73397
0.729326
0.72116
0.710677
0.699391
0.689039
0.681383
0.677757
0.67824
0.681456
0.685052
0.686796
0.685378
0.680689
0.673504
0.665096
0.656995
0.650799
0.647951
0.649475
0.655705
0.666104
0.67936
0.693734
0.707496
0.719316
0.728323
0.734055
0.736396
0.735512
0.731854
0.726243
0.719811
0.71381
0.709479
0.707884
0.709753
0.715239
0.72372
0.733713
0.743173
0.74993
0.752312
0.749667
0.742541
0.732599
0.722134
0.713549
0.708833
0.709188
0.714955
0.725603
0.739765
0.755413
0.770204
0.781841
0.788564
0.789483
0.784669
0.775105
0.76243
0.748576
0.735381
0.724275
0.715941
0.710105
0.705784
0.701667
0.696547
0.689725
0.681204
0.671799
0.662892
0.656104
0.652925
0.654337
0.660467
0.670459
0.68275
0.695542
0.707177
0.71621
0.721306
0.721531
0.716928
0.709054
0.700645
0.694713
0.693428
0.697492
0.7063
0.718479
0.732495
0.746737
0.75926
0.76791
0.770774
0.766817
0.756245
0.740522
0.722028
0.703618
0.688101
0.677676
0.67371
0.67663
0.68596
0.700503
0.718493
0.737877
0.756637
0.773021
0.785771
0.794209
0.798344
0.798588
0.795572
0.789963
0.782137
0.772144
0.759948
0.745757
0.730288
0.71476
0.700551
0.688824
0.680165
0.674574
0.671715
0.671134
0.672452
0.675231
0.678906
0.682766
0.685955
0.687637
0.687398
0.685526
0.683145
0.681754
0.682395
0.68514
0.689163
0.69338
0.697059
0.699974
0.702444
0.705084
0.708413
0.712514
0.717013
0.72114
0.723953
0.724695
0.723213
0.720134
0.716971
0.715799
0.71844
0.725639
0.736724
0.749766
0.762228
0.771606
0.775983
0.774298
0.791481
0.776741
0.757641
0.736249
0.714997
0.696413
0.682801
0.675727
0.675512
0.680984
0.689918
0.699679
0.707973
0.713384
0.715565
0.715175
0.713565
0.712204
0.712282
0.714275
0.717966
0.722679
0.727894
0.733714
0.740985
0.750714
0.763275
0.777876
0.792579
0.804664
0.811554
0.811267
0.802822
0.786588
0.764124
0.738052
0.711725
0.688774
0.672527
0.665215
0.667516
0.678335
0.695207
0.714979
0.734591
0.751591
0.764343
0.772084
0.77486
0.773385
0.768653
0.761612
0.752959
0.743012
0.731781
0.719264
0.705779
0.692101
0.679417
0.669264
0.663202
0.662518
0.667951
0.679439
0.696063
0.716239
0.737898
0.758973
0.777605
0.792368
0.802288
0.806998
0.806721
0.802213
0.794515
0.784636
0.773276
0.760715
0.74696
0.732056
0.716449
0.701067
0.687263
0.676433
0.669653
0.667296
0.668911
0.673461
0.679685
0.686416
0.692831
0.698447
0.703158
0.707055
0.710356
0.713345
0.716126
0.718507
0.719888
0.719471
0.716596
0.711176
0.703804
0.695914
0.68938
0.686024
0.68711
0.693024
0.703226
0.71643
0.731084
0.745722
0.759256
0.771007
0.780462
0.787206
0.790969
0.791521
0.788809
0.782967
0.77441
0.76385
0.752276
0.740887
0.730727
0.722466
0.716224
0.711759
0.708841
0.707551
0.708221
0.711012
0.71557
0.720903
0.725559
0.728103
0.727595
0.723899
0.717786
0.710597
0.703737
0.698248
0.694483
0.692129
0.690485
0.688948
0.687199
0.685379
0.683998
0.68368
0.68494
0.687915
0.692555
0.698789
0.706818
0.71712
0.730212
0.74606
0.763811
0.781907
0.798624
0.812439
0.822192
0.82704
0.82662
0.821138
0.811627
0.799758
0.787106
0.774349
0.761363
0.747941
0.734557
0.72241
0.712749
0.706409
0.703754
0.704981
0.710141
0.719008
0.730691
0.743741
0.756368
0.766723
0.77323
0.774922
0.771589
0.763681
0.752179
0.738301
0.723235
0.707978
0.693288
0.679927
0.668812
0.661097
0.658046
0.660602
0.668925
0.682103
0.69823
0.714818
0.72933
0.739596
0.744135
0.742399
0.734821
0.722913
0.709069
0.696115
0.686679
0.682608
0.684561
0.691971
0.703358
0.716887
0.730821
0.743846
0.755142
0.764412
0.771795
0.777651
0.782384
0.786188
0.788915
0.790142
0.789372
0.786265
0.780904
0.773781
0.765634
0.7572
0.748871
0.740628
0.732185
0.723517
0.715175
0.708298
0.704067
0.703151
0.705429
0.710094
0.715993
0.72202
0.727394
0.731864
0.735725
0.739553
0.743843
0.748697
0.753817
0.758619
0.762492
0.764885
0.765413
0.763935
0.760581
0.755784
0.750075
0.74385
0.737338
0.73061
0.72377
0.716989
0.710429
0.704251
0.698517
0.69324
0.688611
0.684939
0.682676
0.682363
0.684436
0.689224
0.696847
0.707073
0.719188
0.732114
0.744582
0.755259
0.762884
0.766461
0.765427
0.759743
0.75014
0.738115
0.725742
0.715314
0.708725
0.706942
0.709805
0.716207
0.724585
0.733459
0.741765
0.74897
0.754974
0.759857
0.763599
0.766049
0.766937
0.76591
0.762637
0.756973
0.748835
0.738387
0.726213
0.713435
0.70174
0.693075
0.68881
0.689277
0.694088
0.702718
0.714898
0.730075
0.746919
0.763285
0.776793
0.785672
0.789052
0.786954
0.779977
0.768871
0.754507
0.738136
0.721608
0.707156
0.69682
0.691747
0.691945
0.696429
0.703401
0.710498
0.715297
0.716195
0.713043
0.707158
0.700812
0.696232
0.694814
0.696913
0.702173
0.709949
0.719556
0.729949
0.739732
0.747311
0.751331
0.751069
0.746625
0.738888
0.729284
0.719538
0.711334
0.70621
0.705283
0.709137
0.717582
0.729543
0.743349
0.757217
0.769653
0.779633
0.786789
0.791192
0.79318
0.793252
0.791743
0.788797
0.784283
0.777806
0.768849
0.757053
0.742498
0.725808
0.708262
0.691577
0.677687
0.668399
0.664963
0.667834
0.676612
0.689989
0.705893
0.721795
0.735014
0.743315
0.745601
0.742215
0.734969
0.726555
0.719761
0.716715
0.718345
0.72423
0.732875
0.742119
0.749833
0.75435
0.754878
0.751835
0.746836
0.742168
0.739696
0.740001
0.742184
0.744498
0.745507
0.74445
0.741403
0.737157
0.73286
0.729619
0.728231
0.72904
0.731907
0.736251
0.741252
0.745943
0.749338
0.750641
0.749299
0.74504
0.737909
0.728315
0.717334
0.706758
0.698826
0.695469
0.697731
0.705311
0.716779
0.730093
0.743162
0.754151
0.761541
0.764169
0.76134
0.75311
0.7404
0.72496
0.709272
0.696169
0.688329
0.687774
0.695347
0.710373
0.730853
0.754104
0.777165
0.797316
0.812312
0.820598
0.821511
0.815392
0.80341
0.78734
0.769207
0.751005
0.73445
0.720754
0.710539
0.703855
0.700323
0.699255
0.699939
0.701942
0.705217
0.709969
0.716162
0.723218
0.729988
0.735109
0.73752
0.736862
0.733631
0.729003
0.724539
0.721797
0.722095
0.726514
0.735607
0.749077
0.765369
0.781539
0.793695
0.798097
0.792278
0.775902
0.751059
0.722014
0.694442
0.674008
0.664414
0.666134
0.676832
0.69307
0.711605
0.729734
0.745143
0.755911
0.760612
0.75857
0.75012
0.736584
0.720031
0.702975
0.687863
0.676655
0.670437
0.66934
0.672676
0.679375
0.688599
0.700155
0.714581
0.732511
0.753804
0.777062
0.799939
0.819928
0.834945
0.843457
0.844459
0.8374
0.822393
0.800574
0.774244
0.74674
0.72185
0.703085
0.692909
0.692195
0.700131
0.714622
0.732849
0.752021
0.769777
0.784371
0.79463
0.799759
0.799269
0.792939
0.780812
0.763396
0.74178
0.717604
0.69281
0.669301
0.648493
0.631136
0.617274
0.606454
0.598094
0.591767
0.587375
0.585264
0.586172
0.590975
0.600597
0.615672
0.63637
0.662138
0.691652
0.722886
0.753365
0.780467
0.801923
0.816292
0.82327
0.823641
0.819077
0.811497
0.802564
0.793493
0.784983
0.777502
0.771535
0.767445
0.765448
0.765421
0.766881
0.769072
0.771068
0.772131
0.771672
0.769456
0.765644
0.760836
0.755952
0.752009
0.749736
0.749361
0.750431
0.751972
0.752878
0.752182
0.749331
0.744088
0.736538
0.72701
0.7161
0.704631
0.693654
0.684314
0.67775
0.674662
0.675081
0.678393
0.683608
0.689701
0.695919
0.701765
0.706957
0.711298
0.714718
0.717242
0.719057
0.72038
0.72132
0.721869
0.722053
0.721941
0.721633
0.721236
0.720727
0.719755
0.71773
0.713967
0.708027
0.700033
0.690782
0.681776
0.674985
0.672401
0.675385
0.684265
0.698234
0.715564
0.734025
0.751476
0.766186
0.777021
0.783357
0.785001
0.78221
0.775745
0.766811
0.757084
0.748448
0.742733
0.741269
0.744581
0.752355
0.763515
0.776576
0.789866
0.801707
0.810569
0.815185
0.814762
0.809186
0.799081
0.785628
0.77033
0.754718
0.739953
0.726637
0.714853
0.704301
0.694672
0.685868
0.678206
0.672381
0.669099
0.668768
0.671316
0.676269
0.683028
0.690991
0.699545
0.708054
0.715902
0.722549
0.727493
0.730506
0.731579
0.730796
0.728223
0.723707
0.717055
0.708142
0.697155
0.684772
0.672163
0.660911
0.652905
0.649864
0.652673
0.661156
0.674125
0.689985
0.707034
0.723628
0.738167
0.749198
0.75556
0.756683
0.752813
0.745128
0.735673
0.727015
0.721653
0.721507
0.727339
0.738719
0.754205
0.771765
0.789307
0.804901
0.816953
0.824317
0.826389
0.823294
0.815695
0.804677
0.791439
0.777107
0.762743
0.749367
0.738037
0.729669
0.724767
0.723211
0.724255
0.726703
0.729234
0.730622
0.730081
0.727366
0.722765
0.716892
0.710517
0.704252
0.698666
0.694357
0.692133
0.693022
0.697872
0.706961
0.719646
0.734362
0.748876
0.760715
0.767807
0.76893
0.763876
0.753356
0.738817
0.722153
0.705275
0.689779
0.676937
0.667632
0.662544
0.66211
0.666457
0.675173
0.687074
0.700227
0.712358
0.721299
0.725601
0.724831
0.719645
0.71152
0.702541
0.694811
0.689932
0.688761
0.691345
0.697133
0.705169
0.71436
0.723727
0.732658
0.741041
0.749205
0.757781
0.767406
0.778553
0.791182
0.804674
0.817828
0.829173
0.837394
0.841571
0.841295
0.836433
0.826979
0.813059
0.795124
0.77418
0.751919
0.730557
0.7123
0.698948
0.691348
0.689275
0.691587
0.696628
0.702627
0.708148
0.712177
0.714158
0.713883
0.711331
0.706692
0.700404
0.693272
0.686485
0.6815
0.679646
0.681764
0.687813
0.69687
0.707443
0.718002
0.727256
0.734344
0.738851
0.740716
0.740131
0.73744
0.733045
0.7275
0.721546
0.71603
0.711783
0.709422
0.709229
0.711061
0.714295
0.718004
0.721025
0.722402
0.721695
0.719242
0.716083
0.713619
0.712842
0.714072
0.717053
0.721418
0.72703
0.73389
0.741743
0.749893
0.757385
0.763315
0.767162
0.769046
0.769757
0.770557
0.772647
0.776543
0.781791
0.787312
0.792035
0.79521
0.796247
0.794556
0.789485
0.780472
0.767334
0.750479
0.731021
0.710726
0.691646
0.675555
0.663583
0.656129
0.652984
0.653527
0.656969
0.662508
0.669553
0.677773
0.686989
0.696866
0.70681
0.716152
0.724463
0.731936
0.739298
0.747478
0.757173
0.768457
0.780539
0.791797
0.800248
0.804027
0.801782
0.793016
0.778177
0.758689
0.736586
0.714099
0.693381
0.676587
0.6658
0.662457
0.666553
0.676592
0.690152
0.704803
0.718579
0.730155
0.738868
0.744644
0.747802
0.748649
0.74716
0.743193
0.736937
0.729494
0.722845
0.719155
0.719989
0.725553
0.734684
0.745304
0.755272
0.762916
0.767293
0.768085
0.765326
0.75941
0.751081
0.741465
0.731824
0.723215
0.716187
0.710755
0.706712
0.703919
0.702523
0.70279
0.70473
0.70787
0.711591
0.71551
0.719579
0.723905
0.728535
0.733319
0.737966
0.742147
0.74572
0.748791
0.751793
0.755396
0.760359
0.7672
0.776068
0.786504
0.797552
0.807756
0.815212
0.817793
0.813495
0.801074
0.780805
0.754916
0.727368
0.702776
0.684615
0.673846
0.669013
0.667497
0.667039
0.666492
0.66588
0.665922
0.667485
0.671102
0.676837
0.684285
0.692791
0.701878
0.711313
0.720966
0.730663
0.739974
0.748206
0.754604
0.758498
0.759476
0.757586
0.794882
0.786817
0.777262
0.767707
0.759522
0.753612
0.750102
0.74847
0.747887
0.747695
0.747816
0.748681
0.751017
0.755681
0.7632
0.7735
0.785647
0.798023
0.808791
0.816665
0.821163
0.822399
0.820496
0.81515
0.805573
0.791086
0.771882
0.749648
0.727355
0.708626
0.69659
0.692887
0.697282
0.708017
0.722519
0.738098
0.752349
0.763397
0.770169
0.772279
0.770102
0.764567
0.756903
0.748271
0.739379
0.730562
0.722053
0.714393
0.708532
0.705475
0.705931
0.710194
0.718068
0.729123
0.742665
0.757716
0.772995
0.787112
0.798796
0.806979
0.810872
0.809985
0.804145
0.793628
0.77946
0.763278
0.747069
0.732644
0.720944
0.711931
0.705227
0.700889
0.699692
0.70289
0.711349
0.724945
0.74239
0.761601
0.780283
0.796616
0.8094
0.817849
0.821472
0.820201
0.814605
0.806006
0.796242
0.787127
0.779995
0.775428
0.773149
0.77227
0.771671
0.770201
0.766987
0.761645
0.754438
0.746076
0.737705
0.730642
0.726019
0.724504
0.726016
0.72965
0.733795
0.736582
0.736427
0.732541
0.725139
0.715542
0.705979
0.699089
0.697046
0.70074
0.709382
0.720963
0.733112
0.743794
0.75182
0.756846
0.759264
0.760043
0.760344
0.7611
0.762681
0.764987
0.767589
0.770013
0.771944
0.773322
0.774229
0.774701
0.774604
0.773642
0.771459
0.767804
0.762498
0.755508
0.747043
0.7376
0.728063
0.719679
0.713854
0.711936
0.714825
0.722619
0.734444
0.74851
0.762404
0.773618
0.780288
0.781456
0.777306
0.768893
0.75791
0.746398
0.736599
0.730645
0.730145
0.735574
0.745996
0.759261
0.772614
0.783572
0.790567
0.793137
0.791825
0.787944
0.783133
0.778833
0.775934
0.774504
0.773977
0.773394
0.771926
0.769044
0.764545
0.758598
0.75164
0.744456
0.738236
0.734416
0.734161
0.73793
0.745301
0.755043
0.765475
0.774779
0.781446
0.784666
0.78445
0.781411
0.776353
0.769887
0.762395
0.754166
0.745375
0.736149
0.726704
0.717698
0.710451
0.706995
0.709367
0.718668
0.734214
0.753595
0.773544
0.790983
0.80367
0.810526
0.81144
0.807025
0.798253
0.786381
0.772924
0.759467
0.747492
0.738237
0.732599
0.731063
0.733523
0.739055
0.746147
0.753115
0.758514
0.761281
0.760678
0.756335
0.748158
0.736542
0.722435
0.707557
0.694248
0.685017
0.681713
0.684871
0.693421
0.705238
0.717961
0.729817
0.739919
0.748286
0.755481
0.762222
0.768997
0.775768
0.782094
0.787322
0.790756
0.791876
0.790605
0.78736
0.783131
0.779413
0.777755
0.779427
0.785026
0.794167
0.805434
0.816849
0.826328
0.83236
0.834226
0.832008
0.826349
0.818039
0.807875
0.796486
0.784251
0.771262
0.75738
0.742583
0.727287
0.71253
0.699825
0.690723
0.686395
0.687243
0.692797
0.701856
0.712917
0.724625
0.735982
0.746285
0.755082
0.762114
0.767136
0.769906
0.77019
0.767735
0.762371
0.754113
0.74341
0.73119
0.718683
0.707344
0.698661
0.693924
0.693796
0.698089
0.705822
0.715789
0.726849
0.737974
0.748177
0.756389
0.761773
0.763981
0.763314
0.760714
0.75736
0.754342
0.752364
0.751823
0.752878
0.755565
0.759752
0.765206
0.771713
0.779281
0.788462
0.80021
0.815308
0.833437
0.852732
0.87
0.881939
0.886264
0.882175
0.870115
0.851113
0.826278
0.797088
0.765797
0.735474
0.709331
0.689782
0.677736
0.672554
0.672583
0.675859
0.680676
0.685926
0.691182
0.696475
0.701963
0.707666
0.713348
0.718452
0.722199
0.723752
0.722503
0.718291
0.711419
0.702719
0.693466
0.685194
0.679281
0.676542
0.676989
0.679781
0.6837
0.687628
0.69123
0.695166
0.700879
0.709753
0.722326
0.73809
0.75571
0.773663
0.790717
0.806156
0.819727
0.831129
0.839772
0.844779
0.845289
0.841032
0.832558
0.821167
0.8086
0.796514
0.785871
0.776812
0.768694
0.760377
0.750776
0.739549
0.727511
0.716728
0.70968
0.708196
0.712791
0.722882
0.737262
0.754545
0.773163
0.791314
0.807048
0.81844
0.823897
0.822552
0.814529
0.801115
0.784491
0.767195
0.751445
0.738638
0.72926
0.72309
0.719535
0.718047
0.718244
0.719862
0.72261
0.72612
0.72997
0.733801
0.7374
0.740744
0.743801
0.746508
0.748744
0.750307
0.75105
0.750943
0.750051
0.748468
0.746211
0.743299
0.739792
0.735835
0.731691
0.727909
0.725344
0.725074
0.728149
0.735351
0.747105
0.763312
0.783307
0.805739
0.828563
0.849309
0.865337
0.874401
0.875071
0.867011
0.850985
0.828848
0.803184
0.776873
0.752578
0.732064
0.715928
0.703987
0.695984
0.692309
0.694014
0.702182
0.716942
0.736918
0.759338
0.780709
0.797761
0.808265
0.811425
0.807918
0.799496
0.788285
0.776057
0.763774
0.751555
0.739227
0.727115
0.716406
0.708933
0.706313
0.709132
0.71683
0.728161
0.741707
0.756242
0.770658
0.783885
0.794925
0.802917
0.807192
0.807409
0.803549
0.795997
0.785476
0.772943
0.759321
0.745494
0.732256
0.720384
0.710673
0.704023
0.701332
0.703213
0.709602
0.719489
0.731087
0.742317
0.751224
0.756528
0.757812
0.755555
0.750886
0.745339
0.740503
0.737816
0.738285
0.742366
0.749777
0.75967
0.770869
0.782238
0.792877
0.802022
0.809004
0.812982
0.813062
0.80851
0.798968
0.784768
0.767208
0.748691
0.732276
0.720365
0.713417
0.709936
0.707722
0.7052
0.701938
0.698454
0.695778
0.694899
0.696274
0.699691
0.704595
0.710502
0.717294
0.725245
0.734745
0.746055
0.758959
0.772798
0.786749
0.800058
0.812232
0.822973
0.831919
0.838403
0.841573
0.840752
0.835762
0.827108
0.815485
0.801422
0.785108
0.766866
0.747692
0.729483
0.714758
0.705725
0.703354
0.70695
0.714486
0.723381
0.731196
0.736261
0.738025
0.73715
0.735165
0.733918
0.734924
0.738914
0.74574
0.754551
0.764093
0.773125
0.780672
0.786002
0.788608
0.788011
0.783866
0.776177
0.765411
0.752663
0.739536
0.727889
0.719377
0.714975
0.714621
0.717387
0.721867
0.726525
0.730214
0.73239
0.733124
0.7328
0.731885
0.730733
0.729671
0.729205
0.730086
0.733128
0.738876
0.747361
0.757871
0.769003
0.778943
0.785975
0.789251
0.789023
0.786404
0.782658
0.778803
0.775288
0.77184
0.767608
0.761612
0.75331
0.742928
0.731733
0.721913
0.716108
0.716673
0.724824
0.74015
0.760616
0.78298
0.803625
0.819348
0.828009
0.828825
0.82229
0.809838
0.793473
0.775255
0.757146
0.740945
0.728334
0.720831
0.719559
0.724875
0.736046
0.751379
0.768516
0.784879
0.797997
0.805829
0.806976
0.800937
0.78818
0.770054
0.74866
0.726453
0.705918
0.689086
0.677131
0.670258
0.668115
0.670124
0.675895
0.685221
0.697807
0.712917
0.729018
0.743983
0.755838
0.763616
0.767967
0.770671
0.773653
0.778159
0.784681
0.79323
0.803511
0.814847
0.826072
0.835799
0.842747
0.846146
0.845696
0.84143
0.833541
0.822314
0.808073
0.791324
0.772737
0.753001
0.733057
0.7142
0.698246
0.687006
0.681649
0.682247
0.687824
0.696889
0.707953
0.719845
0.731774
0.743278
0.754253
0.764836
0.775198
0.78518
0.794048
0.800539
0.803466
0.802275
0.797306
0.789514
0.780058
0.769802
0.759055
0.747643
0.735243
0.72183
0.708038
0.695311
0.685752
0.681603
0.684623
0.695492
0.713641
0.737309
0.763854
0.79017
0.81317
0.830137
0.83899
0.838636
0.829043
0.811304
0.787467
0.760124
0.732046
0.705802
0.683456
0.666619
0.656377
0.653146
0.656553
0.665418
0.677979
0.692222
0.706315
0.718703
0.728155
0.733819
0.73546
0.733806
0.730656
0.728511
0.729782
0.735909
0.746975
0.761839
0.778802
0.79617
0.812684
0.827333
0.839307
0.847904
0.852474
0.85245
0.847358
0.836997
0.82184
0.803412
0.784224
0.767297
0.755154
0.748792
0.747263
0.748398
0.750023
0.750919
0.750995
0.750919
0.751426
0.752923
0.755289
0.758007
0.760583
0.762784
0.764514
0.765683
0.766168
0.765827
0.764654
0.762795
0.760549
0.758327
0.756611
0.755824
0.75627
0.757988
0.760876
0.764782
0.76927
0.773462
0.775997
0.77537
0.770464
0.760857
0.746853
0.729441
0.710088
0.690628
0.673261
0.660322
0.653941
0.655617
0.665649
0.682915
0.704925
0.728482
0.750623
0.769225
0.783267
0.79265
0.797834
0.799585
0.798772
0.796189
0.792506
0.788205
0.783514
0.778558
0.773362
0.767874
0.761998
0.755802
0.749611
0.74403
0.739773
0.737635
0.738399
0.74252
0.749799
0.759222
0.769159
0.777798
0.78364
0.78596
0.784922
0.781471
0.776916
0.772476
0.768967
0.766683
0.765459
0.764691
0.763558
0.761311
0.75752
0.752207
0.745862
0.739367
0.733853
0.730384
0.729741
0.732232
0.73749
0.744386
0.751227
0.756181
0.757791
0.755492
0.749881
0.742506
0.735192
0.72936
0.725631
0.72394
0.723868
0.724993
0.727083
0.730129
0.734206
0.739306
0.745208
0.751532
0.757741
0.763207
0.767399
0.769836
0.770068
0.767753
0.762834
0.755668
0.746866
0.737125
0.726771
0.715754
0.70372
0.690357
0.675948
0.661698
0.649944
0.643981
0.647293
0.662247
0.68868
0.723734
0.762808
0.800936
0.834016
0.8594
0.875792
0.882882
0.881063
0.870997
0.853699
0.830738
0.804374
0.777613
0.753834
0.73611
0.726464
0.725287
0.731219
0.741574
0.75295
0.761885
0.76554
0.762228
0.751769
0.735591
0.716521
0.698317
0.684762
0.678624
0.680812
0.690231
0.704406
0.720382
0.735538
0.748162
0.757735
0.764936
0.771287
0.77864
0.788502
0.801303
0.816207
0.831206
0.843936
0.852542
0.856181
0.854894
0.849324
0.840405
0.829079
0.816265
0.802636
0.788672
0.774581
0.760429
0.746415
0.732991
0.720961
0.711093
0.703608
0.697985
0.693271
0.688592
0.683804
0.679756
0.678098
0.68057
0.688129
0.700509
0.716379
0.733939
0.751427
0.767471
0.781068
0.791496
0.798269
0.801185
0.800405
0.796474
0.790237
0.782648
0.774567
0.766655
0.75938
0.753283
0.749127
0.747951
0.750588
0.757258
0.767283
