1.18991
1.15567
1.09903
1.02249
0.929279
0.824046
0.712812
0.602676
0.50124
0.415659
0.351524
0.311852
0.296674
0.303209
0.326623
0.361077
0.400677
0.440224
0.475645
0.504127
0.524135
0.535284
0.538117
0.533887
0.524387
0.511706
0.498078
0.485708
0.47664
0.472664
0.475153
0.485023
0.502525
0.527206
0.557842
0.592487
0.628766
0.66402
0.695761
0.721875
0.740866
0.751884
0.75486
0.750344
0.73949
0.723878
0.705222
0.685242
0.665475
0.647021
0.630581
0.616473
0.604739
0.595249
0.587851
0.582491
0.579193
0.578109
0.579424
0.583235
0.589454
0.597792
0.607679
0.618342
0.628872
0.638432
0.646401
0.652425
0.656384
0.658375
0.658609
0.657288
0.654668
0.650971
0.646438
0.641289
0.635833
0.630356
0.625098
0.620375
0.616466
0.613539
0.611802
0.611359
0.612277
0.614384
0.617234
0.620055
0.621911
0.621824
0.619003
0.612997
0.603905
0.592369
0.579449
0.566584
0.555196
0.54647
0.541168
0.53947
0.541089
0.545355
0.551336
0.557993
0.564326
0.569423
0.572547
0.57317
0.571179
0.566856
0.560927
0.5545
0.548965
0.545793
0.546317
0.55153
0.561829
0.577033
0.596353
0.618563
0.642147
0.665483
0.687055
0.70546
0.719658
0.728911
0.732774
0.731219
0.724571
0.713427
0.698727
0.68162
0.663471
0.645714
0.629771
0.616933
0.608139
0.603852
0.603757
0.606754
0.611308
0.615826
0.619166
0.620627
0.619973
0.617339
0.612946
0.607088
0.6001
0.592336
0.584243
0.576349
0.569244
0.563531
0.559771
0.55846
0.559993
0.564635
0.572391
0.582832
0.594972
0.607328
0.618208
0.626113
0.630051
0.629732
0.625633
0.618796
0.610491
0.601915
0.593906
0.586888
0.581077
0.576613
0.573836
0.573306
0.575639
0.58124
0.590078
0.601741
0.615503
0.630384
0.645389
0.6595
0.671718
0.681261
0.687426
0.68975
0.688074
0.682539
0.673605
0.662059
0.648928
0.635357
0.622596
0.611828
0.60396
0.599536
0.598616
0.600831
0.60545
0.611501
0.617996
0.624126
0.629247
0.632965
0.635089
0.63566
0.63485
0.632908
0.630224
0.627115
0.623736
0.620135
0.616184
0.611804
0.606981
0.601805
0.596498
0.59135
0.586601
0.582456
0.579081
0.576599
0.575085
0.57464
0.575381
0.577393
0.580748
0.585451
0.591276
0.59781
0.604465
0.61045
0.614969
0.617395
0.61734
0.614803
0.610177
0.60411
0.597403
0.590731
0.584627
0.579384
0.575028
0.571452
0.568563
0.566372
0.564985
0.564593
0.565357
0.567355
0.570491
0.574507
0.579119
0.584052
0.589137
0.594419
0.600102
0.606368
0.613332
0.621005
0.629312
0.638154
0.647502
0.657266
0.66726
0.677161
0.686459
0.694516
0.700731
0.704574
0.705678
0.703948
0.699454
0.692453
0.683325
0.672464
0.660219
0.646925
0.633008
0.618921
0.605193
0.592431
0.581352
0.572689
0.567126
0.565113
0.566732
0.571567
0.57869
0.586722
0.594118
0.599384
0.601405
0.599654
0.594325
0.586339
0.577217
0.568842
0.563084
0.561475
0.564925
0.573571
0.586862
0.603648
0.622351
0.641224
0.658537
0.672795
0.682814
0.687835
0.687477
0.681756
0.67098
0.655786
0.637134
0.616342
0.594987
0.574852
0.557669
0.544935
0.537698
0.536287
0.540334
0.549022
0.56119
0.575585
0.591006
0.606363
0.620657
0.632959
0.642475
0.64873
0.651615
0.651383
0.648622
0.644096
0.6386
0.632894
0.627631
0.623263
0.620066
0.61816
0.617535
0.618079
0.619681
0.622187
0.62543
0.629194
0.633168
0.63695
0.640077
0.642036
0.642483
0.641275
0.638498
0.634332
0.629009
0.622597
0.615067
0.606367
0.596558
0.58594
0.575068
0.56484
0.556337
0.550615
0.54849
0.550352
0.556058
0.565058
0.576473
0.589309
0.602599
0.615485
0.627247
0.637289
0.645099
0.650317
0.652715
0.65221
0.64889
0.64299
0.635014
0.625679
0.615877
0.606682
0.599233
0.59449
0.593065
0.595107
0.600125
0.60714
0.614942
0.622362
0.628507
0.63283
0.635264
0.636033
0.635565
0.634349
0.632791
0.631159
0.629624
0.628099
0.626295
0.623851
0.620373
0.615469
0.608958
0.601026
0.59235
0.584024
0.577532
0.574511
0.576188
0.583078
0.594747
0.609862
0.626555
0.642891
0.657289
0.66864
0.676336
0.680237
0.680438
0.677228
0.671002
0.662185
0.651172
0.638408
0.624279
0.609281
0.593986
0.579088
0.565484
0.554168
0.546187
0.542529
0.543887
0.550431
0.561659
0.576386
0.592868
0.60912
0.623289
0.63388
0.640049
0.641671
0.639276
0.633909
0.627013
0.620004
0.614043
0.609817
0.607611
0.607434
0.609243
0.612955
0.618322
0.624632
0.630616
0.634647
0.635298
0.631695
0.623723
0.612018
0.597931
0.583209
0.569808
0.559535
0.553653
0.552744
0.556712
0.564912
0.576346
0.589818
0.604191
0.618322
0.631223
0.642113
0.650504
0.656243
0.659502
0.660693
0.660415
0.659238
0.65766
0.656015
0.654562
0.653436
0.652615
0.652013
0.651399
0.650432
0.648842
0.646381
0.642969
0.638718
0.63376
0.628299
0.622641
0.617139
0.612282
0.608533
0.606312
0.605829
0.606861
0.608863
0.611007
0.612478
0.61265
0.611163
0.607894
0.602956
0.596532
0.588883
0.580398
0.571529
0.562818
0.554935
0.548585
0.544438
0.542952
0.544321
0.548391
0.554709
0.56257
0.571201
0.579817
0.587768
0.594537
0.59983
0.603616
0.606091
0.607665
0.608814
0.610006
0.61146
0.613108
0.614711
0.615964
0.616605
0.616571
0.615909
0.614768
0.613322
0.611808
0.610551
0.610001
0.61063
0.612801
0.616673
0.622007
0.628158
0.634273
0.639546
0.643558
0.646412
0.648719
0.651165
0.654185
0.657802
0.661649
0.66512
0.667497
0.668105
0.666465
0.66221
0.655387
0.646445
0.636382
0.626631
0.618732
0.613797
0.612203
0.613519
0.61668
0.620347
0.623184
0.624197
0.622808
0.618841
0.612482
0.604208
0.594793
0.585174
0.576454
0.569697
0.565774
0.565117
0.567587
0.572544
0.579108
0.586396
0.593597
0.600171
0.605769
0.610299
0.61386
0.616674
0.619068
0.621309
0.623516
0.625599
0.627352
0.628581
0.629067
0.628757
0.627751
0.626133
0.624033
0.621433
0.61831
0.614693
0.610713
0.606744
0.603241
0.600767
0.599821
0.600777
0.603641
0.608217
0.613974
0.620352
0.626786
0.632773
0.637898
0.641778
0.644134
0.644635
0.643124
0.639568
0.634195
0.627463
0.620081
0.612854
0.606523
0.601589
0.598251
0.596445
0.595888
0.596185
0.597041
0.598315
0.600113
0.60269
0.606363
0.611288
0.617368
0.624202
0.631296
0.638228
0.644683
0.650421
0.655252
0.658961
0.661371
0.662226
0.661316
0.65834
0.652984
0.644999
0.634287
0.620974
0.605547
0.588833
0.572051
0.556541
0.543707
0.534634
0.529891
0.529356
0.532284
0.537592
0.544068
0.550748
0.557064
0.562782
0.567887
0.572257
0.575573
0.577436
0.577618
0.576347
0.574363
0.572824
0.573048
0.576177
0.582952
0.593547
0.607565
0.624195
0.642304
0.660655
0.67809
0.693604
0.706394
0.715827
0.721473
0.723037
0.720302
0.713174
0.701756
0.686473
0.668094
0.647741
0.626897
0.607241
0.59044
0.577921
0.570538
0.568557
0.571695
0.579127
0.58965
0.601875
0.614266
0.625352
0.633842
0.638866
0.640035
0.637519
0.631922
0.624155
0.615242
0.60614
0.597778
0.590979
0.586469
0.584804
0.586192
0.590374
0.596457
0.603106
0.608935
0.612867
0.61432
0.613403
0.610755
0.607285
0.603907
0.601275
0.59968
0.598957
0.59863
0.598115
0.596985
0.595155
0.592962
0.591101
0.590364
0.591511
0.594963
0.600676
0.608093
0.616225
0.623829
0.629686
0.632807
0.632636
0.629113
0.622751
0.614501
0.60553
0.597002
0.589886
0.584816
0.582099
0.581854
0.584078
0.588744
0.595867
0.605333
0.616816
0.629674
0.642888
0.655264
0.66558
0.672814
0.67626
0.67558
0.670819
0.662331
0.65074
0.636956
0.622138
0.607563
0.594624
0.584578
0.578344
0.576271
0.578074
0.582878
0.589429
0.596243
0.60192
0.605267
0.605565
0.602687
0.597077
0.589651
0.58158
0.574127
0.568432
0.565406
0.565618
0.569376
0.576604
0.58683
0.599293
0.613009
0.626891
0.639839
0.650895
0.659318
0.664644
0.666739
0.665742
0.662058
0.656337
0.6493
0.641619
0.633759
0.625931
0.618108
0.610056
0.60155
0.592622
0.583497
0.574688
0.566899
0.560874
0.55732
0.556704
0.559183
0.564574
0.572436
0.58207
0.592694
0.603687
0.614636
0.625338
0.635769
0.645937
0.655659
0.664397
0.671317
0.675499
0.676194
0.67305
0.666226
0.656328
0.64417
0.630721
0.616958
0.603784
0.591862
0.581658
0.573521
0.567645
0.56409
0.562878
0.563873
0.566896
0.571661
0.577735
0.584553
0.591465
0.597755
0.602826
0.606149
0.607541
0.607233
0.605864
0.604292
0.603513
0.604458
0.607818
0.613922
0.622657
0.633356
0.645005
0.656524
0.666903
0.675476
0.681827
0.685805
0.687318
0.686345
0.682849
0.676878
0.668537
0.658157
0.646261
0.633562
0.620857
0.608723
0.597566
0.587474
0.578304
0.569794
0.561676
0.553864
0.54646
0.539738
0.534088
0.529931
0.527657
0.527572
0.529775
0.534313
0.541085
0.549921
0.560571
0.572684
0.585764
0.599231
0.612443
0.624716
0.635515
0.644495
0.651524
0.656577
0.659766
0.661227
0.661151
0.6598
0.657658
0.655531
0.65435
0.655073
0.658223
0.663719
0.670783
0.678071
0.684036
0.687329
0.686964
0.682616
0.674647
0.663988
0.651878
0.639685
0.628658
0.619696
0.613138
0.608722
0.605677
0.602955
0.599474
0.594463
0.587768
0.58001
0.572389
0.566337
0.563105
0.563352
0.566991
0.573336
0.58137
0.590077
0.598551
0.60621
0.612717
0.6179
0.62171
0.624079
0.624863
0.623907
0.621151
0.616748
0.611156
0.605034
0.599155
0.594266
0.590905
0.589253
0.589147
0.59019
0.591907
0.593923
0.596047
0.598339
0.600996
0.604251
0.6083
0.613148
0.618589
0.624235
0.629647
0.634379
0.638103
0.640621
0.641906
0.641994
0.641029
0.639239
0.636948
1.19155
1.17129
1.14132
1.1046
1.06449
1.02397
0.985211
0.949577
0.91789
0.890533
0.867497
0.84825
0.831776
0.816774
0.802182
0.787656
0.774013
0.763182
0.757607
0.759149
0.76817
0.783351
0.802261
0.82217
0.840666
0.855892
0.866686
0.87259
0.873958
0.871878
0.868065
0.864623
0.863498
0.865906
0.872038
0.881194
0.892216
0.903992
0.915648
0.926664
0.936678
0.945299
0.952168
0.956864
0.959029
0.958547
0.955603
0.95069
0.944395
0.937479
0.93064
0.924505
0.919702
0.916772
0.916149
0.917923
0.921745
0.926879
0.932409
0.937465
0.941397
0.943882
0.944789
0.944162
0.942201
0.939116
0.935159
0.930599
0.925579
0.920185
0.914546
0.908887
0.903458
0.898525
0.894171
0.89033
0.886858
0.883594
0.880469
0.877576
0.875192
0.873501
0.872578
0.872327
0.872544
0.873132
0.874036
0.875461
0.877584
0.880582
0.884455
0.889048
0.894018
0.899058
0.903789
0.907951
0.911394
0.914013
0.915758
0.916608
0.916662
0.916079
0.915055
0.913737
0.912207
0.910552
0.9088
0.906935
0.904943
0.902897
0.901202
0.900533
0.901902
0.906274
0.914286
0.926007
0.940597
0.956457
0.971482
0.983448
0.990545
0.991589
0.986179
0.974581
0.957532
0.936233
0.912389
0.888211
0.866183
0.848584
0.836974
0.831782
0.832332
0.837193
0.844645
0.853056
0.86121
0.86835
0.874255
0.87906
0.883119
0.886861
0.890582
0.894361
0.898092
0.901416
0.903872
0.905125
0.905189
0.904477
0.903777
0.904055
0.906227
0.910877
0.918222
0.92812
0.940088
0.953333
0.966847
0.979398
0.989668
0.99627
0.998156
0.994796
0.986286
0.973512
0.957773
0.940698
0.923777
0.908219
0.894794
0.883774
0.875056
0.8684
0.863618
0.860828
0.860518
0.863461
0.870319
0.881149
0.894831
0.909205
0.921607
0.929796
0.932636
0.930234
0.923526
0.913823
0.90223
0.88959
0.876587
0.86407
0.853204
0.84538
0.841754
0.842663
0.847402
0.85439
0.861825
0.868296
0.87337
0.877498
0.881593
0.886437
0.891877
0.896939
0.900254
0.900789
0.898477
0.894188
0.889262
0.884868
0.881567
0.879293
0.8779
0.877934
0.881086
0.889903
0.906324
0.93012
0.958652
0.988286
1.01593
1.03968
1.05849
1.07165
1.07846
1.07829
1.07065
1.05546
1.03318
1.00487
0.972388
0.938296
0.905843
0.87877
0.860222
0.8513
0.850064
0.852415
0.854517
0.854549
0.852802
0.850667
0.849626
0.850515
0.853485
0.858074
0.863513
0.868848
0.873054
0.875191
0.874585
0.87099
0.86467
0.856223
0.846572
0.836896
0.828551
0.823068
0.821807
0.8258
0.835432
0.850271
0.869234
0.890685
0.912652
0.933187
0.95053
0.963267
0.970532
0.972073
0.968287
0.960246
0.949657
0.938665
0.929471
0.923856
0.92259
0.925293
0.93064
0.936757
0.941835
0.944417
0.943833
0.940136
0.933996
0.926472
0.918855
0.912421
0.908198
0.906786
0.90804
0.910992
0.913992
0.915068
0.912541
0.905608
0.89478
0.881634
0.868476
0.857845
0.851927
0.852107
0.858699
0.870824
0.886551
0.903315
0.918369
0.929418
0.935191
0.935601
0.931756
0.925924
0.920887
0.919191
0.922214
0.929484
0.938671
0.94658
0.950351
0.948544
0.941589
0.931457
0.920796
0.912022
0.906619
0.904892
0.906189
0.909396
0.913244
0.916481
0.917929
0.916629
0.911985
0.90403
0.893515
0.881891
0.870981
0.862814
0.859218
0.86128
0.869152
0.881967
0.897881
0.914512
0.929442
0.94075
0.947347
0.948969
0.946175
0.940229
0.932879
0.926019
0.921287
0.919557
0.920602
0.923256
0.925765
0.926471
0.92435
0.919312
0.912158
0.904359
0.897691
0.893729
0.893348
0.896527
0.90235
0.90958
0.917263
0.924846
0.93211
0.938703
0.943986
0.947005
0.946802
0.942971
0.936009
0.92727
0.918603
0.911715
0.907513
0.905731
0.905153
0.9041
0.90103
0.895139
0.886698
0.87698
0.867889
0.861433
0.85914
0.861504
0.867885
0.876675
0.885675
0.892719
0.89624
0.895697
0.891556
0.885083
0.877975
0.871954
0.868537
0.868785
0.873384
0.882433
0.895414
0.911225
0.928382
0.945266
0.96048
0.972834
0.981449
0.985802
0.985862
0.982129
0.975555
0.967305
0.958585
0.950455
0.943678
0.938608
0.935184
0.932943
0.931099
0.928871
0.925778
0.921678
0.916761
0.911461
0.906098
0.900623
0.894502
0.886792
0.87639
0.862494
0.845069
0.825085
0.804443
0.785658
0.771478
0.764368
0.766037
0.777143
0.797066
0.823934
0.854952
0.886829
0.916333
0.94076
0.958114
0.967417
0.968921
0.964129
0.955584
0.946311
0.939208
0.936281
0.938127
0.943818
0.951228
0.957687
0.960596
0.958193
0.94994
0.936792
0.920969
0.905081
0.891163
0.880148
0.871972
0.866041
0.861753
0.858739
0.856879
0.856419
0.858047
0.862718
0.871214
0.883538
0.898714
0.914956
0.930225
0.942881
0.951818
0.956445
0.956727
0.953126
0.946508
0.937935
0.928423
0.918849
0.909894
0.902141
0.896221
0.892895
0.893016
0.897254
0.905667
0.917602
0.931468
0.945205
0.956759
0.96449
0.967442
0.965479
0.959149
0.949429
0.93753
0.924559
0.91159
0.899582
0.889538
0.882211
0.877796
0.875825
0.875288
0.875049
0.87438
0.873161
0.871908
0.871507
0.872875
0.876605
0.882587
0.890014
0.897442
0.903153
0.905528
0.903355
0.896229
0.884916
0.871231
0.85776
0.847057
0.840872
0.83966
0.842622
0.848477
0.856165
0.865424
0.876549
0.889868
0.905073
0.921022
0.936115
0.948728
0.957559
0.961802
0.961195
0.955954
0.946943
0.935676
0.92409
0.914196
0.907737
0.905778
0.908447
0.915017
0.924144
0.934181
0.943384
0.950279
0.953793
0.953352
0.948771
0.94047
0.929258
0.916193
0.902429
0.889016
0.87664
0.865714
0.856676
0.850217
0.847309
0.849127
0.856584
0.869786
0.887692
0.9081
0.928161
0.945064
0.956725
0.962197
0.961732
0.956418
0.947787
0.937516
0.926789
0.91635
0.906515
0.897466
0.889404
0.882761
0.878066
0.875843
0.876453
0.879859
0.885726
0.893378
0.901892
0.910353
0.917975
0.924174
0.928523
0.930774
0.930748
0.928336
0.923583
0.916862
0.909003
0.901246
0.895159
0.892278
0.893583
0.899261
0.908472
0.919496
0.930201
0.938629
0.943427
0.944132
0.941179
0.935578
0.928646
0.921676
0.915602
0.911081
0.908578
0.908499
0.911013
0.915919
0.922629
0.930437
0.938738
0.946979
0.954742
0.961413
0.966063
0.967507
0.964732
0.957414
0.946323
0.933156
0.919994
0.908553
0.899404
0.892169
0.885995
0.880181
0.874293
0.868198
0.861893
0.855426
0.848977
0.842989
0.838196
0.83556
0.836009
0.840234
0.848519
0.860536
0.875509
0.892311
0.909639
0.926219
0.940927
0.953008
0.962184
0.968407
0.97174
0.97216
0.969511
0.963676
0.954878
0.94374
0.931164
0.918064
0.90506
0.892618
0.881054
0.870837
0.862722
0.857567
0.856101
0.858534
0.86447
0.8728
0.881946
0.890129
0.895762
0.897962
0.896829
0.893658
0.890852
0.891174
0.896496
0.906856
0.920455
0.934687
0.947193
0.956253
0.960833
0.960465
0.955155
0.945245
0.931444
0.914886
0.897107
0.87985
0.864861
0.853555
0.846767
0.844622
0.846628
0.852003
0.859841
0.869308
0.879697
0.890435
0.901098
0.911404
0.921065
0.929753
0.937146
0.94293
0.946836
0.948807
0.949023
0.947862
0.945685
0.942771
0.939207
0.934842
0.929423
0.922689
0.914665
0.906057
0.898252
0.892833
0.890877
0.89239
0.896548
0.902214
0.9083
0.91399
0.918775
0.922401
0.924746
0.925817
0.925673
0.924622
0.923342
0.922666
0.92327
0.925192
0.927534
0.928933
0.928206
0.924896
0.9194
0.912716
0.905983
0.900025
0.894983
0.890525
0.886268
0.882075
0.878457
0.876405
0.877172
0.88182
0.890787
0.903631
0.919122
0.935369
0.950342
0.962173
0.969446
0.97126
0.967378
0.958119
0.944277
0.927018
0.907704
0.887849
0.868942
0.852454
0.839845
0.832316
0.830715
0.835241
0.845148
0.85878
0.873776
0.887655
0.898445
0.905181
0.907968
0.907636
0.905194
0.901721
0.898292
0.896004
0.895744
0.897785
0.901505
0.905614
0.908494
0.908627
0.905111
0.897943
0.888307
0.878405
0.871075
0.868891
0.873117
0.883164
0.897039
0.912245
0.926714
0.939235
0.949213
0.956354
0.960541
0.96162
0.959654
0.954837
0.947561
0.93823
0.92733
0.915454
0.903445
0.892551
0.884008
0.878578
0.87624
0.876227
0.877561
0.879512
0.881927
0.885212
0.890052
0.896903
0.905632
0.915617
0.925844
0.935307
0.943142
0.948616
0.951274
0.951026
0.948171
0.94337
0.937231
0.930295
0.922976
0.915627
0.908674
0.902638
0.898005
0.895092
0.894091
0.895046
0.897998
0.902984
0.90997
0.918838
0.929055
0.939561
0.948855
0.955192
0.957138
0.954087
0.946482
0.935546
0.92298
0.910622
0.900158
0.892904
0.8896
0.889991
0.892685
0.895584
0.896788
0.895366
0.891582
0.886577
0.881904
0.87906
0.879227
0.882971
0.889964
0.899062
0.908663
0.91717
0.923241
0.926107
0.925511
0.921697
0.915284
0.907258
0.898608
0.890274
0.88293
0.877017
0.872842
0.870733
0.871184
0.874674
0.881531
0.891605
0.90427
0.918515
0.932964
0.946171
0.956724
0.963493
0.965719
0.963024
0.955499
0.943914
0.929551
0.914063
0.899102
0.885958
0.87532
0.867558
0.863118
0.862626
0.866684
0.875396
0.888068
0.903302
0.919315
0.934464
0.947633
0.958367
0.966748
0.973199
0.978063
0.981479
0.983318
0.983233
0.980863
0.975917
0.968363
0.958394
0.946115
0.93152
0.914711
0.896227
0.877133
0.858914
0.843154
0.831159
0.823851
0.821763
0.825113
0.833596
0.846202
0.861215
0.876581
0.890318
0.901062
0.908439
0.913227
0.917086
0.922128
0.929979
0.940877
0.953351
0.964771
0.972585
0.975265
0.972882
0.966704
0.958402
0.949258
0.940053
0.931141
0.922828
0.915508
0.909736
0.906054
0.904763
0.905675
0.908225
0.911436
0.914276
0.915879
0.915673
0.913369
0.908842
0.902254
0.894165
0.8855
1.18763
1.16906
1.14695
1.12384
1.10226
1.08458
1.07259
1.0667
1.06574
1.06732
1.06874
1.06775
1.06287
1.0537
1.04101
1.02686
1.01411
1.00578
1.00402
1.00922
1.01989
1.03371
1.04875
1.06428
1.08046
1.09734
1.11394
1.12831
1.13833
1.14257
1.14074
1.13357
1.12251
1.10925
1.09544
1.08227
1.07036
1.05979
1.0502
1.04085
1.03088
1.01959
1.00668
0.992548
0.978071
0.964481
0.953173
0.945799
0.944164
0.949911
0.963973
0.985809
1.0133
1.04328
1.07261
1.09908
1.12175
1.14078
1.15706
1.17144
1.18448
1.19632
1.20656
1.21444
1.21904
1.2197
1.21631
1.20949
1.20062
1.19127
1.18254
1.17453
1.1663
1.15616
1.14236
1.1237
1.10018
1.07305
1.04443
1.01664
0.991672
0.970967
0.955561
0.946163
0.943099
0.946027
0.953767
0.964424
0.975928
0.986687
0.996182
1.00496
1.01434
1.02581
1.04046
1.05861
1.0798
1.10269
1.1253
1.14539
1.16082
1.17004
1.17246
1.16841
1.15896
1.1456
1.12987
1.11298
1.09584
1.07939
1.06472
1.05319
1.04614
1.04421
1.04737
1.0549
1.06575
1.07847
1.09125
1.10195
1.1086
1.11007
1.10626
1.09798
1.08655
1.07326
1.05915
1.04488
1.03095
1.01801
1.0069
0.998515
0.993572
0.992516
0.995471
1.00213
1.01175
1.02313
1.03515
1.04695
1.05839
1.06999
1.08257
1.09668
1.1122
1.12833
1.14385
1.15751
1.16843
1.17618
1.18075
1.18238
1.18134
1.17788
1.17194
1.16312
1.15076
1.13403
1.1125
1.08661
1.05791
1.02873
1.00176
0.979533
0.964098
0.956814
0.958222
0.967904
0.984584
1.00638
1.03103
1.05621
1.07938
1.09813
1.11073
1.1167
1.11714
1.11423
1.11051
1.10801
1.10774
1.10959
1.11267
1.11601
1.11898
1.1213
1.12295
1.12386
1.12384
1.12248
1.11917
1.11336
1.10472
1.0932
1.07909
1.06304
1.04597
1.02898
1.01341
1.00079
0.992446
0.98897
0.989794
0.993222
0.997255
1.00066
1.00354
1.00721
1.0135
1.02372
1.03788
1.05459
1.07185
1.08805
1.10281
1.11673
1.13067
1.14508
1.15933
1.17193
1.18097
1.18487
1.18275
1.17471
1.16181
1.14569
1.12812
1.11077
1.09486
1.08108
1.06963
1.06028
1.0525
1.04575
1.03977
1.03498
1.03264
1.03479
1.04354
1.05976
1.08217
1.10712
1.12958
1.14475
1.14941
1.1427
1.1264
1.10451
1.08257
1.06619
1.05921
1.06245
1.07388
1.08996
1.10682
1.12105
1.13023
1.13329
1.13058
1.12362
1.11442
1.10483
1.09608
1.08872
1.08286
1.07848
1.07568
1.07446
1.07464
1.07579
1.07746
1.0793
1.0812
1.083
1.08433
1.08436
1.08229
1.0777
1.07081
1.0623
1.05303
1.04378
1.03555
1.02948
1.02679
1.02831
1.03419
1.0437
1.05554
1.0679
1.07882
1.08661
1.08973
1.08706
1.07802
1.06275
1.04229
1.01881
0.995276
0.975134
0.961627
0.956932
0.961829
0.975516
0.996018
1.02082
1.04758
1.0744
1.09968
1.12185
1.13926
1.15044
1.15479
1.15299
1.14684
1.13848
1.12968
1.12118
1.11299
1.10486
1.09675
1.0891
1.08272
1.07853
1.07728
1.07935
1.08438
1.09135
1.09856
1.10415
1.10682
1.10644
1.1041
1.10156
1.10049
1.10184
1.10536
1.10981
1.11316
1.11336
1.10889
1.09925
1.08478
1.06646
1.0456
1.02348
1.00164
0.982016
0.967039
0.959312
0.960924
0.972612
0.993226
1.01995
1.04924
1.07766
1.10238
1.12144
1.13368
1.13853
1.1361
1.12721
1.11341
1.09694
1.08038
1.06602
1.05512
1.04747
1.04183
1.03693
1.03218
1.02807
1.02604
1.028
1.03552
1.04919
1.06807
1.08967
1.11026
1.12596
1.13371
1.13189
1.12058
1.10156
1.078
1.05417
1.03455
1.02265
1.01983
1.02493
1.03519
1.04738
1.05885
1.06774
1.07309
1.07486
1.07409
1.0724
1.0717
1.07338
1.0778
1.0842
1.09114
1.097
1.10054
1.10125
1.09916
1.0949
1.08931
1.0834
1.07804
1.07402
1.07184
1.07165
1.07315
1.07567
1.07832
1.08023
1.08089
1.08001
1.07761
1.07382
1.06888
1.06292
1.05613
1.0487
1.041
1.03344
1.02661
1.021
1.01697
1.01471
1.01447
1.01658
1.02138
1.02892
1.03866
1.04939
1.05962
1.06806
1.07411
1.07784
1.07998
1.08157
1.08385
1.08805
1.09513
1.10533
1.11782
1.1309
1.1424
1.15025
1.15306
1.15033
1.14237
1.13002
1.11442
1.09677
1.07809
1.05925
1.04079
1.02285
1.0056
0.989569
0.976106
0.967158
0.964758
0.970123
0.98302
1.00199
1.02501
1.05038
1.07691
1.10368
1.12938
1.15197
1.16895
1.17823
1.17902
1.17217
1.15985
1.14453
1.1283
1.11268
1.09916
1.08934
1.08447
1.08492
1.08986
1.09745
1.10533
1.11113
1.11301
1.10994
1.10201
1.09018
1.07601
1.06139
1.04822
1.03812
1.03205
1.03018
1.03212
1.03724
1.04499
1.05494
1.06641
1.0782
1.08858
1.09576
1.0984
1.09605
1.08933
1.07956
1.0683
1.05706
1.04709
1.03931
1.03409
1.03155
1.03159
1.03404
1.03863
1.04508
1.05307
1.06233
1.07239
1.08268
1.09249
1.10112
1.10808
1.11343
1.11761
1.12091
1.1229
1.12221
1.11713
1.10639
1.0898
1.06826
1.04367
1.01878
0.996969
0.982067
0.977703
0.986139
1.00713
1.03779
1.0736
1.10971
1.14191
1.16694
1.1825
1.18735
1.18137
1.16582
1.14342
1.11806
1.09369
1.0732
1.05806
1.0488
1.0456
1.04833
1.05608
1.06741
1.08089
1.09538
1.10999
1.12401
1.1366
1.14661
1.15278
1.15369
1.14798
1.13468
1.11363
1.08589
1.05388
1.02111
0.991342
0.967715
0.951978
0.944613
0.945403
0.953906
0.969739
0.992214
1.01991
1.05047
1.081
1.10862
1.13103
1.1469
1.15584
1.15836
1.15543
1.14823
1.13795
1.12565
1.11221
1.09832
1.08433
1.07055
1.05746
1.04593
1.03716
1.0324
1.03262
1.03825
1.04913
1.06447
1.0828
1.10208
1.11984
1.13352
1.14116
1.14202
1.13679
1.12717
1.11519
1.10239
1.08954
1.07692
1.06474
1.05332
1.04296
1.03373
1.02555
1.01839
1.01227
1.00747
1.00436
1.00331
1.00465
1.00883
1.01631
1.0273
1.04111
1.05566
1.06794
1.07529
1.07672
1.07293
1.06603
1.05853
1.05233
1.04832
1.04639
1.04568
1.0453
1.04455
1.04322
1.04163
1.04049
1.04061
1.04293
1.04829
1.05721
1.06967
1.08476
1.10084
1.11575
1.12766
1.13542
1.1387
1.13794
1.13388
1.12728
1.11864
1.10808
1.0956
1.0815
1.06663
1.05242
1.04026
1.03091
1.02437
1.02011
1.01747
1.01593
1.01495
1.0144
1.01484
1.01756
1.02429
1.03687
1.05664
1.08383
1.11685
1.15224
1.18533
1.21167
1.22811
1.23311
1.2268
1.21075
1.18759
1.16061
1.13338
1.10943
1.09148
1.08093
1.07753
1.07952
1.08417
1.08847
1.08983
1.08671
1.07873
1.06681
1.05275
1.03885
1.0271
1.01899
1.01532
1.01626
1.02139
1.02975
1.03992
1.05032
1.05944
1.06589
1.06857
1.06678
1.06006
1.04842
1.03238
1.01321
0.992755
0.973509
0.958271
0.949661
0.949986
0.960681
0.981658
1.01097
1.04495
1.07924
1.10992
1.13467
1.15312
1.16628
1.1757
1.1826
1.1875
1.1901
1.18991
1.18682
1.18149
1.17521
1.16944
1.16536
1.16321
1.1624
1.16182
1.16023
1.15674
1.15097
1.1429
1.1325
1.11975
1.10464
1.08765
1.06972
1.05236
1.03742
1.02684
1.02212
1.02368
1.03053
1.0404
1.05021
1.05692
1.05804
1.05215
1.03925
1.02078
0.999362
0.978219
0.960335
0.947795
0.941496
0.941415
0.947108
0.958286
0.974893
0.996567
1.022
1.04847
1.07251
1.09076
1.10084
1.10153
1.09324
1.07814
1.06014
1.04406
1.03423
1.03293
1.04002
1.05391
1.0726
1.09415
1.11659
1.13779
1.15604
1.17035
1.18073
1.18802
1.19334
1.19756
1.20108
1.2037
1.20481
1.20364
1.19969
1.1929
1.18367
1.17266
1.16032
1.14668
1.13147
1.11464
1.09682
1.07961
1.06543
1.05685
1.05556
1.06146
1.07248
1.08517
1.09581
1.10153
1.10096
1.09399
1.08174
1.06602
1.04909
1.03356
1.02207
1.01664
1.01736
1.02218
1.02758
1.03019
1.02807
1.02103
1.01026
0.997644
0.985492
0.976199
0.971927
0.974212
0.983558
0.999156
1.01904
1.0406
1.06124
1.07897
1.09249
1.10108
1.10459
1.10327
1.09778
1.08936
1.07972
1.07071
1.06422
1.06183
1.06463
1.07286
1.08558
1.10057
1.11476
1.12489
1.12847
1.1245
1.11381
1.0989
1.0832
1.07032
1.06325
1.06378
1.07243
1.0884
1.10965
1.13312
1.15531
1.17276
1.18285
1.18422
1.177
1.16266
1.14364
1.12286
1.10307
1.08641
1.07391
1.06516
1.05868
1.0525
1.04482
1.03459
1.02181
1.0077
0.994339
0.984155
0.979388
0.981506
0.9907
1.00569
1.02413
1.04331
1.06076
1.07432
1.08196
1.0823
1.07539
1.06358
1.05097
1.04207
1.04014
1.04624
1.05945
1.07772
1.09874
1.12011
1.13889
1.15187
1.15616
1.15022
1.13437
1.11078
1.08304
1.05543
1.03215
1.01651
1.01057
1.01495
1.02894
1.05075
1.07774
1.10682
1.13496
1.15953
1.17866
1.19131
1.19752
1.19788
1.19336
1.18495
1.17321
1.15822
1.13992
1.11864
1.09543
1.07214
1.05083
1.03324
1.02025
1.01186
1.00757
1.0067
1.00868
1.01285
1.01836
1.02415
1.02893
1.03146
1.0311
1.02829
1.02472
1.02263
1.02359
1.02771
1.03374
1.04007
1.04559
1.04996
1.05367
1.05763
1.06262
1.06877
1.07552
1.08171
1.08593
1.08704
1.08482
1.0802
1.07546
1.0737
1.07766
1.08846
1.10509
1.12465
1.14334
1.15741
1.16397
1.16145
1.18722
1.16511
1.13646
1.10437
1.07249
1.04462
1.0242
1.01359
1.01327
1.02148
1.03488
1.04952
1.06196
1.07008
1.07335
1.07276
1.07035
1.06831
1.06842
1.07141
1.07695
1.08402
1.09184
1.10057
1.11148
1.12607
1.14491
1.16681
1.18887
1.207
1.21733
1.2169
1.20423
1.17988
1.14619
1.10708
1.06759
1.03316
1.00879
0.997823
1.00127
1.0175
1.04281
1.07247
1.10189
1.12739
1.14651
1.15813
1.16229
1.16008
1.15298
1.14242
1.12944
1.11452
1.09767
1.0789
1.05867
1.03815
1.01913
1.0039
0.994803
0.993777
1.00193
1.01916
1.04409
1.07436
1.10685
1.13846
1.16641
1.18855
1.20343
1.2105
1.21008
1.20332
1.19177
1.17695
1.15991
1.14107
1.12044
1.09808
1.07467
1.0516
1.03089
1.01465
1.00448
1.00094
1.00337
1.01019
1.01953
1.02962
1.03925
1.04767
1.05474
1.06058
1.06553
1.07002
1.07419
1.07776
1.07983
1.07921
1.07489
1.06676
1.05571
1.04387
1.03407
1.02904
1.03067
1.03954
1.05484
1.07464
1.09663
1.11858
1.13888
1.15651
1.17069
1.18081
1.18645
1.18728
1.18321
1.17445
1.16161
1.14578
1.12841
1.11133
1.09609
1.0837
1.07434
1.06764
1.06326
1.06133
1.06233
1.06652
1.07335
1.08135
1.08834
1.09216
1.09139
1.08585
1.07668
1.0659
1.0556
1.04737
1.04172
1.03819
1.03573
1.03342
1.0308
1.02807
1.026
1.02552
1.02741
1.03187
1.03883
1.04818
1.06023
1.07568
1.09532
1.11909
1.14572
1.17286
1.19794
1.21866
1.23329
1.24056
1.23993
1.23171
1.21744
1.19964
1.18066
1.16152
1.14204
1.12191
1.10184
1.08362
1.06912
1.05961
1.05563
1.05747
1.06521
1.07851
1.09604
1.11561
1.13455
1.15008
1.15984
1.16238
1.15738
1.14552
1.12827
1.10745
1.08485
1.06197
1.03993
1.01989
1.00322
0.991645
0.98707
0.990903
1.00339
1.02315
1.04734
1.07223
1.09399
1.10939
1.1162
1.1136
1.10223
1.08437
1.0636
1.04417
1.03002
1.02391
1.02684
1.03796
1.05504
1.07533
1.09623
1.11577
1.13271
1.14662
1.15769
1.16648
1.17358
1.17928
1.18337
1.18521
1.18406
1.1794
1.17136
1.16067
1.14845
1.1358
1.12331
1.11094
1.09828
1.08528
1.07276
1.06245
1.0561
1.05473
1.05814
1.06514
1.07399
1.08303
1.09109
1.0978
1.10359
1.10933
1.11576
1.12305
1.13073
1.13793
1.14374
1.14733
1.14812
1.1459
1.14087
1.13368
1.12511
1.11577
1.10601
1.09592
1.08565
1.07548
1.06564
1.05638
1.04778
1.03986
1.03292
1.02741
1.02401
1.02354
1.02665
1.03384
1.04527
1.06061
1.07878
1.09817
1.11687
1.13289
1.14433
1.14969
1.14814
1.13961
1.12521
1.10717
1.08861
1.07297
1.06309
1.06041
1.06471
1.07431
1.08688
1.10019
1.11265
1.12345
1.13246
1.13979
1.1454
1.14907
1.15041
1.14886
1.14396
1.13546
1.12325
1.10758
1.08932
1.07015
1.05261
1.03961
1.03321
1.03392
1.04113
1.05408
1.07235
1.09511
1.12038
1.14493
1.16519
1.17851
1.18358
1.18043
1.16997
1.15331
1.13176
1.1072
1.08241
1.06073
1.04523
1.03762
1.03792
1.04464
1.0551
1.06575
1.07295
1.07429
1.06956
1.06074
1.05122
1.04435
1.04222
1.04537
1.05326
1.06492
1.07933
1.09492
1.1096
1.12097
1.127
1.1266
1.11994
1.10833
1.09393
1.07931
1.067
1.05931
1.05793
1.0637
1.07637
1.09432
1.11502
1.13583
1.15448
1.16945
1.18018
1.18679
1.18977
1.18988
1.18761
1.1832
1.17643
1.16671
1.15327
1.13558
1.11375
1.08871
1.06239
1.03737
1.01653
1.0026
0.997444
1.00175
1.01492
1.03498
1.05884
1.08269
1.10252
1.11497
1.1184
1.11332
1.10245
1.08983
1.07964
1.07507
1.07752
1.08634
1.09931
1.11318
1.12475
1.13153
1.13232
1.12775
1.12025
1.11325
1.10954
1.11
1.11328
1.11675
1.11826
1.11668
1.1121
1.10573
1.09929
1.09443
1.09235
1.09356
1.09786
1.10438
1.11188
1.11891
1.12401
1.12596
1.12395
1.11756
1.10686
1.09247
1.076
1.06014
1.04824
1.0432
1.0466
1.05797
1.07517
1.09514
1.11474
1.13123
1.14231
1.14625
1.14201
1.12966
1.1106
1.08744
1.06391
1.04425
1.03249
1.03166
1.04302
1.06556
1.09628
1.13116
1.16575
1.19597
1.21847
1.2309
1.23227
1.22309
1.20511
1.18101
1.15381
1.12651
1.10168
1.08113
1.06581
1.05578
1.05048
1.04888
1.04991
1.05291
1.05783
1.06495
1.07424
1.08483
1.09498
1.10266
1.10628
1.10529
1.10045
1.0935
1.08681
1.0827
1.08314
1.08977
1.10341
1.12361
1.14805
1.17231
1.19054
1.19715
1.18842
1.16385
1.12659
1.08302
1.04166
1.01101
0.996621
0.999202
1.01525
1.0396
1.06741
1.0946
1.11771
1.13387
1.14092
1.13785
1.12518
1.10488
1.08005
1.05446
1.03179
1.01498
1.00566
1.00401
1.00901
1.01906
1.0329
1.05023
1.07187
1.09877
1.13071
1.16559
1.19991
1.22989
1.25242
1.26519
1.26669
1.2561
1.23359
1.20086
1.16137
1.12011
1.08277
1.05463
1.03936
1.03829
1.0502
1.07193
1.09927
1.12803
1.15467
1.17656
1.19194
1.19964
1.1989
1.18941
1.17122
1.14509
1.11267
1.07641
1.03921
1.00395
0.972739
0.946703
0.92591
0.909681
0.897141
0.88765
0.881063
0.877896
0.879257
0.886462
0.900896
0.923508
0.954556
0.993206
1.03748
1.08433
1.13005
1.1707
1.20288
1.22444
1.2349
1.23546
1.22862
1.21725
1.20385
1.19024
1.17747
1.16625
1.1573
1.15117
1.14817
1.14813
1.15032
1.15361
1.1566
1.1582
1.15751
1.15418
1.14847
1.14125
1.13393
1.12801
1.1246
1.12404
1.12565
1.12796
1.12932
1.12827
1.124
1.11613
1.10481
1.09052
1.07415
1.05695
1.04048
1.02647
1.01662
1.01199
1.01262
1.01759
1.02541
1.03455
1.04388
1.05265
1.06044
1.06695
1.07208
1.07586
1.07859
1.08057
1.08198
1.0828
1.08308
1.08291
1.08245
1.08185
1.08109
1.07963
1.0766
1.07095
1.06204
1.05005
1.03617
1.02266
1.01248
1.0086
1.01308
1.0264
1.04735
1.07335
1.10104
1.12721
1.14928
1.16553
1.17504
1.1775
1.17331
1.16362
1.15022
1.13563
1.12267
1.1141
1.1119
1.11687
1.12853
1.14527
1.16486
1.1848
1.20256
1.21585
1.22278
1.22214
1.21378
1.19862
1.17844
1.1555
1.13208
1.10993
1.08996
1.07228
1.05645
1.04201
1.0288
1.01731
1.00857
1.00365
1.00315
1.00697
1.0144
1.02454
1.03649
1.04932
1.06208
1.07385
1.08382
1.09124
1.09576
1.09737
1.09619
1.09233
1.08556
1.07558
1.06221
1.04573
1.02716
1.00824
0.991367
0.979358
0.974796
0.979009
0.991733
1.01119
1.03498
1.06055
1.08544
1.10725
1.1238
1.13334
1.13502
1.12922
1.11769
1.10351
1.09052
1.08248
1.08226
1.09101
1.10808
1.13131
1.15765
1.18396
1.20735
1.22543
1.23648
1.23958
1.23494
1.22354
1.20702
1.18716
1.16566
1.14411
1.12405
1.10706
1.0945
1.08715
1.08482
1.08638
1.09006
1.09385
1.09593
1.09512
1.09105
1.08415
1.07534
1.06578
1.05638
1.048
1.04153
1.0382
1.03953
1.04681
1.06044
1.07947
1.10154
1.12331
1.14107
1.15171
1.1534
1.14581
1.13003
1.10823
1.08323
1.05791
1.03467
1.01541
1.00145
0.993816
0.993165
0.999686
1.01276
1.03061
1.05034
1.06854
1.08195
1.0884
1.08725
1.07947
1.06728
1.05381
1.04222
1.0349
1.03314
1.03702
1.0457
1.05775
1.07154
1.08559
1.09899
1.11156
1.12381
1.13667
1.15111
1.16783
1.18677
1.20701
1.22674
1.24376
1.25609
1.26236
1.26194
1.25465
1.24047
1.21959
1.19269
1.16127
1.12788
1.09583
1.06845
1.04842
1.03702
1.03391
1.03738
1.04494
1.05394
1.06222
1.06827
1.07124
1.07082
1.067
1.06004
1.05061
1.03991
1.02973
1.02225
1.01947
1.02265
1.03172
1.04531
1.06116
1.077
1.09088
1.10152
1.10828
1.11107
1.1102
1.10616
1.09957
1.09125
1.08232
1.07404
1.06767
1.06413
1.06384
1.06659
1.07144
1.07701
1.08154
1.0836
1.08254
1.07886
1.07412
1.07043
1.06926
1.07111
1.07558
1.08213
1.09055
1.10083
1.11261
1.12484
1.13608
1.14497
1.15074
1.15357
1.15464
1.15584
1.15897
1.16481
1.17269
1.18097
1.18805
1.19282
1.19437
1.19183
1.18423
1.17071
1.151
1.12572
1.09653
1.06609
1.03747
1.01333
0.995374
0.984194
0.979477
0.980291
0.985454
0.993761
1.00433
1.01666
1.03048
1.0453
1.06022
1.07423
1.0867
1.0979
1.10895
1.12122
1.13576
1.15268
1.17081
1.1877
1.20037
1.20604
1.20267
1.18952
1.16727
1.13803
1.10488
1.07115
1.04007
1.01488
0.998701
0.993686
0.99983
1.01489
1.03523
1.0572
1.07787
1.09523
1.1083
1.11697
1.1217
1.12297
1.12074
1.11479
1.1054
1.09424
1.08427
1.07873
1.07998
1.08833
1.10203
1.11796
1.13291
1.14437
1.15094
1.15213
1.14799
1.13911
1.12662
1.1122
1.09774
1.08482
1.07428
1.06613
1.06007
1.05588
1.05378
1.05419
1.05709
1.06181
1.06739
1.07326
1.07937
1.08586
1.0928
1.09998
1.10695
1.11322
1.11858
1.12319
1.12769
1.13309
1.14054
1.1508
1.1641
1.17976
1.19633
1.21163
1.22282
1.22669
1.22024
1.20161
1.17121
1.13237
1.09105
1.05416
1.02692
1.01077
1.00352
1.00125
1.00056
0.999738
0.99882
0.998883
1.00123
1.00665
1.01526
1.02643
1.03919
1.05282
1.06697
1.08145
1.09599
1.10996
1.12231
1.13191
1.13775
1.13921
1.13638
1.19232
1.18023
1.16589
1.15156
1.13928
1.13042
1.12515
1.1227
1.12183
1.12154
1.12172
1.12302
1.12653
1.13352
1.1448
1.16025
1.17847
1.19703
1.21319
1.225
1.23174
1.2336
1.23074
1.22273
1.20836
1.18663
1.15782
1.12447
1.09103
1.06294
1.04488
1.03933
1.04592
1.06203
1.08378
1.10715
1.12852
1.1451
1.15525
1.15842
1.15515
1.14685
1.13536
1.12241
1.10907
1.09584
1.08308
1.07159
1.0628
1.05821
1.0589
1.06529
1.0771
1.09368
1.114
1.13657
1.15949
1.18067
1.19819
1.21047
1.21631
1.21498
1.20622
1.19044
1.16919
1.14492
1.1206
1.09897
1.08142
1.0679
1.05784
1.05133
1.04954
1.05434
1.06702
1.08742
1.11359
1.1424
1.17042
1.19492
1.2141
1.22677
1.23221
1.2303
1.22191
1.20901
1.19436
1.18069
1.16999
1.16314
1.15972
1.1584
1.15751
1.1553
1.15048
1.14247
1.13166
1.11911
1.10656
1.09596
1.08903
1.08676
1.08902
1.09448
1.10069
1.10487
1.10464
1.09881
1.08771
1.07331
1.05897
1.04863
1.04557
1.05111
1.06407
1.08144
1.09967
1.11569
1.12773
1.13527
1.1389
1.14006
1.14052
1.14165
1.14402
1.14748
1.15138
1.15502
1.15792
1.15998
1.16134
1.16205
1.16191
1.16046
1.15719
1.15171
1.14375
1.13326
1.12056
1.1064
1.0921
1.07952
1.07078
1.0679
1.07224
1.08393
1.10167
1.12276
1.14361
1.16043
1.17043
1.17218
1.16596
1.15334
1.13687
1.1196
1.1049
1.09597
1.09522
1.10336
1.11899
1.13889
1.15892
1.17536
1.18585
1.18971
1.18774
1.18192
1.1747
1.16825
1.1639
1.16176
1.16097
1.16009
1.15789
1.15357
1.14682
1.1379
1.12746
1.11668
1.10735
1.10162
1.10124
1.10689
1.11795
1.13256
1.14821
1.16217
1.17217
1.177
1.17668
1.17212
1.16453
1.15483
1.14359
1.13125
1.11806
1.10422
1.09006
1.07655
1.06568
1.06049
1.06405
1.078
1.10132
1.13039
1.16032
1.18647
1.2055
1.21579
1.21716
1.21054
1.19738
1.17957
1.15939
1.1392
1.12124
1.10736
1.0989
1.09659
1.10029
1.10858
1.11922
1.12967
1.13777
1.14192
1.14102
1.1345
1.12224
1.10481
1.08365
1.06134
1.04137
1.02753
1.02257
1.02731
1.04013
1.05786
1.07694
1.09473
1.10988
1.12243
1.13322
1.14333
1.15349
1.16365
1.17314
1.18098
1.18613
1.18781
1.18591
1.18104
1.1747
1.16912
1.16663
1.16914
1.17754
1.19125
1.20815
1.22527
1.23949
1.24854
1.25134
1.24801
1.23952
1.22706
1.21181
1.19473
1.17638
1.15689
1.13607
1.11387
1.09093
1.06879
1.04974
1.03608
1.02959
1.03086
1.0392
1.05278
1.06938
1.08694
1.10397
1.11943
1.13262
1.14317
1.1507
1.15486
1.15529
1.1516
1.14356
1.13117
1.11512
1.09679
1.07802
1.06102
1.04799
1.04089
1.04069
1.04713
1.05873
1.07368
1.09027
1.10696
1.12226
1.13458
1.14266
1.14597
1.14497
1.14107
1.13604
1.13151
1.12855
1.12773
1.12932
1.13335
1.13963
1.14781
1.15757
1.16892
1.18269
1.20032
1.22296
1.25016
1.2791
1.305
1.32291
1.3294
1.32326
1.30517
1.27667
1.23942
1.19563
1.1487
1.10321
1.064
1.03467
1.0166
1.00883
1.00888
1.01379
1.02101
1.02889
1.03677
1.04471
1.05294
1.0615
1.07002
1.07768
1.0833
1.08563
1.08375
1.07744
1.06713
1.05408
1.0402
1.02779
1.01892
1.01481
1.01548
1.01967
1.02555
1.03144
1.03685
1.04275
1.05132
1.06463
1.08349
1.10714
1.13357
1.16049
1.18608
1.20923
1.22959
1.24669
1.25966
1.26717
1.26793
1.26155
1.24884
1.23175
1.2129
1.19477
1.17881
1.16522
1.15304
1.14057
1.12616
1.10932
1.09127
1.07509
1.06452
1.06229
1.06919
1.08432
1.10589
1.13182
1.15974
1.18697
1.21057
1.22766
1.23585
1.23383
1.22179
1.20167
1.17674
1.15079
1.12717
1.10796
1.09389
1.08464
1.0793
1.07707
1.07737
1.07979
1.08392
1.08918
1.09496
1.1007
1.1061
1.11112
1.1157
1.11976
1.12312
1.12546
1.12658
1.12642
1.12508
1.1227
1.11932
1.11495
1.10969
1.10375
1.09754
1.09186
1.08802
1.08761
1.09222
1.10303
1.12066
1.14497
1.17496
1.20861
1.24285
1.27396
1.29801
1.3116
1.31261
1.30052
1.27648
1.24327
1.20478
1.16531
1.12887
1.0981
1.07389
1.05598
1.04398
1.03846
1.04102
1.05327
1.07541
1.10538
1.13901
1.17106
1.19664
1.2124
1.21714
1.21188
1.19924
1.18243
1.16409
1.14566
1.12733
1.10884
1.09067
1.07461
1.0634
1.05947
1.0637
1.07524
1.09224
1.11256
1.13436
1.15599
1.17583
1.19239
1.20438
1.21079
1.21111
1.20532
1.194
1.17821
1.15941
1.13898
1.11824
1.09838
1.08058
1.06601
1.05603
1.052
1.05482
1.0644
1.07923
1.09663
1.11348
1.12684
1.13479
1.13672
1.13333
1.12633
1.11801
1.11075
1.10672
1.10743
1.11355
1.12467
1.13951
1.1563
1.17336
1.18932
1.20303
1.21351
1.21947
1.21959
1.21277
1.19845
1.17715
1.15081
1.12304
1.09841
1.08055
1.07013
1.0649
1.06158
1.0578
1.05291
1.04768
1.04367
1.04235
1.04441
1.04954
1.05689
1.06575
1.07594
1.08787
1.10212
1.11908
1.13844
1.1592
1.18012
1.20009
1.21835
1.23446
1.24788
1.25761
1.26236
1.26113
1.25364
1.24066
1.22323
1.20213
1.17766
1.1503
1.12154
1.09422
1.07214
1.05859
1.05503
1.06042
1.07173
1.08507
1.09679
1.10439
1.10704
1.10572
1.10275
1.10088
1.10239
1.10837
1.11861
1.13183
1.14614
1.15969
1.17101
1.179
1.18291
1.18202
1.1758
1.16427
1.14812
1.12899
1.1093
1.09183
1.07907
1.07246
1.07193
1.07608
1.0828
1.08979
1.09532
1.09859
1.09969
1.0992
1.09783
1.0961
1.09451
1.09381
1.09513
1.09969
1.10831
1.12104
1.13681
1.1535
1.16841
1.17896
1.18388
1.18353
1.17961
1.17399
1.1682
1.16293
1.15776
1.15141
1.14242
1.12997
1.11439
1.0976
1.08287
1.07416
1.07501
1.08724
1.11023
1.14092
1.17447
1.20544
1.22902
1.24201
1.24324
1.23343
1.21476
1.19021
1.16288
1.13572
1.11142
1.0925
1.08125
1.07934
1.08731
1.10407
1.12707
1.15277
1.17732
1.197
1.20874
1.21046
1.2014
1.18227
1.15508
1.12299
1.08968
1.05888
1.03363
1.0157
1.00539
1.00217
1.00519
1.01384
1.02783
1.04671
1.06938
1.09353
1.11597
1.13376
1.14542
1.15195
1.15601
1.16048
1.16724
1.17702
1.18985
1.20527
1.22227
1.23911
1.2537
1.26412
1.26922
1.26854
1.26214
1.25031
1.23347
1.21211
1.18699
1.15911
1.1295
1.09959
1.0713
1.04737
1.03051
1.02247
1.02337
1.03174
1.04533
1.06193
1.07977
1.09766
1.11492
1.13138
1.14725
1.1628
1.17777
1.19107
1.20081
1.2052
1.20341
1.19596
1.18427
1.17009
1.1547
1.13858
1.12147
1.10286
1.08275
1.06206
1.04297
1.02863
1.0224
1.02693
1.04324
1.07046
1.10596
1.14578
1.18525
1.21976
1.24521
1.25849
1.25795
1.24356
1.21696
1.1812
1.14019
1.09807
1.0587
1.02518
0.999928
0.984565
0.979719
0.98483
0.998127
1.01697
1.03833
1.05947
1.07805
1.09223
1.10073
1.10319
1.10071
1.09598
1.09277
1.09467
1.10386
1.12046
1.14276
1.1682
1.19425
1.21903
1.241
1.25896
1.27186
1.27871
1.27868
1.27104
1.2555
1.23276
1.20512
1.17634
1.15095
1.13273
1.12319
1.12089
1.1226
1.12503
1.12638
1.12649
1.12638
1.12714
1.12938
1.13293
1.13701
1.14088
1.14418
1.14677
1.14853
1.14925
1.14874
1.14698
1.14419
1.14082
1.13749
1.13492
1.13374
1.1344
1.13698
1.14131
1.14717
1.1539
1.16019
1.164
1.16306
1.1557
1.14129
1.12028
1.09416
1.06513
1.03594
1.00989
0.990483
0.980911
0.983425
0.998474
1.02437
1.05739
1.09272
1.12593
1.15384
1.1749
1.18897
1.19675
1.19938
1.19816
1.19428
1.18876
1.18231
1.17527
1.16784
1.16004
1.15181
1.143
1.1337
1.12442
1.11605
1.10966
1.10645
1.1076
1.11378
1.1247
1.13883
1.15374
1.1667
1.17546
1.17894
1.17738
1.17221
1.16537
1.15871
1.15345
1.15002
1.14819
1.14704
1.14534
1.14197
1.13628
1.12831
1.11879
1.10905
1.10078
1.09558
1.09461
1.09835
1.10623
1.11658
1.12684
1.13427
1.13669
1.13324
1.12482
1.11376
1.10279
1.09404
1.08845
1.08591
1.0858
1.08749
1.09062
1.09519
1.10131
1.10896
1.11781
1.1273
1.13661
1.14481
1.1511
1.15475
1.1551
1.15163
1.14425
1.1335
1.1203
1.10569
1.09016
1.07363
1.05558
1.03554
1.01392
0.992546
0.974916
0.965972
0.97094
0.99337
1.03302
1.0856
1.14421
1.2014
1.25102
1.2891
1.31369
1.32432
1.32159
1.3065
1.28055
1.24611
1.20656
1.16642
1.13075
1.10417
1.0897
1.08793
1.09683
1.11236
1.12943
1.14283
1.14831
1.14334
1.12765
1.10339
1.07478
1.04748
1.02714
1.01794
1.02122
1.03535
1.05661
1.08057
1.10331
1.12224
1.1366
1.1474
1.15693
1.16796
1.18275
1.20195
1.22431
1.24681
1.2659
1.27881
1.28427
1.28234
1.27399
1.26061
1.24362
1.2244
1.20395
1.18301
1.16187
1.14064
1.11962
1.09949
1.08144
1.06664
1.05541
1.04698
1.03991
1.03289
1.02571
1.01963
1.01715
1.02085
1.03219
1.05076
1.07457
1.10091
1.12714
1.15121
1.1716
1.18724
1.1974
1.20178
1.20061
1.19471
1.18536
1.17397
1.16185
1.14998
1.13907
1.12992
1.12369
1.12193
1.12588
1.13589
1.15092
