-4.71445
-4.71412
-4.71378
-4.7134
-4.71192
-4.70931
-4.70557
-4.70115
-4.6977
-4.69495
-4.69217
-4.68913
-4.68878
-4.68773
-4.68716
-4.68666
-4.68794
-4.68957
-4.6913
-4.69329
-4.69449
-4.69675
-4.69863
-4.69829
-4.69997
-4.7005
-4.70038
-4.70072
-4.7005
-4.70052
-4.70054
-4.70089
-4.70174
-4.70219
-4.7024
-4.70217
-4.7015
-4.70035
-4.69976
-4.70033
-4.6995
-4.7
-4.69899
-4.69863
-4.69865
-4.6983
-4.69881
-4.69806
-4.69784
-4.69813
-4.69921
-4.69955
-4.70002
-4.70061
-4.70159
-4.70219
-4.70256
-4.70284
-4.7032
-4.70303
-4.70177
-4.70155
-4.7018
-4.70208
-4.70167
-4.70162
-4.70087
-4.70048
-4.70027
-4.69996
-4.69997
-4.69954
-4.70045
-4.70073
-4.70094
-4.70139
-4.70163
-4.70108
-4.70188
-4.70148
-4.70126
-4.70123
-4.70138
-4.70065
-4.70098
-4.6998
-4.69981
-4.69949
-4.6993
-4.69893
-4.69822
-4.69781
-4.69723
-4.69651
-4.69703
-4.69896
-4.69896
-4.69901
-4.69895
-4.69904
-4.69913
-4.69948
-4.69979
-4.70005
-4.69967
-4.69988
-4.70085
-4.69971
-4.6995
-4.69853
-4.69784
-4.69833
-4.69742
-4.69681
-4.69576
-4.69613
-4.69551
-4.69543
-4.69498
-4.69582
-4.6967
-4.69684
-4.69786
-4.69853
-4.69897
-4.69904
-4.69889
-4.69872
-4.69809
-4.69854
-4.69961
-4.69981
-4.70033
-4.70056
-4.70092
-4.70156
-4.70202
-4.70243
-4.70221
-4.70107
-4.70131
-4.70127
-4.7008
-4.70153
-4.70147
-4.70152
-4.70094
-4.70141
-4.70172
-4.70191
-4.70349
-4.70256
-4.70291
-4.70409
-4.70385
-4.7049
-4.70464
-4.70515
-4.7053
-4.7046
-4.70346
-4.70383
-4.70377
-4.70316
-4.70311
-4.70275
-4.70303
-4.70321
-4.70345
-4.70331
-4.70218
-4.70157
-4.70103
-4.70068
-4.70067
-4.70067
-4.70188
-4.70231
-4.70135
-4.7014
-4.70156
-4.70092
-4.70101
-4.70049
-4.70132
-4.70097
-4.70139
-4.70139
-4.70083
-4.70077
-4.70044
-4.70105
-4.70122
-4.70061
-4.70055
-4.70012
-4.70037
-4.70057
-4.70058
-4.70089
-4.70107
-4.70157
-4.70181
-4.70254
-4.70164
-4.70107
-4.70142
-4.70239
-4.70229
-4.70217
-4.70203
-4.70186
-4.70136
-4.70144
-4.70076
-4.70007
-4.69955
-4.69903
-4.69839
-4.69807
-4.69837
-4.69807
-4.69761
-4.69802
-4.69915
-4.69874
-4.69847
-4.69867
-4.69881
-4.69906
-4.69971
-4.70086
-4.70154
-4.70141
-4.70135
-4.7005
-4.70054
-4.70198
-4.70182
-4.70173
-4.70212
-4.70342
-4.70436
-4.70444
-4.7044
-4.70392
-4.70393
-4.70417
-4.70362
-4.70429
-4.70424
-4.70396
-4.70421
-4.70381
-4.70305
-4.70297
-4.70309
-4.70354
-4.70399
-4.70382
-4.70379
-4.70376
-4.7042
-4.70465
-4.70435
-4.70446
-4.70407
-4.70362
-4.70477
-4.70423
-4.70415
-4.70382
-4.70477
-4.70413
-4.70309
-4.70357
-4.70417
-4.70348
-4.70317
-4.70278
-4.70249
-4.70248
-4.70201
-4.70108
-4.70152
-4.70226
-4.70255
-4.70134
-4.70059
-4.70075
-4.70004
-4.70026
-4.70054
-4.7001
-4.70017
-4.70014
-4.70133
-4.70162
-4.70191
-4.70218
-4.70303
-4.70299
-4.70311
-4.7028
-4.70356
-4.70327
-4.70354
-4.70435
-4.70492
-4.70482
-4.70425
-4.70401
-4.70463
-4.70476
-4.70466
-4.70422
-4.70513
-4.70492
-4.70518
-4.70389
-4.70313
-4.70357
-4.70342
-4.7034
-4.70438
-4.70464
-4.70503
-4.70461
-4.70546
-4.70545
-4.70565
-4.70561
-4.70539
-4.7047
-4.70448
-4.70371
-4.70316
-4.70329
-4.70424
-4.70344
-4.7042
-4.70363
-4.70459
-4.70432
-4.70419
-4.70464
-4.70505
-4.70393
-4.70428
-4.70429
-4.7035
-4.70296
-4.70269
-4.7024
-4.70181
-4.70199
-4.70264
-4.70287
-4.70314
-4.70328
-4.70254
-4.70257
-4.70229
-4.70229
-4.70119
-4.70081
-4.70144
-4.70115
-4.70146
-4.70164
-4.70094
-4.69982
-4.69932
-4.69945
-4.69897
-4.69878
-4.69933
-4.69879
-4.69883
-4.69885
-4.69921
-4.69951
-4.69845
-4.69789
-4.69824
-4.69943
-4.70031
-4.7008
-4.70222
-4.70213
-4.70161
-4.70126
-4.70127
-4.70088
-4.70044
-4.69997
-4.69982
-4.69987
-4.70013
-4.7
-4.69948
-4.69976
-4.69899
-4.69972
-4.69998
-4.70023
-4.70016
-4.69979
-4.69975
-4.69976
-4.70088
-4.70055
-4.70025
-4.70056
-4.70098
-4.70103
-4.70116
-4.70123
-4.70188
-4.70225
-4.70207
-4.70227
-4.70255
-4.70272
-4.70319
-4.70286
-4.70291
-4.70348
-4.70276
-4.70196
-4.70157
-4.70117
-4.70031
-4.6998
-4.69979
-4.69986
-4.70018
-4.70045
-4.70069
-4.70043
-4.70084
-4.70111
-4.70164
-4.70207
-4.70298
-4.70346
-4.70337
-4.70304
-4.7025
-4.70221
-4.70191
-4.70189
-4.70219
-4.70265
-4.70404
-4.70352
-4.70276
-4.70255
-4.70202
-4.70222
-4.70207
-4.70105
-4.70063
-4.70091
-4.70096
-4.70063
-4.701
-4.70087
-4.70146
-4.70189
-4.70187
-4.7023
-4.70167
-4.70194
-4.701
-4.70095
-4.70088
-4.7008
-4.70102
-4.70153
-4.70084
-4.70091
-4.70159
-4.70153
-4.70115
-4.70078
-4.70145
-4.70091
-4.70069
-4.70064
-4.70004
-4.70024
-4.70096
-4.70097
-4.70177
-4.70135
-4.7015
-4.70085
-4.70074
-4.70086
-4.70092
-4.70106
-4.70056
-4.69914
-4.69926
-4.69915
-4.69902
-4.69872
-4.69945
-4.69919
-4.69998
-4.69965
-4.69969
-4.69964
-4.70086
-4.70141
-4.70131
-4.701
-4.70155
-4.70131
-4.70028
-4.69967
-4.69934
-4.69887
-4.69903
-4.69953
-4.69858
-4.69847
-4.6989
-4.69809
-4.69829
-4.69785
-4.6978
-4.69765
-4.69872
-4.69976
-4.69984
-4.70046
-4.70099
-4.70022
-4.69966
-4.69931
-4.70009
-4.6996
-4.6989
-4.69862
-4.69803
-4.69879
-4.69866
-4.6984
-4.69788
-4.69834
-4.69889
-4.69937
-4.69964
-4.69984
-4.701
-4.70144
-4.70157
-4.70134
-4.70134
-4.70231
-4.70259
-4.70294
-4.70249
-4.70232
-4.70199
-4.70198
-4.702
-4.70177
-4.70221
-4.70179
-4.70157
-4.70138
-4.70119
-4.70158
-4.70148
-4.70117
-4.70081
-4.70007
-4.70034
-4.70011
-4.7003
-4.69882
-4.6978
-4.69757
-4.69663
-4.69607
-4.69621
-4.69659
-4.69677
-4.69702
-4.697
-4.69774
-4.69813
-4.69787
-4.69816
-4.69763
-4.69707
-4.69754
-4.69815
-4.69739
-4.69679
-4.69831
-4.69878
-4.69835
-4.69912
-4.69896
-4.69879
-4.69905
-4.69884
-4.69983
-4.69917
-4.69959
-4.6991
-4.69909
-4.69924
-4.69925
-4.69975
-4.70089
-4.70072
-4.70076
-4.70113
-4.7021
-4.70288
-4.70254
-4.70317
-4.70328
-4.70379
-4.70353
-4.70343
-4.70395
-4.70375
-4.70373
-4.70432
-4.70476
-4.70443
-4.70362
-4.70308
-4.70253
-4.70244
-4.70326
-4.70379
-4.70278
-4.70205
-4.70189
-4.70322
-4.70335
-4.70397
-4.70375
-4.70329
-4.70351
-4.70378
-4.70347
-4.70393
-4.70469
-4.70455
-4.70485
-4.70378
-4.70374
-4.70367
-4.7037
-4.70413
-4.70451
-4.70408
-4.70333
-4.70273
-4.70323
-4.70259
-4.70295
-4.70323
-4.7034
-4.7031
-4.7035
-4.70336
-4.70299
-4.703
-4.7022
-4.70183
-4.70206
-4.7026
-4.70185
-4.70165
-4.70235
-4.70288
-4.70276
-4.7034
-4.70241
-4.70335
-4.70298
-4.7018
-4.70126
-4.70118
-4.70111
-4.70145
-4.70118
-4.70069
-4.70244
-4.70296
-4.70251
-4.70377
-4.70433
-4.70542
-4.70568
-4.7057
-4.70578
-4.705
-4.70547
-4.70407
-4.70446
-4.7037
-4.7029
-4.70256
-4.70264
-4.70339
-4.70443
-4.70406
-4.70318
-4.70318
-4.70333
-4.7041
-4.70321
-4.70321
-4.70273
-4.70311
-4.70255
-4.70226
-4.70152
-4.70097
-4.70154
-4.70083
-4.70127
-4.70178
-4.70279
-4.70366
-4.70389
-4.70436
-4.70552
-4.70511
-4.70588
-4.70527
-4.70545
-4.70656
-4.70768
-4.70745
-4.70717
-4.70624
-4.70661
-4.70616
-4.70656
-4.70603
-4.70561
-4.70519
-4.70448
-4.70363
-4.7039
-4.70363
-4.70254
-4.702
-4.7014
-4.70162
-4.70116
-4.703
-4.70303
-4.70348
-4.70401
-4.70371
-4.70376
-4.70447
-4.70372
-4.70351
-4.70341
-4.70357
-4.70328
-4.70346
-4.70368
-4.70365
-4.70386
-4.70373
-4.70355
-4.70407
-4.70434
-4.70478
-4.70486
-4.70498
-4.70419
-4.70293
-4.70275
-4.70193
-4.70176
-4.7017
-4.70044
-4.70039
-4.70119
-4.70114
-4.70137
-4.70185
-4.70137
-4.70054
-4.70059
-4.70121
-4.7013
-4.70161
-4.70125
-4.70165
-4.7003
-4.69999
-4.70044
-4.70117
-4.70105
-4.70089
-4.70063
-4.70145
-4.70182
-4.7012
-4.70098
-4.70077
-4.70048
-4.6994
-4.7001
-4.70061
-4.70059
-4.70167
-4.70229
-4.70273
-4.70374
-4.70378
-4.70436
-4.70502
-4.70452
-4.70439
-4.70447
-4.70325
-4.70287
-4.702
-4.70111
-4.70056
-4.6999
-4.70069
-4.70007
-4.70094
-4.70146
-4.70177
-4.70183
-4.70218
-4.70325
-4.70304
-4.70276
-4.70256
-4.70232
-4.70343
-4.7032
-4.70301
-4.70274
-4.70328
-4.70358
-4.70315
-4.70274
-4.70322
-4.70338
-4.70351
-4.70347
-4.7034
-4.70302
-4.7034
-4.70363
-4.70357
-4.70306
-4.70345
-4.70409
-4.70481
-4.70483
-4.70521
-4.70492
-4.70521
-4.70461
-4.70496
-4.70492
-4.70524
-4.70425
-4.70497
-4.70545
-4.70552
-4.70533
-4.70563
-4.70563
-4.70638
-4.70648
-4.70637
-4.70606
-4.70598
-4.70527
-4.70531
-4.70407
-4.70463
-4.70399
-4.70453
-4.70445
-4.70485
-4.70522
-4.70572
-4.70537
-4.70452
-4.70414
-4.70441
-4.70429
-4.70377
-4.70346
-4.70351
-4.70419
-4.70532
-4.70551
-4.70521
-4.70561
-4.70565
-4.70534
-4.70499
-4.7049
-4.70372
-4.70267
-4.70225
-4.7028
-4.70271
-4.70217
-4.70274
-4.70363
-4.70419
-4.70417
-4.70513
-4.70534
-4.70477
-4.7051
-4.70514
-4.70466
-4.70493
-4.70522
-4.70514
-4.70482
-4.70486
-4.70643
-4.70646
-4.70659
-4.70681
-4.70653
-4.70667
-4.70621
-4.70561
-4.70517
-4.70385
-4.70328
-4.70301
-4.70289
-4.70321
-4.70311
-4.70262
-4.70297
-4.70267
-4.70264
-4.70328
-4.70321
-4.70326
-4.70324
-4.70237
-4.70182
-4.70175
-4.70113
-4.70073
-4.70059
-4.70076
-4.69958
-4.69937
-4.69862
-4.69871
-4.69857
-4.69924
-4.69947
-4.69892
-4.69938
-4.69931
-4.69918
-4.699
-4.6988
-4.69956
-4.69966
-4.70032
-4.69989
-4.69997
-4.69977
-4.6997
-4.70023
-4.70001
-4.70027
-4.70133
-4.70151
-4.70153
-4.70089
-4.70137
-4.70081
-4.70056
-4.69929
-3.91602
-3.9147
-3.9141
-3.91304
-3.91243
-3.91184
-3.9114
-3.91082
-3.91181
-3.91273
-3.91318
-3.91376
-3.9147
-3.91571
-3.91659
-3.91704
-3.91756
-3.91922
-3.91789
-3.91749
-3.91708
-3.91664
-3.91643
-3.9167
-3.9174
-3.9188
-3.92006
-3.92135
-3.92148
-3.92176
-3.92103
-3.92016
-3.91939
-3.91807
-3.91658
-3.91624
-3.91625
-3.91623
-3.91607
-3.91651
-3.91671
-3.91809
-3.91904
-3.91963
-3.91992
-3.92032
-3.92034
-3.91981
-3.92031
-3.91982
-3.91894
-3.91784
-3.91717
-3.91776
-3.91867
-3.91877
-3.91912
-3.91976
-3.91871
-3.9191
-3.92015
-3.9205
-3.92004
-3.92016
-3.91968
-3.9192
-3.91959
-3.91869
-3.91858
-3.91883
-3.91877
-3.91824
-3.9171
-3.91741
-3.91729
-3.91913
-3.91903
-3.91913
-3.91942
-3.91873
-3.91852
-3.91823
-3.91711
-3.91682
-3.91661
-3.91578
-3.91472
-3.91405
-3.91541
-3.91586
-3.91751
-3.91898
-3.92088
-3.92211
-3.92187
-3.92256
-3.92299
-3.92033
-3.91884
-3.91883
-3.91812
-3.91818
-3.91859
-3.91814
-3.91913
-3.91883
-3.92054
-3.92034
-3.92015
-3.91981
-3.91979
-3.91851
-3.91757
-3.91665
-3.91602
-3.91501
-3.91379
-3.91462
-3.91485
-3.91503
-3.91582
-3.91625
-3.91675
-3.91671
-3.91689
-3.91672
-3.91714
-3.91711
-3.91713
-3.91706
-3.91724
-3.91631
-3.9174
-3.91786
-3.91819
-3.91726
-3.91675
-3.91613
-3.91567
-3.91602
-3.91522
-3.91476
-3.91432
-3.91332
-3.91395
-3.9135
-3.91319
-3.91387
-3.91533
-3.916
-3.91585
-3.9165
-3.91594
-3.9147
-3.91441
-3.914
-3.91342
-3.91223
-3.91189
-3.91171
-3.91254
-3.91291
-3.91465
-3.91539
-3.91535
-3.91481
-3.91452
-3.91273
-3.91173
-3.91241
-3.91257
-3.91256
-3.91253
-3.91305
-3.9142
-3.91513
-3.91588
-3.91682
-3.91653
-3.91637
-3.91555
-3.91558
-3.91527
-3.91361
-3.91311
-3.91312
-3.91327
-3.91376
-3.91367
-3.91324
-3.91316
-3.91351
-3.91406
-3.9139
-3.91379
-3.91408
-3.913
-3.91318
-3.91279
-3.91366
-3.91426
-3.91522
-3.91605
-3.91623
-3.91676
-3.91747
-3.91647
-3.91641
-3.91634
-3.91618
-3.91649
-3.917
-3.91769
-3.91706
-3.9166
-3.91565
-3.91537
-3.91485
-3.9154
-3.91559
-3.91699
-3.91806
-3.91876
-3.91836
-3.92022
-3.91983
-3.92104
-3.92109
-3.92163
-3.92149
-3.92055
-3.91981
-3.91992
-3.91884
-3.91786
-3.91883
-3.91905
-3.91869
-3.91852
-3.91902
-3.91915
-3.92023
-3.92154
-3.92289
-3.92361
-3.92419
-3.92496
-3.92412
-3.92325
-3.9224
-3.92215
-3.92177
-3.92122
-3.92223
-3.92205
-3.92232
-3.92256
-3.92167
-3.92032
-3.92001
-3.91894
-3.91831
-3.91701
-3.91644
-3.91555
-3.91559
-3.91648
-3.91779
-3.9184
-3.91921
-3.91876
-3.91878
-3.91803
-3.91777
-3.91754
-3.91668
-3.91512
-3.91318
-3.91241
-3.91149
-3.91053
-3.91152
-3.91196
-3.91251
-3.91377
-3.91547
-3.91611
-3.91616
-3.91826
-3.91905
-3.91818
-3.91697
-3.91585
-3.91552
-3.91468
-3.91318
-3.91393
-3.91314
-3.91341
-3.91295
-3.91371
-3.91397
-3.91515
-3.91566
-3.91546
-3.91548
-3.91541
-3.91589
-3.91552
-3.91547
-3.91543
-3.91591
-3.9145
-3.91309
-3.91218
-3.91227
-3.91139
-3.91091
-3.91019
-3.91003
-3.91065
-3.91089
-3.91123
-3.91156
-3.91192
-3.91281
-3.91354
-3.91287
-3.91273
-3.91325
-3.91278
-3.91257
-3.91253
-3.91186
-3.91188
-3.91239
-3.91254
-3.91114
-3.91115
-3.91125
-3.91136
-3.91154
-3.91084
-3.91211
-3.91248
-3.91283
-3.91199
-3.91136
-3.91135
-3.91129
-3.91018
-3.91015
-3.90937
-3.90929
-3.90988
-3.91115
-3.91185
-3.91269
-3.91343
-3.91355
-3.91337
-3.91326
-3.91343
-3.91348
-3.91254
-3.91375
-3.91407
-3.91498
-3.91568
-3.91625
-3.91606
-3.91527
-3.9158
-3.91551
-3.91647
-3.91631
-3.91714
-3.91892
-3.91996
-3.92007
-3.92058
-3.92064
-3.92142
-3.92126
-3.91966
-3.92015
-3.91835
-3.91713
-3.9166
-3.91592
-3.91528
-3.91422
-3.91437
-3.91523
-3.91478
-3.9155
-3.91597
-3.91599
-3.9157
-3.91497
-3.91458
-3.91506
-3.91592
-3.91617
-3.91554
-3.91577
-3.91509
-3.91582
-3.91529
-3.91583
-3.91567
-3.91542
-3.91502
-3.9149
-3.91571
-3.91522
-3.9163
-3.91708
-3.91629
-3.9169
-3.91665
-3.91559
-3.91607
-3.91617
-3.91655
-3.91658
-3.91652
-3.91568
-3.91625
-3.91622
-3.91622
-3.91721
-3.91745
-3.91708
-3.91682
-3.91703
-3.91852
-3.91958
-3.91939
-3.91948
-3.91912
-3.91868
-3.91826
-3.91883
-3.91787
-3.91677
-3.91632
-3.91636
-3.9157
-3.91541
-3.91596
-3.91661
-3.91605
-3.91641
-3.91723
-3.91751
-3.91945
-3.91873
-3.91791
-3.91802
-3.918
-3.91711
-3.91692
-3.91674
-3.91555
-3.91576
-3.91614
-3.91652
-3.91672
-3.91677
-3.91714
-3.91677
-3.91687
-3.91772
-3.91778
-3.91708
-3.91654
-3.91651
-3.91621
-3.91623
-3.91743
-3.91736
-3.91649
-3.91546
-3.91477
-3.91417
-3.914
-3.91387
-3.91375
-3.91422
-3.91472
-3.91572
-3.91605
-3.917
-3.91629
-3.91533
-3.9143
-3.91355
-3.91298
-3.91321
-3.91249
-3.91154
-3.91112
-3.91037
-3.90952
-3.90893
-3.90961
-3.91006
-3.91142
-3.91216
-3.91366
-3.91361
-3.91392
-3.91346
-3.91216
-3.91106
-3.91248
-3.91319
-3.91353
-3.91368
-3.91474
-3.91368
-3.9143
-3.91518
-3.91488
-3.91557
-3.91616
-3.916
-3.91631
-3.9159
-3.91523
-3.91439
-3.91406
-3.91483
-3.91379
-3.91362
-3.91378
-3.91408
-3.91501
-3.91467
-3.91499
-3.91552
-3.91553
-3.91594
-3.91629
-3.91673
-3.91726
-3.91671
-3.91558
-3.91496
-3.91442
-3.91427
-3.91431
-3.91452
-3.91547
-3.91534
-3.9161
-3.91564
-3.91589
-3.9153
-3.91503
-3.91493
-3.91485
-3.91392
-3.91376
-3.91323
-3.91353
-3.91293
-3.91328
-3.91455
-3.91527
-3.9165
-3.91732
-3.91809
-3.91768
-3.91808
-3.91771
-3.91754
-3.91748
-3.91755
-3.91728
-3.91727
-3.91739
-3.91705
-3.9166
-3.91742
-3.91681
-3.91692
-3.9188
-3.91868
-3.91866
-3.91916
-3.91895
-3.92044
-3.91996
-3.91998
-3.91978
-3.91918
-3.91915
-3.91925
-3.91946
-3.91865
-3.9184
-3.91816
-3.91888
-3.91814
-3.91736
-3.91644
-3.91621
-3.91664
-3.91753
-3.91704
-3.91633
-3.91677
-3.91734
-3.91659
-3.91671
-3.9167
-3.91706
-3.91654
-3.91687
-3.91787
-3.91836
-3.91856
-3.91865
-3.91886
-3.91842
-3.91774
-3.91647
-3.91619
-3.91641
-3.91704
-3.91688
-3.91702
-3.91752
-3.91717
-3.91604
-3.91512
-3.91381
-3.91436
-3.91399
-3.91502
-3.9151
-3.91591
-3.91696
-3.91736
-3.91723
-3.91688
-3.91731
-3.91663
-3.91673
-3.9157
-3.91636
-3.9167
-3.91756
-3.9168
-3.91702
-3.9162
-3.91609
-3.91679
-3.91566
-3.91603
-3.91541
-3.91681
-3.91731
-3.91736
-3.91737
-3.9162
-3.91489
-3.91374
-3.91348
-3.91325
-3.9135
-3.91384
-3.91387
-3.91454
-3.91489
-3.9137
-3.91283
-3.91175
-3.91101
-3.91128
-3.91038
-3.91135
-3.91115
-3.91288
-3.9134
-3.91339
-3.91356
-3.91379
-3.91487
-3.91505
-3.91569
-3.91589
-3.91658
-3.91672
-3.91674
-3.91852
-3.91882
-3.9178
-3.91744
-3.91686
-3.91671
-3.91508
-3.91494
-3.91499
-3.91524
-3.91589
-3.91559
-3.91561
-3.91621
-3.91518
-3.9153
-3.91376
-3.91302
-3.91263
-3.91362
-3.91277
-3.91293
-3.91302
-3.91114
-3.91173
-3.9123
-3.91166
-3.91129
-3.91124
-3.91202
-3.91219
-3.91175
-3.91195
-3.91176
-3.90972
-3.90994
-3.90899
-3.90844
-3.90819
-3.90793
-3.90813
-3.90907
-3.90999
-3.91135
-3.9121
-3.91308
-3.91421
-3.91489
-3.91577
-3.91555
-3.91513
-3.91487
-3.91428
-3.91345
-3.91203
-3.91073
-3.9104
-3.90959
-3.91001
-3.91131
-3.91311
-3.9133
-3.91387
-3.91489
-3.91569
-3.91752
-3.91725
-3.9177
-3.91686
-3.91641
-3.91704
-3.91577
-3.91569
-3.91606
-3.91606
-3.91565
-3.91416
-3.91434
-3.91452
-3.91524
-3.91475
-3.91482
-3.91378
-3.91528
-3.91511
-3.91571
-3.9162
-3.91638
-3.91624
-3.9171
-3.91743
-3.91586
-3.91526
-3.91432
-3.9137
-3.91336
-3.91328
-3.91415
-3.91492
-3.91543
-3.91559
-3.91712
-3.91732
-3.91655
-3.91614
-3.91608
-3.91496
-3.91529
-3.91486
-3.9149
-3.91634
-3.91676
-3.91844
-3.91861
-3.91912
-3.91918
-3.91835
-3.91839
-3.91876
-3.9182
-3.91802
-3.91694
-3.91659
-3.91645
-3.91672
-3.91743
-3.91687
-3.91739
-3.91832
-3.91999
-3.92154
-3.92264
-3.9238
-3.92393
-3.92297
-3.9229
-3.92205
-3.92194
-3.92099
-3.91972
-3.92085
-3.92043
-3.92007
-3.91942
-3.92067
-3.92036
-3.91973
-3.9196
-3.91966
-3.9206
-3.92072
-3.91921
-3.91767
-3.91796
-3.91722
-3.91783
-3.91823
-3.91761
-3.91877
-3.91861
-3.9187
-3.91779
-3.91804
-3.91695
-3.91628
-3.91517
-3.91534
-3.91472
-3.91502
-3.91533
-3.9159
-3.91586
-3.91589
-3.91583
-3.91542
-3.91568
-3.91637
-3.916
-3.91619
-3.91638
-3.91692
-3.91762
-3.91743
-3.91654
-3.91657
-3.91608
-3.91602
-3.91625
-3.9164
-3.91698
-3.917
-3.91732
-3.91734
-3.9165
-3.91681
-3.91636
-3.91582
-3.91489
-3.91478
-3.91482
-3.91318
-3.91316
-3.91296
-3.91322
-3.9134
-3.91402
-3.91405
-3.91378
-3.91446
-3.91494
-3.91564
-3.9155
-3.91605
-3.91596
-3.91556
-3.91489
-3.91489
-3.91556
-3.91577
-3.91637
-3.91638
-3.91668
-3.91678
-3.91538
-3.91495
-3.91482
-3.91357
-3.91263
-3.91337
-3.91333
-3.91349
-3.9135
-3.9126
-3.91297
-3.91299
-3.91393
-3.91457
-3.915
-3.91677
-3.91766
-3.91789
-3.91804
-3.91814
-3.91629
-3.9153
-3.9154
-3.91393
-3.91367
-3.91372
-3.91422
-3.91502
-3.91561
-3.91655
-3.91687
-3.91831
-3.91765
-3.91716
-3.9173
-3.91734
-3.91761
-3.91783
-3.9174
-3.91664
-3.91601
-3.91461
-3.91414
-3.91311
-3.91289
-3.91244
-3.91269
-3.91226
-3.91217
-3.91147
-3.91103
-3.91009
-3.90986
-3.90989
-3.91003
-3.91043
-3.90997
-3.91058
-3.90986
-3.91046
-3.91176
-3.91253
-3.91308
-3.91316
-3.91285
-3.9128
-3.91269
-3.91218
-3.91148
-3.91152
-3.91197
-3.91203
-3.91227
-3.91249
-3.91252
-3.91219
-3.91228
-3.91182
-3.91178
-3.91315
-3.49666
-3.49749
-3.49718
-3.49773
-3.4975
-3.49742
-3.49818
-3.49854
-3.49855
-3.498
-3.49758
-3.49708
-3.49732
-3.49638
-3.49685
-3.49749
-3.49872
-3.49913
-3.4994
-3.50038
-3.5013
-3.5016
-3.50092
-3.50084
-3.49996
-3.49904
-3.49788
-3.49659
-3.49538
-3.49662
-3.49657
-3.49747
-3.49894
-3.49902
-3.49996
-3.49914
-3.50069
-3.50024
-3.49975
-3.50034
-3.50027
-3.49996
-3.49825
-3.49772
-3.49734
-3.49663
-3.49731
-3.49645
-3.49604
-3.49451
-3.49479
-3.49437
-3.4946
-3.4947
-3.49448
-3.49482
-3.49618
-3.49819
-3.49817
-3.4984
-3.49865
-3.49836
-3.4988
-3.49841
-3.4979
-3.4963
-3.49449
-3.4935
-3.49372
-3.4939
-3.49345
-3.49337
-3.49546
-3.49604
-3.49688
-3.4965
-3.49682
-3.49788
-3.4985
-3.4985
-3.49788
-3.4979
-3.49767
-3.49754
-3.49842
-3.49947
-3.49928
-3.49973
-3.49837
-3.49811
-3.49799
-3.49739
-3.49682
-3.49639
-3.4967
-3.49896
-3.49967
-3.50013
-3.50039
-3.49972
-3.5004
-3.49992
-3.49984
-3.49955
-3.50016
-3.49955
-3.49895
-3.49885
-3.49975
-3.50129
-3.50268
-3.50414
-3.50387
-3.50246
-3.50286
-3.50263
-3.50278
-3.50339
-3.50477
-3.50519
-3.50561
-3.50558
-3.50499
-3.50519
-3.50395
-3.50378
-3.50322
-3.50234
-3.50102
-3.49961
-3.49874
-3.49762
-3.49618
-3.49633
-3.49607
-3.49604
-3.49468
-3.49351
-3.49332
-3.49417
-3.49404
-3.4948
-3.49626
-3.49634
-3.49714
-3.49778
-3.4986
-3.49913
-3.49925
-3.50029
-3.50023
-3.50181
-3.5019
-3.50193
-3.50224
-3.5022
-3.50165
-3.50192
-3.50166
-3.5023
-3.50158
-3.50059
-3.50115
-3.50115
-3.50141
-3.50226
-3.50262
-3.50175
-3.50212
-3.50295
-3.50462
-3.50529
-3.50654
-3.50722
-3.50687
-3.50702
-3.50691
-3.50672
-3.50679
-3.50662
-3.50605
-3.50543
-3.50468
-3.50304
-3.50173
-3.50139
-3.50193
-3.50185
-3.50232
-3.50225
-3.50252
-3.50356
-3.50403
-3.50449
-3.50443
-3.50463
-3.50391
-3.50259
-3.50143
-3.50077
-3.49969
-3.49961
-3.49991
-3.49997
-3.49854
-3.49877
-3.4987
-3.49951
-3.49902
-3.49973
-3.50065
-3.50084
-3.50058
-3.50051
-3.5005
-3.50073
-3.50012
-3.50016
-3.49997
-3.49869
-3.49896
-3.49828
-3.49744
-3.4981
-3.49734
-3.49809
-3.49878
-3.49864
-3.49807
-3.49862
-3.49916
-3.50117
-3.50205
-3.50155
-3.50108
-3.50009
-3.49954
-3.49867
-3.49821
-3.49896
-3.49968
-3.49862
-3.5002
-3.50092
-3.5011
-3.50294
-3.50413
-3.50373
-3.50281
-3.50183
-3.50201
-3.50222
-3.50129
-3.50031
-3.49872
-3.49806
-3.49676
-3.49729
-3.49682
-3.49681
-3.49587
-3.49493
-3.4948
-3.49424
-3.49478
-3.49533
-3.49606
-3.49733
-3.49811
-3.49868
-3.4998
-3.50057
-3.50153
-3.50153
-3.50253
-3.50219
-3.50152
-3.50082
-3.50001
-3.50082
-3.5011
-3.50022
-3.49996
-3.49829
-3.49703
-3.4969
-3.497
-3.49809
-3.49885
-3.49858
-3.49823
-3.49668
-3.49648
-3.49565
-3.49503
-3.49514
-3.49537
-3.49689
-3.49733
-3.49715
-3.49792
-3.49783
-3.4991
-3.49951
-3.49988
-3.50032
-3.49953
-3.49918
-3.49788
-3.49788
-3.49703
-3.49742
-3.49746
-3.49876
-3.49957
-3.49985
-3.50105
-3.50221
-3.50239
-3.50224
-3.50133
-3.50159
-3.50225
-3.50175
-3.50116
-3.50106
-3.50077
-3.50053
-3.50022
-3.50128
-3.50133
-3.4994
-3.49842
-3.49858
-3.49801
-3.49758
-3.49641
-3.49607
-3.49471
-3.49592
-3.49694
-3.49825
-3.49823
-3.49871
-3.49982
-3.50015
-3.49967
-3.49967
-3.50066
-3.50098
-3.50145
-3.50197
-3.50181
-3.50224
-3.50183
-3.50203
-3.502
-3.50257
-3.50283
-3.50144
-3.50164
-3.50142
-3.50086
-3.49978
-3.49931
-3.49766
-3.49809
-3.49955
-3.50029
-3.5003
-3.50066
-3.50019
-3.50052
-3.49981
-3.49999
-3.5003
-3.49947
-3.49909
-3.50046
-3.50106
-3.50164
-3.50071
-3.50013
-3.49984
-3.49881
-3.49835
-3.49874
-3.49876
-3.49798
-3.49779
-3.49848
-3.49932
-3.49922
-3.49945
-3.49901
-3.4986
-3.49787
-3.49735
-3.49771
-3.49762
-3.49703
-3.49722
-3.49703
-3.49688
-3.49727
-3.49694
-3.49721
-3.49755
-3.49746
-3.4971
-3.49736
-3.49795
-3.49809
-3.49781
-3.49753
-3.49725
-3.49635
-3.49514
-3.4944
-3.49484
-3.49634
-3.49809
-3.49987
-3.49908
-3.49925
-3.49946
-3.49997
-3.49872
-3.49893
-3.49929
-3.49882
-3.49776
-3.49885
-3.49828
-3.49772
-3.49978
-3.49938
-3.49971
-3.49924
-3.49901
-3.49853
-3.49916
-3.499
-3.49851
-3.49862
-3.49839
-3.49843
-3.49896
-3.4981
-3.49882
-3.49981
-3.49897
-3.49896
-3.49882
-3.49745
-3.49784
-3.49832
-3.4989
-3.49834
-3.49747
-3.49732
-3.49683
-3.49684
-3.49739
-3.49778
-3.49747
-3.49908
-3.49908
-3.4999
-3.49988
-3.49963
-3.50058
-3.50123
-3.50188
-3.50335
-3.50363
-3.50357
-3.50246
-3.50164
-3.50108
-3.50077
-3.50136
-3.50094
-3.50123
-3.50152
-3.50118
-3.50105
-3.50053
-3.50108
-3.4999
-3.49797
-3.49717
-3.49694
-3.49709
-3.49797
-3.49831
-3.49946
-3.50027
-3.50147
-3.50194
-3.50315
-3.50272
-3.50279
-3.50209
-3.50094
-3.50113
-3.49977
-3.49814
-3.49734
-3.49808
-3.49878
-3.49892
-3.4983
-3.49961
-3.49973
-3.50056
-3.50113
-3.50187
-3.50094
-3.50037
-3.50049
-3.49966
-3.4992
-3.4985
-3.49756
-3.49711
-3.49678
-3.49668
-3.49683
-3.49783
-3.49858
-3.49898
-3.49876
-3.4998
-3.50173
-3.50171
-3.5029
-3.50342
-3.50415
-3.50358
-3.50416
-3.50289
-3.50262
-3.50179
-3.4998
-3.49894
-3.49805
-3.49964
-3.49959
-3.50015
-3.50149
-3.50381
-3.50473
-3.50514
-3.50456
-3.50352
-3.5027
-3.5021
-3.50177
-3.5008
-3.50081
-3.50087
-3.50068
-3.50055
-3.49961
-3.49966
-3.50015
-3.4997
-3.50011
-3.50084
-3.50156
-3.50175
-3.50179
-3.50192
-3.50193
-3.50185
-3.50128
-3.5003
-3.49916
-3.49903
-3.4994
-3.49941
-3.49856
-3.49916
-3.49975
-3.50069
-3.50014
-3.50051
-3.50046
-3.50092
-3.50058
-3.49999
-3.49986
-3.49988
-3.5007
-3.50198
-3.50313
-3.50352
-3.50359
-3.50417
-3.5041
-3.50483
-3.50353
-3.50236
-3.5013
-3.50072
-3.50064
-3.50072
-3.4999
-3.4983
-3.49873
-3.49929
-3.49995
-3.50032
-3.50027
-3.49935
-3.50081
-3.50141
-3.50213
-3.50082
-3.50096
-3.50096
-3.4999
-3.49834
-3.49777
-3.4979
-3.49909
-3.50085
-3.50199
-3.50405
-3.50512
-3.50514
-3.5056
-3.50478
-3.50368
-3.50342
-3.50242
-3.50156
-3.50112
-3.50134
-3.50235
-3.50386
-3.50474
-3.50435
-3.50279
-3.50278
-3.50217
-3.50191
-3.50113
-3.50103
-3.50075
-3.49886
-3.49807
-3.49801
-3.4981
-3.4986
-3.49971
-3.50133
-3.50171
-3.50143
-3.50195
-3.50156
-3.50202
-3.50163
-3.50145
-3.49999
-3.49959
-3.49938
-3.49886
-3.49795
-3.49781
-3.49698
-3.49743
-3.49761
-3.49628
-3.49764
-3.49808
-3.49814
-3.4986
-3.49888
-3.49903
-3.49907
-3.4973
-3.49765
-3.49664
-3.49662
-3.49652
-3.497
-3.49752
-3.49756
-3.49865
-3.50025
-3.50045
-3.50182
-3.50294
-3.50307
-3.50283
-3.50256
-3.50122
-3.50133
-3.49999
-3.49953
-3.49901
-3.499
-3.49804
-3.49761
-3.49757
-3.49721
-3.49682
-3.49735
-3.49923
-3.49973
-3.50077
-3.50101
-3.50078
-3.49985
-3.4997
-3.49873
-3.50068
-3.5011
-3.50098
-3.50186
-3.50235
-3.50341
-3.50373
-3.50309
-3.50226
-3.50165
-3.50045
-3.49973
-3.49875
-3.49786
-3.49703
-3.49688
-3.49647
-3.49611
-3.49732
-3.49604
-3.49658
-3.49626
-3.49675
-3.49693
-3.49809
-3.49966
-3.50149
-3.50083
-3.49974
-3.49985
-3.49964
-3.50087
-3.50065
-3.50193
-3.5023
-3.50353
-3.50391
-3.50391
-3.50394
-3.50346
-3.50213
-3.50073
-3.49995
-3.49929
-3.49832
-3.4984
-3.49803
-3.49793
-3.49763
-3.49875
-3.49899
-3.49881
-3.49871
-3.49976
-3.49987
-3.49998
-3.50071
-3.50029
-3.50128
-3.5005
-3.50077
-3.50045
-3.50085
-3.50032
-3.50001
-3.49979
-3.50019
-3.49956
-3.49819
-3.497
-3.49563
-3.49543
-3.49594
-3.49635
-3.49681
-3.49875
-3.50023
-3.50129
-3.502
-3.50228
-3.50264
-3.50359
-3.50358
-3.50296
-3.50247
-3.50288
-3.50202
-3.50083
-3.5015
-3.50209
-3.50146
-3.49996
-3.49837
-3.49674
-3.49629
-3.49628
-3.49716
-3.49764
-3.49825
-3.49888
-3.49912
-3.49941
-3.49949
-3.50021
-3.5016
-3.50193
-3.50289
-3.50253
-3.50363
-3.50446
-3.50346
-3.50262
-3.502
-3.50161
-3.50054
-3.49987
-3.50018
-3.49943
-3.49912
-3.50053
-3.49947
-3.50001
-3.49951
-3.4996
-3.49957
-3.49972
-3.49928
-3.49923
-3.49962
-3.50018
-3.50117
-3.50091
-3.5017
-3.50111
-3.5012
-3.50088
-3.5009
-3.50046
-3.50041
-3.50029
-3.50021
-3.49972
-3.501
-3.50236
-3.50331
-3.50254
-3.50331
-3.50323
-3.50339
-3.50282
-3.50203
-3.50171
-3.50177
-3.50104
-3.50135
-3.50194
-3.50217
-3.50212
-3.50217
-3.50158
-3.50133
-3.50018
-3.49882
-3.49736
-3.49705
-3.4958
-3.49555
-3.49659
-3.49811
-3.49761
-3.49794
-3.49771
-3.49652
-3.49648
-3.49683
-3.49754
-3.4972
-3.49853
-3.49873
-3.49956
-3.49976
-3.49995
-3.50029
-3.49981
-3.49842
-3.49889
-3.49842
-3.49766
-3.49669
-3.4969
-3.49705
-3.49648
-3.49695
-3.49682
-3.49738
-3.49755
-3.49828
-3.49933
-3.50115
-3.5007
-3.50123
-3.5011
-3.5005
-3.49992
-3.50019
-3.49893
-3.49908
-3.49979
-3.50065
-3.50031
-3.50084
-3.50124
-3.50108
-3.50043
-3.5004
-3.50026
-3.49874
-3.49705
-3.49707
-3.49686
-3.49724
-3.49888
-3.50008
-3.50086
-3.50162
-3.50266
-3.50293
-3.5041
-3.50549
-3.50627
-3.50729
-3.50687
-3.5061
-3.50605
-3.50555
-3.50537
-3.50448
-3.50432
-3.50344
-3.50298
-3.50267
-3.50273
-3.50232
-3.50167
-3.50191
-3.50216
-3.50172
-3.5028
-3.50172
-3.50131
-3.50095
-3.50062
-3.49928
-3.49893
-3.49965
-3.4986
-3.49824
-3.49891
-3.49808
-3.49837
-3.49802
-3.49838
-3.49968
-3.5013
-3.50188
-3.5022
-3.50119
-3.50147
-3.50116
-3.50046
-3.50105
-3.50153
-3.50144
-3.50016
-3.50078
-3.49872
-3.498
-3.49844
-3.49812
-3.49841
-3.49927
-3.49999
-3.33064
-3.33115
-3.33206
-3.33247
-3.33276
-3.33321
-3.33258
-3.3338
-3.33396
-3.33505
-3.33495
-3.33419
-3.33274
-3.33191
-3.33365
-3.33485
-3.33601
-3.33776
-3.33749
-3.3362
-3.33497
-3.33355
-3.33297
-3.33352
-3.33351
-3.3341
-3.33369
-3.33387
-3.3332
-3.33176
-3.33148
-3.33295
-3.33398
-3.3346
-3.33621
-3.33688
-3.33687
-3.3378
-3.33724
-3.33744
-3.33682
-3.3371
-3.33593
-3.33427
-3.33399
-3.33317
-3.33182
-3.33054
-3.32929
-3.32805
-3.3285
-3.32696
-3.32656
-3.32689
-3.32732
-3.32818
-3.32974
-3.33112
-3.3318
-3.33162
-3.33048
-3.33089
-3.32981
-3.32898
-3.32909
-3.32933
-3.33064
-3.33044
-3.33078
-3.33112
-3.33039
-3.33028
-3.32923
-3.32858
-3.32944
-3.32986
-3.33016
-3.33031
-3.33079
-3.33172
-3.33176
-3.33236
-3.33155
-3.33216
-3.33243
-3.33233
-3.3318
-3.33121
-3.33116
-3.33069
-3.32972
-3.32957
-3.32734
-3.32771
-3.32835
-3.32833
-3.32947
-3.32995
-3.32981
-3.33001
-3.33124
-3.33191
-3.3311
-3.33176
-3.33234
-3.33112
-3.32964
-3.33011
-3.33036
-3.32948
-3.32918
-3.32897
-3.32807
-3.32806
-3.32803
-3.32834
-3.32893
-3.32918
-3.32959
-3.32874
-3.32903
-3.32926
-3.32919
-3.32981
-3.33027
-3.33076
-3.33108
-3.33002
-3.32919
-3.32839
-3.32754
-3.32862
-3.32917
-3.32845
-3.32722
-3.32745
-3.32688
-3.32677
-3.32696
-3.32632
-3.32563
-3.32649
-3.32819
-3.32938
-3.33079
-3.33209
-3.33237
-3.33124
-3.33053
-3.32973
-3.32823
-3.3268
-3.32557
-3.32477
-3.32349
-3.32314
-3.3238
-3.32395
-3.32411
-3.32467
-3.32633
-3.32783
-3.32926
-3.33022
-3.33062
-3.33001
-3.32952
-3.32887
-3.32762
-3.32801
-3.32772
-3.32815
-3.32865
-3.32839
-3.32908
-3.32873
-3.32874
-3.32993
-3.33049
-3.33082
-3.33155
-3.33243
-3.33184
-3.33066
-3.33102
-3.33042
-3.32934
-3.32795
-3.32765
-3.32613
-3.32471
-3.3246
-3.32606
-3.32588
-3.3279
-3.32902
-3.32913
-3.32982
-3.32914
-3.32957
-3.33058
-3.33017
-3.33079
-3.33036
-3.33089
-3.33213
-3.33334
-3.33371
-3.33287
-3.33251
-3.33253
-3.33216
-3.33233
-3.33198
-3.33191
-3.33056
-3.32953
-3.32951
-3.3285
-3.32822
-3.32757
-3.32805
-3.3282
-3.32796
-3.32876
-3.3291
-3.32933
-3.32962
-3.32968
-3.331
-3.33254
-3.33247
-3.33233
-3.33266
-3.33222
-3.33324
-3.33273
-3.33249
-3.33176
-3.33129
-3.33155
-3.33182
-3.33049
-3.33031
-3.33012
-3.32963
-3.32799
-3.32852
-3.32857
-3.32981
-3.32874
-3.32839
-3.32773
-3.32609
-3.32414
-3.32405
-3.32506
-3.3255
-3.3267
-3.32752
-3.3279
-3.32835
-3.32864
-3.33008
-3.33077
-3.33024
-3.33083
-3.33056
-3.33021
-3.32961
-3.32812
-3.32655
-3.32544
-3.32489
-3.32444
-3.32464
-3.32492
-3.32614
-3.32811
-3.32933
-3.33015
-3.33107
-3.33228
-3.33204
-3.33184
-3.33118
-3.33098
-3.33095
-3.33084
-3.33048
-3.32999
-3.331
-3.33153
-3.33205
-3.33228
-3.33228
-3.33047
-3.32936
-3.32805
-3.32741
-3.32635
-3.32647
-3.32688
-3.32732
-3.32938
-3.33044
-3.33159
-3.33121
-3.33121
-3.33207
-3.33145
-3.3317
-3.33194
-3.33321
-3.33306
-3.33254
-3.3326
-3.33253
-3.33131
-3.33179
-3.33138
-3.33096
-3.33054
-3.33029
-3.33008
-3.32992
-3.33008
-3.32996
-3.33032
-3.33006
-3.32931
-3.3303
-3.33035
-3.33017
-3.33018
-3.33043
-3.33164
-3.33333
-3.33362
-3.33298
-3.33241
-3.33274
-3.33203
-3.33114
-3.33122
-3.33087
-3.331
-3.33041
-3.32974
-3.33037
-3.32935
-3.32987
-3.3317
-3.33228
-3.33413
-3.33438
-3.33501
-3.33509
-3.33499
-3.33473
-3.33267
-3.33139
-3.33175
-3.33118
-3.33207
-3.33301
-3.33378
-3.33464
-3.33579
-3.33547
-3.33587
-3.33538
-3.33473
-3.33411
-3.33395
-3.33202
-3.33079
-3.33103
-3.33073
-3.33017
-3.33183
-3.33099
-3.33139
-3.33224
-3.33245
-3.33242
-3.33144
-3.33136
-3.3312
-3.33113
-3.32895
-3.32873
-3.32825
-3.32843
-3.32777
-3.32797
-3.32885
-3.32944
-3.3299
-3.32914
-3.33037
-3.33121
-3.33274
-3.33201
-3.33229
-3.33344
-3.33353
-3.33256
-3.3311
-3.33061
-3.3312
-3.3318
-3.33104
-3.33114
-3.33245
-3.33285
-3.3332
-3.33432
-3.33408
-3.33323
-3.33393
-3.33257
-3.33201
-3.33121
-3.33095
-3.33209
-3.33322
-3.33379
-3.33504
-3.33419
-3.33367
-3.334
-3.33295
-3.33201
-3.33176
-3.33193
-3.3329
-3.33264
-3.33245
-3.33239
-3.3331
-3.33222
-3.33192
-3.33066
-3.33
-3.33062
-3.33108
-3.33056
-3.33113
-3.3339
-3.3346
-3.33521
-3.33614
-3.33681
-3.3364
-3.33578
-3.33603
-3.33571
-3.33481
-3.33454
-3.33389
-3.33287
-3.33183
-3.33102
-3.33091
-3.33047
-3.33086
-3.33073
-3.33
-3.32931
-3.32968
-3.32803
-3.32666
-3.3263
-3.32638
-3.32457
-3.32538
-3.32452
-3.32499
-3.32546
-3.32698
-3.32764
-3.32867
-3.32947
-3.32963
-3.33092
-3.33065
-3.33088
-3.33056
-3.32984
-3.32949
-3.32954
-3.33066
-3.33082
-3.33045
-3.32968
-3.32892
-3.3284
-3.32945
-3.33013
-3.33129
-3.33211
-3.33037
-3.33065
-3.32993
-3.32947
-3.32953
-3.33002
-3.3304
-3.32936
-3.3292
-3.32897
-3.32895
-3.33036
-3.32906
-3.32929
-3.32924
-3.32974
-3.32908
-3.32822
-3.3278
-3.32781
-3.32887
-3.32998
-3.33041
-3.33013
-3.33131
-3.33124
-3.33161
-3.33167
-3.33053
-3.32996
-3.32883
-3.32725
-3.32661
-3.32724
-3.32851
-3.32991
-3.33159
-3.33246
-3.33314
-3.3326
-3.33327
-3.33253
-3.33205
-3.33185
-3.33069
-3.32924
-3.32868
-3.32765
-3.32768
-3.3275
-3.32875
-3.33017
-3.33072
-3.33016
-3.33002
-3.3298
-3.33012
-3.32946
-3.33088
-3.33108
-3.33096
-3.33144
-3.33238
-3.33183
-3.33191
-3.33132
-3.33144
-3.33091
-3.33134
-3.33258
-3.33347
-3.33397
-3.33462
-3.33576
-3.33587
-3.33588
-3.33376
-3.33426
-3.33336
-3.33326
-3.33203
-3.33009
-3.32952
-3.3304
-3.3303
-3.32865
-3.32802
-3.32778
-3.32722
-3.32459
-3.32444
-3.32555
-3.32742
-3.32824
-3.32948
-3.32964
-3.33009
-3.33085
-3.33119
-3.33043
-3.3305
-3.33083
-3.33005
-3.33027
-3.33027
-3.32944
-3.32907
-3.32966
-3.32938
-3.32875
-3.32802
-3.32715
-3.32767
-3.32732
-3.32837
-3.32895
-3.32854
-3.32815
-3.32855
-3.32637
-3.32711
-3.3267
-3.32652
-3.32634
-3.32626
-3.32546
-3.32636
-3.32615
-3.32684
-3.32789
-3.3286
-3.32857
-3.32923
-3.32965
-3.32942
-3.32915
-3.32869
-3.32946
-3.32836
-3.3293
-3.32846
-3.32842
-3.3291
-3.32934
-3.33176
-3.33142
-3.33182
-3.33111
-3.33083
-3.32984
-3.32805
-3.32717
-3.32703
-3.32801
-3.32963
-3.33028
-3.33009
-3.32928
-3.3292
-3.32894
-3.32922
-3.32866
-3.32929
-3.33055
-3.3314
-3.33019
-3.32964
-3.3289
-3.32722
-3.32632
-3.32441
-3.32451
-3.32319
-3.32276
-3.3229
-3.32493
-3.32603
-3.32793
-3.3314
-3.33304
-3.3336
-3.33346
-3.33409
-3.33437
-3.33463
-3.33356
-3.33242
-3.33141
-3.3303
-3.3305
-3.3295
-3.32878
-3.3289
-3.32901
-3.32934
-3.32878
-3.32735
-3.32683
-3.32651
-3.32657
-3.32683
-3.32801
-3.32941
-3.33054
-3.33137
-3.33054
-3.33028
-3.32943
-3.32829
-3.32642
-3.32681
-3.3276
-3.32865
-3.33059
-3.33097
-3.33179
-3.33176
-3.33271
-3.3322
-3.33126
-3.33033
-3.32906
-3.32803
-3.32824
-3.3292
-3.32932
-3.33031
-3.33112
-3.33211
-3.33298
-3.3322
-3.33017
-3.33022
-3.32947
-3.32932
-3.32853
-3.32801
-3.32841
-3.32741
-3.32645
-3.3257
-3.3265
-3.32578
-3.32632
-3.32626
-3.3263
-3.32746
-3.32854
-3.32742
-3.32821
-3.32734
-3.32663
-3.32657
-3.32689
-3.32792
-3.32779
-3.32837
-3.3293
-3.32962
-3.32837
-3.32898
-3.32798
-3.32867
-3.32906
-3.33076
-3.33093
-3.33148
-3.33178
-3.3311
-3.33083
-3.32971
-3.33005
-3.32926
-3.32903
-3.32835
-3.32776
-3.32805
-3.32824
-3.32936
-3.32963
-3.32821
-3.32728
-3.3275
-3.32771
-3.32686
-3.32746
-3.32802
-3.32829
-3.32857
-3.32771
-3.32728
-3.327
-3.32685
-3.32606
-3.3265
-3.32616
-3.32677
-3.32737
-3.3274
-3.32704
-3.3276
-3.32685
-3.32769
-3.32776
-3.32736
-3.32737
-3.32763
-3.32649
-3.32611
-3.32571
-3.32612
-3.32722
-3.32839
-3.32835
-3.32784
-3.32793
-3.32737
-3.32708
-3.32612
-3.32494
-3.32616
-3.32703
-3.32737
-3.327
-3.32735
-3.32777
-3.32842
-3.32834
-3.32787
-3.32876
-3.32967
-3.32987
-3.33064
-3.33087
-3.3308
-3.33173
-3.33115
-3.32992
-3.32867
-3.32726
-3.32628
-3.32572
-3.32479
-3.32627
-3.32741
-3.32911
-3.33077
-3.3325
-3.33379
-3.33411
-3.3346
-3.33371
-3.3335
-3.33229
-3.33152
-3.33184
-3.33185
-3.33206
-3.33179
-3.33096
-3.3315
-3.33134
-3.33238
-3.33203
-3.33192
-3.33208
-3.33205
-3.33375
-3.33359
-3.33388
-3.33271
-3.3323
-3.33248
-3.33167
-3.33182
-3.33075
-3.33091
-3.33168
-3.33181
-3.33293
-3.33315
-3.33264
-3.33366
-3.33456
-3.33485
-3.33427
-3.33336
-3.33368
-3.33312
-3.33471
-3.33503
-3.33457
-3.33421
-3.33221
-3.33174
-3.33225
-3.33244
-3.33216
-3.33232
-3.33132
-3.33124
-3.33008
-3.33014
-3.32924
-3.32888
-3.32829
-3.32909
-3.32801
-3.32646
-3.32642
-3.32637
-3.32714
-3.32802
-3.32735
-3.32848
-3.3279
-3.32961
-3.33008
-3.33193
-3.33152
-3.3316
-3.33113
-3.33003
-3.33029
-3.3286
-3.32834
-3.32749
-3.32746
-3.32738
-3.32787
-3.32881
-3.33008
-3.33127
-3.33199
-3.33306
-3.33295
-3.33289
-3.33216
-3.33245
-3.3317
-3.331
-3.3317
-3.33058
-3.3306
-3.33029
-3.32977
-3.32937
-3.32828
-3.32709
-3.32726
-3.32778
-3.32753
-3.32962
-3.32976
-3.33019
-3.33044
-3.32922
-3.32832
-3.32845
-3.3289
-3.3289
-3.32826
-3.32682
-3.32729
-3.32656
-3.32637
-3.32616
-3.32536
-3.32559
-3.32529
-3.32669
-3.32611
-3.32568
-3.32712
-3.32775
-3.32839
-3.32976
-3.33036
-3.33084
-3.33138
-3.33047
-3.32889
-3.3288
-3.32768
-3.3268
-3.32576
-3.3249
-3.32458
-3.32575
-3.32584
-3.32528
-3.32526
-3.32605
-3.32599
-3.32556
-3.32569
-3.32563
-3.32699
-3.28748
-3.28843
-3.28796
-3.2889
-3.28908
-3.28938
-3.2903
-3.29122
-3.29192
-3.29217
-3.29241
-3.29291
-3.29439
-3.29348
-3.29391
-3.29321
-3.29254
-3.29138
-3.2917
-3.29112
-3.29082
-3.29149
-3.29176
-3.29124
-3.29159
-3.29184
-3.29443
-3.29496
-3.29453
-3.29409
-3.29318
-3.29211
-3.29066
-3.29029
-3.28962
-3.28927
-3.28832
-3.28991
-3.29047
-3.29113
-3.29364
-3.29595
-3.29662
-3.29581
-3.29443
-3.29515
-3.29452
-3.29391
-3.29432
-3.29369
-3.29312
-3.29399
-3.29424
-3.29386
-3.29439
-3.29523
-3.29589
-3.29566
-3.29545
-3.29537
-3.29435
-3.29355
-3.29451
-3.29469
-3.29388
-3.29458
-3.29476
-3.29509
-3.29478
-3.29264
-3.29215
-3.29081
-3.2903
-3.28961
-3.28891
-3.28857
-3.28726
-3.28702
-3.28695
-3.28691
-3.28813
-3.2877
-3.28832
-3.28832
-3.28857
-3.28966
-3.29074
-3.29211
-3.29227
-3.29264
-3.29087
-3.28985
-3.28775
-3.28754
-3.28851
-3.28837
-3.28782
-3.28693
-3.28596
-3.28477
-3.28402
-3.28297
-3.28311
-3.28321
-3.2838
-3.28498
-3.28589
-3.28657
-3.28764
-3.2865
-3.28816
-3.2896
-3.29076
-3.29175
-3.29203
-3.29212
-3.29106
-3.28978
-3.2884
-3.28779
-3.28826
-3.28748
-3.28794
-3.28884
-3.28974
-3.29005
-3.29064
-3.29048
-3.29045
-3.29057
-3.29214
-3.29219
-3.29079
-3.29059
-3.28851
-3.28676
-3.28709
-3.28719
-3.28798
-3.28973
-3.29086
-3.29178
-3.29221
-3.29141
-3.29015
-3.28942
-3.28987
-3.28882
-3.28955
-3.28934
-3.28971
-3.29089
-3.29105
-3.29204
-3.29294
-3.29371
-3.29324
-3.2938
-3.29259
-3.29273
-3.29076
-3.29044
-3.29009
-3.29112
-3.29313
-3.29482
-3.29651
-3.29585
-3.2961
-3.29653
-3.29693
-3.29715
-3.29462
-3.29366
-3.29291
-3.29216
-3.29166
-3.29096
-3.28955
-3.28801
-3.288
-3.28808
-3.28849
-3.29012
-3.29055
-3.29148
-3.29247
-3.29251
-3.29248
-3.29245
-3.29232
-3.29216
-3.29187
-3.28967
-3.28899
-3.289
-3.28964
-3.29021
-3.29101
-3.29204
-3.29207
-3.29093
-3.28999
-3.28999
-3.28924
-3.28826
-3.28815
-3.28806
-3.28881
-3.28832
-3.28914
-3.29003
-3.28987
-3.2899
-3.28908
-3.28854
-3.28743
-3.28634
-3.28617
-3.28577
-3.28531
-3.28547
-3.28535
-3.28662
-3.28688
-3.2871
-3.28727
-3.28762
-3.28828
-3.28916
-3.28951
-3.28995
-3.28931
-3.28941
-3.28962
-3.28991
-3.28876
-3.28885
-3.28878
-3.28829
-3.28807
-3.28655
-3.28576
-3.28588
-3.28648
-3.28574
-3.28591
-3.28581
-3.28627
-3.28666
-3.28659
-3.28625
-3.28649
-3.28554
-3.28629
-3.28586
-3.286
-3.28711
-3.28859
-3.28886
-3.28897
-3.28898
-3.28925
-3.28735
-3.28818
-3.28776
-3.28684
-3.28627
-3.28676
-3.28777
-3.28802
-3.28715
-3.28766
-3.28807
-3.28847
-3.28777
-3.28866
-3.28846
-3.28844
-3.28785
-3.28876
-3.28965
-3.28951
-3.29022
-3.29199
-3.29046
-3.2905
-3.29048
-3.29062
-3.29049
-3.28939
-3.28883
-3.28866
-3.2882
-3.28816
-3.28807
-3.28764
-3.28757
-3.28617
-3.28553
-3.28622
-3.28584
-3.28612
-3.28579
-3.28746
-3.28939
-3.28868
-3.28729
-3.28766
-3.28732
-3.28782
-3.28783
-3.28824
-3.2896
-3.2899
-3.29014
-3.2904
-3.29006
-3.28973
-3.28941
-3.28941
-3.28945
-3.28915
-3.2874
-3.28744
-3.28702
-3.28774
-3.28724
-3.28668
-3.28668
-3.28699
-3.28721
-3.28723
-3.28687
-3.28779
-3.2882
-3.28994
-3.2897
-3.29111
-3.29123
-3.29146
-3.2909
-3.29029
-3.29079
-3.29097
-3.2901
-3.2894
-3.28911
-3.28836
-3.28775
-3.28777
-3.2866
-3.28696
-3.28651
-3.28787
-3.28757
-3.28822
-3.28922
-3.2884
-3.28865
-3.28994
-3.28977
-3.28933
-3.28947
-3.28919
-3.28988
-3.29115
-3.29108
-3.29238
-3.2919
-3.29107
-3.29209
-3.29241
-3.29251
-3.29404
-3.29355
-3.29363
-3.29423
-3.29396
-3.29277
-3.29253
-3.2926
-3.2916
-3.29096
-3.29143
-3.29216
-3.29309
-3.29416
-3.29506
-3.29512
-3.29456
-3.29465
-3.29353
-3.29381
-3.29345
-3.2929
-3.2921
-3.29202
-3.29211
-3.29173
-3.2918
-3.29158
-3.29143
-3.29104
-3.29169
-3.29166
-3.2922
-3.2935
-3.29471
-3.2956
-3.29563
-3.29571
-3.29559
-3.29472
-3.29433
-3.29384
-3.29253
-3.29209
-3.29164
-3.29199
-3.29288
-3.29344
-3.29564
-3.29567
-3.29498
-3.29545
-3.29506
-3.29503
-3.29497
-3.29466
-3.29396
-3.29498
-3.29485
-3.29434
-3.29439
-3.29429
-3.29466
-3.29399
-3.29412
-3.29453
-3.29431
-3.29556
-3.29562
-3.29605
-3.29604
-3.29688
-3.29674
-3.29641
-3.29491
-3.29431
-3.29368
-3.29332
-3.29163
-3.29199
-3.29196
-3.29182
-3.29333
-3.29433
-3.29514
-3.2958
-3.29623
-3.29633
-3.29574
-3.29575
-3.29563
-3.29475
-3.29468
-3.29506
-3.29358
-3.29165
-3.29044
-3.28904
-3.28817
-3.2882
-3.28795
-3.28924
-3.29013
-3.2924
-3.29288
-3.29442
-3.29383
-3.29433
-3.29484
-3.2939
-3.29382
-3.29438
-3.29494
-3.2944
-3.29468
-3.29335
-3.29131
-3.29038
-3.28979
-3.28938
-3.29015
-3.29069
-3.29046
-3.29093
-3.29243
-3.29194
-3.29083
-3.29011
-3.28898
-3.28789
-3.2869
-3.28668
-3.28767
-3.28931
-3.28997
-3.29086
-3.29049
-3.29141
-3.29228
-3.29319
-3.2937
-3.29471
-3.29478
-3.295
-3.29392
-3.2936
-3.29248
-3.29225
-3.29135
-3.28971
-3.28834
-3.28934
-3.29029
-3.29102
-3.29227
-3.29157
-3.29134
-3.29082
-3.29265
-3.29254
-3.29231
-3.29175
-3.29184
-3.29179
-3.293
-3.2932
-3.29278
-3.29252
-3.29295
-3.29216
-3.29129
-3.2901
-3.29079
-3.2901
-3.28945
-3.28869
-3.28916
-3.28971
-3.2892
-3.28874
-3.2862
-3.28626
-3.28593
-3.2861
-3.28466
-3.28426
-3.28481
-3.2852
-3.28467
-3.28693
-3.2874
-3.28673
-3.28497
-3.28414
-3.28426
-3.2852
-3.28474
-3.28377
-3.2846
-3.28477
-3.28483
-3.28475
-3.28513
-3.2852
-3.28518
-3.28582
-3.28729
-3.28769
-3.28855
-3.2887
-3.28951
-3.28986
-3.28865
-3.2875
-3.28715
-3.28705
-3.28639
-3.28538
-3.28551
-3.28511
-3.28645
-3.28678
-3.28808
-3.28861
-3.28961
-3.28975
-3.29004
-3.29009
-3.29023
-3.29031
-3.2895
-3.28957
-3.29091
-3.29098
-3.29123
-3.29169
-3.2915
-3.29114
-3.29171
-3.29169
-3.29143
-3.29059
-3.29003
-3.29029
-3.28977
-3.29016
-3.28954
-3.28986
-3.28938
-3.28949
-3.28962
-3.29035
-3.28894
-3.28777
-3.28885
-3.28912
-3.28935
-3.2898
-3.29045
-3.29198
-3.2944
-3.29719
-3.29819
-3.29807
-3.29684
-3.29597
-3.29489
-3.29382
-3.29431
-3.29446
-3.2956
-3.29618
-3.29544
-3.29453
-3.29312
-3.29289
-3.29247
-3.2927
-3.29145
-3.29067
-3.29001
-3.28998
-3.29034
-3.29147
-3.29251
-3.29441
-3.29591
-3.297
-3.29827
-3.29747
-3.29669
-3.29641
-3.29567
-3.29522
-3.29424
-3.29284
-3.29155
-3.29059
-3.29056
-3.2906
-3.29081
-3.29193
-3.29329
-3.29326
-3.29394
-3.29362
-3.29288
-3.2918
-3.29175
-3.29049
-3.29073
-3.29212
-3.29383
-3.29396
-3.29392
-3.29464
-3.29391
-3.2938
-3.29316
-3.29273
-3.29326
-3.29315
-3.29329
-3.29328
-3.29258
-3.29176
-3.29184
-3.29099
-3.29086
-3.28967
-3.28855
-3.28734
-3.28713
-3.28748
-3.28774
-3.28859
-3.28905
-3.29029
-3.29134
-3.29079
-3.29042
-3.29091
-3.29112
-3.29157
-3.29229
-3.29317
-3.29368
-3.29357
-3.29368
-3.29425
-3.29406
-3.29346
-3.29309
-3.29328
-3.29395
-3.29288
-3.29179
-3.29202
-3.29176
-3.29109
-3.29083
-3.29035
-3.28976
-3.28722
-3.28763
-3.28683
-3.28784
-3.28821
-3.28803
-3.28836
-3.28788
-3.28827
-3.28883
-3.28825
-3.28799
-3.28646
-3.28621
-3.28588
-3.2859
-3.2856
-3.28492
-3.28577
-3.28676
-3.28771
-3.28856
-3.28887
-3.29006
-3.28986
-3.2901
-3.28974
-3.28911
-3.28957
-3.28868
-3.28939
-3.28873
-3.28764
-3.28794
-3.28769
-3.28658
-3.28677
-3.28637
-3.28634
-3.28609
-3.2869
-3.28558
-3.28536
-3.28544
-3.28506
-3.28495
-3.28411
-3.28446
-3.28508
-3.28609
-3.28672
-3.28703
-3.28654
-3.28652
-3.28679
-3.28598
-3.28618
-3.28704
-3.28708
-3.28701
-3.28766
-3.28822
-3.28938
-3.28962
-3.29138
-3.29201
-3.29207
-3.29273
-3.2925
-3.29152
-3.29141
-3.29164
-3.29132
-3.29059
-3.28902
-3.28884
-3.2891
-3.2883
-3.2882
-3.28836
-3.28826
-3.28836
-3.29035
-3.29129
-3.29107
-3.29214
-3.29263
-3.29342
-3.29304
-3.29178
-3.29111
-3.28945
-3.28954
-3.28919
-3.28856
-3.29009
-3.28945
-3.29027
-3.28992
-3.2908
-3.29113
-3.29039
-3.29043
-3.29019
-3.28917
-3.28923
-3.28962
-3.29081
-3.29326
-3.29546
-3.29664
-3.29602
-3.29566
-3.2942
-3.29482
-3.29338
-3.29247
-3.29288
-3.29311
-3.29271
-3.29212
-3.29168
-3.29174
-3.29242
-3.29171
-3.29129
-3.29111
-3.29116
-3.29135
-3.28991
-3.28829
-3.28749
-3.28746
-3.28663
-3.28673
-3.28658
-3.28745
-3.28727
-3.28774
-3.28869
-3.28781
-3.28834
-3.28803
-3.28788
-3.28892
-3.28865
-3.28836
-3.28871
-3.28882
-3.28822
-3.28955
-3.28975
-3.28971
-3.29002
-3.29112
-3.28994
-3.28943
-3.28792
-3.28675
-3.28615
-3.28597
-3.28651
-3.28708
-3.28909
-3.29058
-3.2913
-3.2931
-3.29261
-3.29373
-3.29407
-3.29453
-3.29296
-3.29269
-3.29254
-3.29347
-3.29191
-3.292
-3.29096
-3.29023
-3.29032
-3.28955
-3.28951
-3.28909
-3.2896
-3.29154
-3.29182
-3.29171
-3.29193
-3.29302
-3.29245
-3.29233
-3.29218
-3.29113
-3.28976
-3.28823
-3.28842
-3.28791
-3.28948
-3.29012
-3.29099
-3.29154
-3.29315
-3.29252
-3.29264
-3.29239
-3.29184
-3.29111
-3.29102
-3.29036
-3.28969
-3.28943
-3.28951
-3.2902
-3.28997
-3.29047
-3.29062
-3.29054
-3.29082
-3.29114
-3.29106
-3.29094
-3.29119
-3.29123
-3.29181
-3.2919
-3.29246
-3.2927
-3.29318
-3.29298
-3.29219
-3.29315
-3.29403
-3.29473
-3.2952
-3.29587
-3.29499
-3.2937
-3.29209
-3.29175
-3.29188
-3.29135
-3.29299
-3.29204
-3.29093
-3.29066
-3.2899
-3.29048
-3.29069
-3.2919
-3.29424
-3.29533
-3.29627
-3.29586
-3.29498
-3.29402
-3.29275
-3.29123
-3.2911
-3.29
-3.28931
-3.28935
-3.28863
-3.28764
