0.0568198
0.0568192
0.0568181
0.0568166
0.0568147
0.0568124
0.0568096
0.0568065
0.0568029
0.0567989
0.0567945
0.0567897
0.0567841
0.0567777
0.0567709
0.0567636
0.0567544
0.0567457
0.0567356
0.0567245
0.0567139
0.056702
0.0566907
0.0566776
0.0566631
0.0566489
0.0566338
0.0566186
0.0566028
0.0565875
0.0565706
0.0565533
0.0565367
0.0565182
0.0564994
0.0564799
0.0564604
0.0564406
0.0564202
0.0563987
0.0563779
0.0563558
0.0563326
0.0563068
0.0562826
0.0562573
0.0562307
0.0562034
0.0561749
0.0561464
0.0561169
0.0560854
0.0560537
0.05602
0.0559845
0.0559484
0.0559111
0.055873
0.0558327
0.0557911
0.0557483
0.0557047
0.0556592
0.0556118
0.0555623
0.0555116
0.0554592
0.0554052
0.0553482
0.0552906
0.0552298
0.0551665
0.055102
0.0550332
0.0549618
0.0548884
0.0548128
0.0547346
0.054654
0.0545702
0.054483
0.0543925
0.0542985
0.0542025
0.0541027
0.0540016
0.0538974
0.0537905
0.0536824
0.0535734
0.053464
0.0533559
0.0532505
0.0531496
0.0530552
0.0529714
0.0529021
0.0528524
0.0528283
0.0528396
0.0528974
0.053015
0.0532084
0.0534986
0.053913
0.0544786
0.0552303
0.0562023
0.0574258
0.0589192
0.060685
0.0626824
0.0648249
0.0669717
0.0689407
0.0705432
0.0716326
0.0721455
0.0721149
0.0716581
0.0709478
0.0701706
0.069501
0.0690671
0.0689323
0.0690748
0.0693857
0.0696886
0.0697871
0.069527
0.068862
0.0678723
0.0667351
0.0656633
0.0648457
0.0644138
0.0644301
0.064895
0.0657582
0.0669331
0.0683159
0.0698051
0.0713142
0.0727886
0.0742018
0.0755519
0.0768473
0.0780965
0.0793106
0.0804999
0.0816655
0.0827757
0.083751
0.0844698
0.0847967
0.0846302
0.0839404
0.0827728
0.0812389
0.0794825
0.0776545
0.0758975
0.0743309
0.0730445
0.0720921
0.0714921
0.0712239
0.0712348
0.0714488
0.0717716
0.0721006
0.0723395
0.0724049
0.0722451
0.071839
0.0712014
0.0703736
0.069418
0.0684011
0.067388
0.0664314
0.0655665
0.0648102
0.0641585
0.0635958
0.0630967
0.0626376
0.0622013
0.0617813
0.0613789
0.0609988
0.060645
0.0603149
0.0599996
0.0596919
0.0593815
0.0590675
0.058752
0.0584447
0.0581549
0.0578902
0.0576518
0.057438
0.0572405
0.0570452
0.0568384
0.0566104
0.0563553
0.0560722
0.0557678
0.0554552
0.0551538
0.0548836
0.0546686
0.0545325
0.054497
0.054584
0.0548096
0.0551868
0.0557237
0.0564172
0.0572559
0.058215
0.0592577
0.0603392
0.0614103
0.0624335
0.0633863
0.0642737
0.0651253
0.0659893
0.0669172
0.067948
0.0690921
0.0703204
0.0715523
0.0726563
0.0734649
0.0738109
0.0735767
0.0727381
0.0713844
0.0696991
0.0679104
0.0662504
0.0649167
0.0640638
0.063801
0.0641797
0.0651659
0.0666068
0.0682007
0.0695312
0.0701949
0.069975
0.0689423
0.0674008
0.0657423
0.0643172
0.0633826
0.0631013
0.0635598
0.0647843
0.0667382
0.0693105
0.0722959
0.0753852
0.0781789
0.0802518
0.0812509
0.0809998
0.0795591
0.0771943
0.0742904
0.0712363
0.0683421
0.0658002
0.0636997
0.0620388
0.0607693
0.0598131
0.0590884
0.0585185
0.0580411
0.0576128
0.0572062
0.0568131
0.05643
0.0560613
0.0557143
0.0553949
0.0551055
0.0548488
0.0546274
0.0544421
0.0542959
0.0541965
0.0541515
0.0541772
0.0542935
0.0545292
0.0549176
0.0555012
0.0563255
0.0574338
0.0588544
0.0605812
0.0625508
0.0646185
0.0665632
0.0681316
0.0691223
0.0694722
0.0692709
0.0687172
0.0680224
0.0673519
0.0667962
0.0663836
0.0660985
0.0659005
0.065738
0.0655647
0.0653459
0.0650656
0.064722
0.0643325
0.0639239
0.0635246
0.0631581
0.0628366
0.0625534
0.0622902
0.0620152
0.0616967
0.0613151
0.0608644
0.0603576
0.059822
0.0592958
0.0588124
0.058396
0.0580634
0.0578119
0.0576322
0.0575018
0.0573988
0.0572975
0.0571806
0.0570377
0.0568658
0.0566701
0.0564594
0.056246
0.0560392
0.0558489
0.055679
0.0555311
0.0554067
0.0553051
0.055229
0.0551862
0.0551869
0.0552503
0.0553972
0.0556541
0.056054
0.0566324
0.0574288
0.0584792
0.0598162
0.0614599
0.063407
0.0656118
0.0679668
0.0702949
0.0723494
0.0738532
0.0745634
0.0743433
0.0732096
0.0713343
0.0689812
0.0664329
0.0639329
0.0616578
0.0597139
0.0581541
0.0570037
0.0562638
0.0559324
0.0560012
0.0564573
0.0572764
0.0584095
0.0597735
0.061247
0.0626844
0.063944
0.0649229
0.0655857
0.0659572
0.0660988
0.0660707
0.0659052
0.0656113
0.0651826
0.0646186
0.0639331
0.0631584
0.0623346
0.0615019
0.0606897
0.059915
0.0591831
0.0584923
0.0578349
0.057207
0.0566013
0.0560188
0.0554586
0.054923
0.0544143
0.0539342
0.0534852
0.0530688
0.052684
0.052329
0.0520058
0.0517088
0.0514396
0.0511949
0.0509751
0.0507809
0.0506113
0.0504707
0.050361
0.050286
0.0502496
0.0502568
0.0503133
0.0504234
0.0505943
0.050829
0.0511329
0.0515046
0.0519413
0.0524367
0.0529747
0.0535379
0.0540989
0.0546292
0.0551016
0.0554936
0.0557969
0.0560162
0.0561689
0.0562829
0.0563874
0.0565111
0.0566748
0.0568871
0.0571459
0.0574348
0.0577296
0.0580012
0.0582135
0.058338
0.0583522
0.058245
0.0580227
0.0577031
0.0573177
0.0569079
0.0565138
0.0561744
0.0559181
0.0557642
0.0557156
0.0557648
0.0558982
0.056098
0.0563485
0.0566433
0.0569849
0.0573822
0.0578535
0.0584094
0.0590532
0.0597768
0.060552
0.0613448
0.0621102
0.0628054
0.0633923
0.0638492
0.0641718
0.0643726
0.0644798
0.0645314
0.06456
0.0645855
0.0646098
0.0646121
0.0645512
0.0643853
0.0640878
0.0636597
0.0631281
0.0625371
0.0619336
0.0613637
0.0608599
0.0604484
0.060147
0.0599644
0.0598983
0.0599334
0.0600356
0.0601607
0.0602601
0.0602939
0.060232
0.0600584
0.0597666
0.0593512
0.0587987
0.0581025
0.0572651
0.056311
0.0552895
0.0542714
0.0533302
0.0525337
0.0519369
0.0515783
0.051484
0.0516656
0.0521259
0.0528556
0.0538368
0.0550343
0.0563991
0.0578706
0.0593775
0.0608538
0.0622473
0.0635173
0.0646398
0.0656058
0.0664192
0.0671023
0.0676933
0.0682539
0.0688561
0.0695718
0.0704507
0.0715086
0.0727183
0.0740053
0.0752642
0.0763757
0.0772366
0.0777852
0.0780185
0.0779818
0.0777572
0.0774314
0.0770704
0.0767077
0.076338
0.0759209
0.0753991
0.0747275
0.0738814
0.0728799
0.071764
0.0705816
0.0693592
0.0681003
0.0667897
0.0654132
0.0639846
0.0625392
0.0611336
0.0598302
0.0586841
0.0577302
0.0569904
0.0564717
0.0561728
0.0560847
0.0561969
0.0564961
0.0569652
0.0575814
0.0583094
0.0590977
0.0598803
0.0605719
0.0610815
0.0613252
0.0612447
0.0608244
0.0600967
0.0591267
0.0579998
0.0568004
0.0556004
0.0544526
0.0533923
0.0524402
0.051606
0.0508926
0.0502984
0.0498218
0.0494599
0.0492117
0.0490737
0.0490449
0.0491237
0.0493045
0.0495771
0.0499256
0.0503253
0.050744
0.0511447
0.05149
0.0517503
0.0519106
0.0519797
0.0519892
0.0519909
0.0520507
0.0522446
0.0526506
0.0533477
0.0544131
0.0559122
0.0578894
0.0603464
0.063217
0.0663487
0.0695057
0.0724111
0.0747876
0.076381
0.0769912
0.0765563
0.0752393
0.073435
0.0716172
0.0701817
0.0693714
0.0692936
0.0699723
0.0713814
0.0734386
0.0759411
0.0784965
0.0805096
0.0813446
0.0806529
0.0786039
0.0757742
0.0728065
0.0701512
0.0680086
0.066403
0.0652688
0.0645099
0.0640342
0.0637604
0.063622
0.0635626
0.0635306
0.0634739
0.063333
0.0630545
0.0625931
0.0619305
0.061082
0.0600953
0.0590405
0.0579962
0.0570356
0.0562165
0.0555807
0.0551617
0.0549877
0.0550866
0.0554876
0.056217
0.0572852
0.0586693
0.0602843
0.0619627
0.0634617
0.0645026
0.0648622
0.0644582
0.063385
0.0618647
0.0601623
0.0585
0.0570269
0.0558167
0.0548819
0.0542048
0.0537462
0.0534672
0.0533322
0.053314
0.0533964
0.0535784
0.0538631
0.0542576
0.0547658
0.0553808
0.0560772
0.0568148
0.0575398
0.0581964
0.0587424
0.0591613
0.0594611
0.0596674
0.0598099
0.0599183
0.0600171
0.0601311
0.060295
0.0605494
0.0609379
0.0615031
0.0622671
0.0632272
0.0643474
0.0655625
0.0667811
0.0679099
0.0688655
0.0695966
0.0700864
0.0703511
0.070426
0.0703573
0.0701973
0.0700005
0.0698132
0.0696742
0.0696
0.0695933
0.0696358
0.0697033
0.0697606
0.069772
0.0697099
0.0695484
0.0692766
0.0688993
0.068436
0.0679246
0.0674098
0.0669372
0.066546
0.0662649
0.0661096
0.066081
0.0661639
0.0663294
0.0665355
0.0667265
0.0668434
0.0668324
0.0666547
0.066293
0.0657526
0.0650547
0.0642309
0.0633097
0.0623242
0.0613072
0.060287
0.0592957
0.0583651
0.0575265
0.0568056
0.0562254
0.0558028
0.0555504
0.0554738
0.0555731
0.0558413
0.0562708
0.0568422
0.0575303
0.0583034
0.0591234
0.0599496
0.0607384
0.0614511
0.0620557
0.0625277
0.0628603
0.0630568
0.0631279
0.0630836
0.0629285
0.0626517
0.0622355
0.0616594
0.0609166
0.0600247
0.0590229
0.0579697
0.056928
0.0559535
0.0550849
0.0543424
0.0537341
0.0532513
0.0528784
0.0525967
0.0523867
0.0522301
0.0521104
0.0520181
0.051944
0.051888
0.05185
0.0518356
0.0518519
0.0519081
0.0520162
0.0521857
0.0524275
0.0527529
0.0531672
0.0536742
0.0542717
0.0549482
0.0556819
0.0564427
0.0571895
0.0578756
0.0584536
0.0588883
0.0591641
0.0592898
0.0593052
0.0592727
0.0592779
0.0594169
0.0597926
0.0605032
0.0616401
0.0632689
0.0654047
0.067975
0.0707878
0.073508
0.0756973
0.0769318
0.0769729
0.0759106
0.0741533
0.072267
0.0707634
0.0699678
0.069982
0.0706904
0.0718015
0.0729009
0.0735776
0.0735512
0.0727772
0.0714293
0.0697916
0.0681345
0.0666291
0.0653293
0.0641907
0.0631187
0.0620191
0.0608333
0.0595559
0.0582245
0.0568954
0.055626
0.0544603
0.0534264
0.0525395
0.051809
0.0512386
0.0508341
0.0506029
0.0505548
0.0507068
0.0510784
0.0516923
0.0525741
0.0537443
0.0552116
0.0569618
0.0589471
0.0610785
0.0632378
0.0653151
0.0672525
0.0690869
0.0709294
0.072906
0.075041
0.0771572
0.0788402
0.0795698
0.0789848
0.0771221
0.0743938
0.0713484
0.0684398
0.0659301
0.0639138
0.0623805
0.06127
0.0605034
0.060002
0.059689
0.0594903
0.0593364
0.0591614
0.058913
0.0585619
0.0581038
0.0575636
0.0569878
0.0564324
0.0559511
0.0555879
0.0553758
0.0553335
0.0554728
0.0558006
0.0563204
0.0570384
0.0579639
0.0591043
0.0604703
0.0620633
0.0638701
0.0658533
0.0679407
0.0700239
0.0719688
0.0736341
0.0749085
0.0757285
0.0760912
0.0760389
0.0756427
0.0749858
0.0741534
0.0732274
0.0722731
0.0713339
0.0704235
0.0695303
0.0686201
0.0676497
0.0665814
0.0653907
0.0640769
0.0626593
0.0611739
0.059665
0.0581792
0.0567535
0.0554166
0.0541906
0.0530859
0.0521055
0.0512474
0.0505064
0.0498766
0.049351
0.048923
0.0485869
0.0483388
0.0481769
0.0481002
0.0481081
0.0482059
0.0483979
0.0486932
0.0491006
0.0496311
0.0502961
0.0511023
0.0520562
0.0449601
0.0460981
0.0473054
0.0485356
0.0497291
0.0508198
0.0517478
0.0524642
0.0529473
0.0531961
0.0532391
0.0531207
0.0528924
0.0526033
0.0522972
0.0520035
0.0517437
0.0515312
0.051375
0.0512829
0.0512577
0.0513006
0.0514063
0.0515598
0.0517387
0.0519147
0.0520571
0.0521473
0.052179
0.0521663
0.0521277
0.0520897
0.0520707
0.0520768
0.0521042
0.052143
0.0521803
0.0522012
0.0521888
0.0521184
0.0519691
0.0517255
0.0513972
0.051016
0.0506414
0.0503423
0.0501899
0.0502416
0.0505304
0.0510698
0.0518538
0.0528602
0.0540557
0.0553964
0.0568259
0.0582679
0.0596229
0.060759
0.0615294
0.061799
0.0614837
0.0605828
0.0591824
0.0574298
0.05549
0.0535093
0.051597
0.0498249
0.0482384
0.0468651
0.0457194
0.0448099
0.0441423
0.0437207
0.0435469
0.0436197
0.0439348
0.0444787
0.0452264
0.0461379
0.0471506
0.0481885
0.0491654
0.0500068
0.0506572
0.0511054
0.0513787
0.0515345
0.0516395
0.0517454
0.0518698
0.0519858
0.0520262
0.0519139
0.0515906
0.0510511
0.0503474
0.0495705
0.0488218
0.0481836
0.0477041
0.0473988
0.0472553
0.0472458
0.0473341
0.0474818
0.047662
0.0478491
0.0480318
0.0482086
0.048387
0.048581
0.0488132
0.0491074
0.0494902
0.0499872
0.0506231
0.0514199
0.052398
0.0535695
0.0549331
0.0564744
0.0581554
0.0599027
0.061612
0.0631441
0.0643436
0.0650687
0.0652244
0.0647937
0.0638459
0.0625135
0.0609562
0.0593156
0.057691
0.0561355
0.0546695
0.0532853
0.0519732
0.0507271
0.0495498
0.0484505
0.0474505
0.0465723
0.0458376
0.0452659
0.0448739
0.0446729
0.0446704
0.0448697
0.0452664
0.0458485
0.0465957
0.047473
0.0484307
0.0494117
0.0503512
0.0511913
0.0518913
0.0524445
0.0528757
0.0532373
0.0535921
0.0539837
0.0544068
0.0547959
0.0550255
0.0549534
0.0544829
0.0536113
0.0524396
0.0511254
0.0498316
0.0486811
0.0477472
0.0470604
0.0466252
0.046437
0.0464871
0.0467738
0.047291
0.0480313
0.0489697
0.0500645
0.0512501
0.0524462
0.0535784
0.0545962
0.0554927
0.056308
0.0571044
0.0579386
0.0588351
0.0597704
0.0606797
0.0614691
0.0620466
0.0623334
0.0622789
0.0618607
0.0610705
0.0599162
0.0584264
0.0566554
0.0546883
0.0526302
0.0505914
0.0486694
0.0469391
0.0454493
0.0442227
0.0432634
0.0425614
0.0421011
0.0418619
0.0418254
0.0419707
0.0422797
0.0427347
0.0433188
0.0440133
0.0448034
0.0456711
0.0465975
0.047556
0.0485142
0.0494246
0.0502285
0.0508603
0.0512619
0.0514007
0.0512821
0.0509528
0.0504931
0.0500027
0.0495778
0.0492999
0.0492282
0.0493985
0.0498165
0.0504557
0.0512527
0.0521051
0.0528845
0.0534508
0.0537014
0.053593
0.0531623
0.0525057
0.0517531
0.0510269
0.0504222
0.0500005
0.0498007
0.049842
0.0501302
0.0506636
0.0514361
0.052431
0.0536169
0.054938
0.0563089
0.057605
0.0586819
0.0593969
0.0596499
0.0594123
0.0587401
0.0577549
0.0566168
0.0554923
0.0545351
0.0538808
0.0536477
0.0539375
0.0548268
0.0563495
0.0584699
0.0610565
0.0638669
0.0665934
0.068958
0.0708243
0.0722249
0.0732939
0.0741493
0.074806
0.0751643
0.0750768
0.0744247
0.0731776
0.0713982
0.0692114
0.0667736
0.0642417
0.0617487
0.0593944
0.0572342
0.0552852
0.0535384
0.0519698
0.0505512
0.0492582
0.0480778
0.0469962
0.04601
0.0451172
0.0443177
0.0436095
0.0429924
0.042465
0.0420253
0.0416687
0.0413926
0.0411975
0.0410786
0.0410367
0.0410708
0.0411855
0.0413805
0.0416623
0.0420323
0.0424928
0.0430444
0.0436805
0.0443894
0.0451508
0.0459329
0.0466966
0.0473959
0.0479855
0.0484293
0.0487093
0.0488305
0.0488163
0.0487072
0.0485497
0.0483905
0.0482687
0.0482162
0.0482459
0.0483619
0.0485529
0.0487926
0.0490417
0.0492571
0.0493952
0.0494239
0.0493276
0.0491091
0.0487877
0.0483933
0.0479601
0.0475204
0.0471002
0.0467258
0.0464159
0.046184
0.046042
0.0459935
0.046036
0.0461617
0.0463536
0.0465878
0.0468382
0.0470763
0.0472795
0.0474308
0.0475263
0.0475715
0.0475825
0.0475797
0.047591
0.0476455
0.0477769
0.0480176
0.0484016
0.0489573
0.0497011
0.0506299
0.0517098
0.0528773
0.0540282
0.0550323
0.055756
0.0560904
0.0559803
0.0554394
0.0545365
0.0533863
0.0521136
0.0508313
0.0496318
0.0485754
0.047697
0.0470069
0.0465003
0.046162
0.0459742
0.0459143
0.0459669
0.0461212
0.0463749
0.0467387
0.0472298
0.0478755
0.0487
0.0497214
0.0509294
0.0522771
0.0536689
0.0549651
0.0560203
0.056727
0.0570643
0.057106
0.0569852
0.0568444
0.0567917
0.0568675
0.0570365
0.0571898
0.0571771
0.0568529
0.0561381
0.0550621
0.0537539
0.0523979
0.0511672
0.0501943
0.0495497
0.0492478
0.0492557
0.0495001
0.0498694
0.0502272
0.0504304
0.0503598
0.0499542
0.0492215
0.0482388
0.047117
0.0459689
0.0448906
0.0439492
0.0431843
0.0426151
0.0422488
0.042087
0.0421307
0.0423824
0.0428461
0.0435311
0.0444501
0.0456213
0.0470675
0.0488209
0.0509183
0.0533981
0.0562864
0.0595742
0.0631695
0.0668633
0.0703327
0.073243
0.0754132
0.0769263
0.0780079
0.0787236
0.0787742
0.0776714
0.0752185
0.0717705
0.0680064
0.0644956
0.0615036
0.0590443
0.0570183
0.0553094
0.0538294
0.052534
0.0514058
0.0504494
0.0496807
0.0491149
0.0487683
0.0486497
0.0487605
0.0490928
0.0496282
0.0503263
0.0511322
0.0519755
0.0527726
0.0534414
0.0539152
0.0541524
0.0541502
0.0539416
0.0535826
0.0531437
0.0526912
0.0522788
0.0519455
0.0517129
0.0515911
0.0515844
0.0516961
0.0519276
0.0522852
0.0527769
0.0534092
0.0541792
0.055074
0.0560644
0.0571002
0.0581149
0.059033
0.0597798
0.0602967
0.0605514
0.0605442
0.0603022
0.0598768
0.0593245
0.0587064
0.0580786
0.0574879
0.056969
0.0565398
0.0561974
0.0559185
0.0556567
0.0553544
0.0549526
0.0544054
0.0536965
0.0528377
0.0518721
0.0508598
0.049866
0.0489515
0.0481627
0.0475334
0.0470804
0.0468077
0.0467109
0.0467779
0.0469886
0.0473236
0.0477573
0.0482668
0.0488286
0.0494256
0.0500462
0.0506883
0.0513613
0.0520866
0.0528933
0.0538125
0.0548686
0.056067
0.057381
0.0587379
0.0600156
0.0610466
0.0616478
0.0616672
0.0610298
0.0597709
0.0580354
0.0560296
0.0539737
0.0520567
0.0504084
0.0490991
0.0481472
0.0475349
0.0472214
0.0471445
0.0472378
0.0474375
0.0476903
0.0479582
0.0482288
0.0485114
0.0488349
0.049236
0.0497534
0.0504155
0.0512281
0.0521678
0.0531754
0.0541555
0.0549842
0.0555305
0.0556868
0.055397
0.0546738
0.053594
0.0522789
0.0508586
0.0494504
0.0481463
0.0470031
0.0460557
0.0453214
0.0448056
0.0445107
0.0444349
0.0445763
0.0449308
0.0454893
0.046239
0.0471567
0.0482085
0.0493474
0.0505158
0.0516434
0.0526575
0.0534897
0.054087
0.0544132
0.0544636
0.054257
0.0538338
0.0532507
0.0525677
0.0518473
0.0511468
0.0505138
0.0499906
0.0496148
0.04942
0.049439
0.0497133
0.0502843
0.0512008
0.0525054
0.0542246
0.0563536
0.0588342
0.0615329
0.0642405
0.0666933
0.0686277
0.0698427
0.0702379
0.0698209
0.0686829
0.0669733
0.0648858
0.0626391
0.0604481
0.0584903
0.0568872
0.0556943
0.0549092
0.0544852
0.0543283
0.0543184
0.0543209
0.0542155
0.0539271
0.0534429
0.0528103
0.0521056
0.0513975
0.0507239
0.050081
0.0494334
0.0487403
0.0479732
0.0471342
0.0462489
0.0453647
0.0445325
0.0437916
0.043168
0.0426727
0.0423045
0.0420521
0.0419024
0.0418407
0.0418557
0.0419374
0.0420802
0.0422809
0.0425429
0.0428731
0.0432855
0.0438001
0.0444448
0.0452593
0.0462979
0.0476268
0.0493226
0.0514586
0.0540746
0.0571361
0.0604842
0.0638179
0.0667546
0.0689725
0.070344
0.0709444
0.0709415
0.0704662
0.0695757
0.0683067
0.0667335
0.0649943
0.0632698
0.0617421
0.0605639
0.0598442
0.059645
0.05998
0.0608083
0.062011
0.0633687
0.0645686
0.0652666
0.0652091
0.0643417
0.06283
0.0609641
0.0590386
0.0572648
0.0557673
0.054595
0.0537558
0.0532281
0.0529718
0.0529241
0.0529928
0.0530649
0.0530165
0.0527464
0.0522012
0.0513991
0.0504152
0.0493596
0.0483447
0.0474664
0.0467936
0.0463713
0.0462269
0.0463826
0.0468557
0.0476631
0.048813
0.0502963
0.052065
0.0540206
0.0560029
0.0578131
0.0592663
0.0602509
0.060768
0.0609075
0.0607906
0.060523
0.0601639
0.0597343
0.0592432
0.058696
0.0580955
0.0574423
0.0567209
0.0559055
0.0549691
0.0538997
0.0527137
0.0514488
0.0501609
0.0489056
0.0477296
0.0466644
0.0457275
0.0449215
0.0442491
0.0437079
0.0432994
0.0430278
0.042901
0.0429328
0.043132
0.0435099
0.0440713
0.044806
0.0456892
0.0466683
0.0476713
0.0486105
0.0494003
0.049981
0.0503413
0.050522
0.0506039
0.0506884
0.0508707
0.0512239
0.051788
0.0525692
0.0535305
0.0545893
0.0556312
0.0565162
0.0571134
0.0573409
0.057183
0.0566966
0.0559904
0.0551857
0.0543879
0.0536709
0.0530735
0.0525976
0.0522221
0.0519053
0.0516015
0.0512693
0.0508816
0.0504351
0.0499387
0.0494213
0.048912
0.0484314
0.0479842
0.04756
0.0471381
0.0466952
0.0462182
0.0457099
0.045193
0.0447029
0.044283
0.0439724
0.0438059
0.043806
0.0439814
0.0443325
0.0448498
0.0455153
0.046305
0.0471909
0.0481405
0.049122
0.0501051
0.0510643
0.0519825
0.0528504
0.0536649
0.0544345
0.055167
0.0558726
0.0565579
0.0572154
0.0578271
0.0583594
0.0587783
0.0590517
0.0591638
0.0591244
0.0589595
0.0587089
0.0584082
0.0580808
0.0577343
0.0573576
0.0569343
0.0564422
0.0558655
0.0551989
0.0544466
0.0536221
0.0527465
0.0518388
0.0509207
0.0500087
0.0491144
0.0482458
0.0474099
0.0466123
0.0458592
0.0451577
0.0445182
0.0439514
0.0434686
0.04308
0.0427973
0.0426277
0.0425801
0.0426652
0.0428861
0.0432499
0.0437626
0.0444292
0.0452533
0.0462366
0.0473762
0.0486665
0.0500991
0.0516577
0.0533263
0.0550803
0.0568865
0.0586986
0.0604447
0.0620208
0.0632961
0.0641326
0.0644245
0.0641439
0.0633575
0.0622137
0.0608956
0.0595714
0.0583734
0.05738
0.056627
0.0561202
0.0558414
0.055767
0.0558696
0.0561255
0.0565193
0.0570505
0.0577318
0.0585938
0.0596742
0.0609934
0.0625124
0.064088
0.0654517
0.0662559
0.0662352
0.0653608
0.06388
0.0621916
0.0606689
0.0595579
0.0589617
0.0588735
0.0592253
0.059911
0.0608063
0.0617713
0.0626682
0.0633661
0.0637606
0.0637892
0.0634386
0.0627477
0.0617991
0.0606992
0.0595588
0.05847
0.0574936
0.0566526
0.0559313
0.0552814
0.0546368
0.0539352
0.0531291
0.0522001
0.0511595
0.0500423
0.0488973
0.0477744
0.0467205
0.0457706
0.0449506
0.044278
0.0437638
0.0434137
0.0432317
0.0432215
0.0433846
0.0437197
0.0442236
0.0448905
0.0457122
0.0466824
0.0477961
0.0490553
0.0504679
0.0520485
0.0538062
0.0557184
0.0577046
0.0595928
0.0611178
0.0619871
0.0619915
0.0611197
0.0595693
0.0576562
0.0556919
0.0509414
0.0494889
0.0483617
0.0475604
0.0470638
0.0468445
0.046871
0.0471151
0.0475498
0.0481453
0.0488753
0.0497042
0.0505985
0.0515197
0.0524293
0.053294
0.0540816
0.0547705
0.0553468
0.0558052
0.0561438
0.0563651
0.0564707
0.0564609
0.0563297
0.0560684
0.0556667
0.055121
0.0544315
0.0536144
0.0526946
0.0517145
0.0507222
0.0497715
0.0489144
0.0481941
0.0476462
0.0472858
0.0471065
0.0470756
0.0471286
0.0471733
0.0471099
0.0468532
0.0463541
0.0456243
0.0447246
0.0437449
0.0427767
0.0418968
0.0411545
0.0405712
0.0401528
0.0398906
0.0397688
0.039768
0.0398738
0.0400732
0.0403561
0.0407178
0.041158
0.0416819
0.0422951
0.0430068
0.0438243
0.0447475
0.0457693
0.0468689
0.0480026
0.0491064
0.0500935
0.0508653
0.0513393
0.0514646
0.0512446
0.0507322
0.0500178
0.0492014
0.0483733
0.0476015
0.0469274
0.0463707
0.0459337
0.0456061
0.0453765
0.0452265
0.0451377
0.0450978
0.0450924
0.0451143
0.0451624
0.0452364
0.0453422
0.0454863
0.0456769
0.045921
0.046223
0.0465834
0.0469975
0.0474541
0.0479353
0.0484183
0.0488723
0.0492642
0.0495606
0.0497297
0.0497447
0.0495907
0.0492672
0.0487859
0.0481746
0.047468
0.0467054
0.0459242
0.0451574
0.0444301
0.0437596
0.0431566
0.0426272
0.0421734
0.041796
0.0414938
0.0412683
0.0411212
0.0410532
0.0410677
0.0411735
0.0413757
0.0416825
0.0421038
0.0426444
0.0433109
0.0441037
0.0450171
0.0460345
0.0471233
0.0482401
0.0493219
0.0502927
0.0510739
0.0515942
0.0518073
0.0517017
0.0513057
0.0506783
0.0498955
0.0490436
0.0481948
0.0474148
0.046754
0.0462502
0.0459395
0.0458537
0.046028
0.0465017
0.0473149
0.0484952
0.0500314
0.0518385
0.0537002
0.0552627
0.0561109
0.0559471
0.054761
0.0528402
0.0506116
0.048455
0.0466056
0.0451602
0.0441289
0.0434781
0.0431671
0.0431616
0.043442
0.0440046
0.0448586
0.0460272
0.0475364
0.0494031
0.0516222
0.0541456
0.0568669
0.0596111
0.0621464
0.0642163
0.065581
0.0660707
0.0656216
0.064301
0.0623028
0.0599065
0.0574068
0.0550529
0.0530186
0.051392
0.0501993
0.0494226
0.0490192
0.0489405
0.0491316
0.0495427
0.0501294
0.0508621
0.0517215
0.052699
0.0537797
0.0549366
0.0561039
0.0571799
0.0580476
0.0586208
0.0588856
0.0589136
0.0588355
0.0588006
0.0589327
0.0593141
0.0599747
0.060895
0.0620183
0.063248
0.0644699
0.065576
0.0664959
0.0672087
0.0677232
0.0680522
0.0681787
0.068056
0.0676313
0.0668775
0.0658259
0.0645695
0.0632425
0.0619891
0.0609279
0.0601217
0.0595692
0.0592154
0.0589608
0.0587027
0.058358
0.057886
0.0572943
0.0566197
0.0559126
0.0552237
0.0545875
0.0540275
0.0535464
0.0531375
0.0527772
0.0524279
0.0520504
0.0516122
0.0511066
0.0505655
0.050056
0.0496681
0.0495007
0.0496347
0.0501246
0.0509891
0.0522019
0.053687
0.0553229
0.0569358
0.0583242
0.0592828
0.0596413
0.0593109
0.0583039
0.056728
0.0547567
0.0525815
0.0503821
0.0482926
0.0464024
0.0447555
0.0433635
0.0422186
0.0412994
0.0405789
0.040031
0.0396304
0.0393543
0.0391846
0.0391042
0.0391006
0.0391625
0.0392813
0.0394497
0.0396581
0.0398959
0.0401488
0.0403988
0.0406239
0.0408009
0.0409063
0.0409206
0.0408305
0.0406366
0.0403473
0.039984
0.0395745
0.0391496
0.0387418
0.0383758
0.0380759
0.0378593
0.0377396
0.0377273
0.0378274
0.0380426
0.0383726
0.0388083
0.0393375
0.0399382
0.0405816
0.0412331
0.0418573
0.0424261
0.0429238
0.0433494
0.0437234
0.0440782
0.0444519
0.0448815
0.0453938
0.0460005
0.0467074
0.0475054
0.0483863
0.0493383
0.0503507
0.0514022
0.0524534
0.0534355
0.0542482
0.0547787
0.0549328
0.0546637
0.0539891
0.0529835
0.0517471
0.0503834
0.0489757
0.0475885
0.046265
0.0450337
0.043913
0.0429104
0.0420276
0.0412623
0.040609
0.0400601
0.0396076
0.0392494
0.0389793
0.0387936
0.038695
0.0386854
0.0387661
0.0389433
0.0392223
0.0396103
0.0401137
0.0407391
0.0414941
0.0423854
0.043419
0.0445999
0.0459295
0.0474061
0.0490199
0.0507503
0.0525631
0.0544082
0.0562237
0.0579414
0.0594941
0.0608301
0.0619145
0.062731
0.0632692
0.0635147
0.063443
0.0630204
0.0622252
0.061058
0.0595585
0.057801
0.0558819
0.0539026
0.0519497
0.0500955
0.0483879
0.0468593
0.0455262
0.0443957
0.0434683
0.0427418
0.0422072
0.0418593
0.0416864
0.0416758
0.041815
0.0420873
0.0424744
0.0429553
0.0435086
0.0441136
0.0447508
0.0454101
0.0460816
0.0467691
0.047476
0.0482066
0.0489625
0.0497372
0.0505097
0.051245
0.0518966
0.0524184
0.0527674
0.0529167
0.0528643
0.0526325
0.0522582
0.0517875
0.0512672
0.0507355
0.0502182
0.0497338
0.0492887
0.0488853
0.048518
0.0481812
0.0478659
0.0475624
0.0472652
0.0469691
0.0466722
0.0463775
0.0460921
0.045829
0.0456003
0.0454215
0.045306
0.0452654
0.0453066
0.0454303
0.0456372
0.045918
0.0462633
0.0466622
0.0471068
0.0475934
0.0481257
0.0487153
0.0493797
0.0501402
0.0510162
0.0520179
0.053133
0.0543275
0.0555373
0.056677
0.0576623
0.0584266
0.0589446
0.0592405
0.0593856
0.0594787
0.0596309
0.0599406
0.0604797
0.06127
0.0622606
0.0633161
0.0642199
0.06473
0.0646728
0.064017
0.0628916
0.0615155
0.0601088
0.0588256
0.0577411
0.056864
0.056164
0.0555946
0.0551042
0.0546479
0.054191
0.053706
0.0531779
0.0526008
0.0519778
0.0513174
0.0506379
0.0499625
0.049317
0.0487321
0.0482381
0.0478664
0.047647
0.0476063
0.0477696
0.0481622
0.0488038
0.0497117
0.0508968
0.0523563
0.0540599
0.055923
0.0577979
0.0594592
0.0606476
0.0611462
0.0608707
0.0599008
0.0584364
0.056714
0.0549281
0.0532089
0.0516258
0.0502116
0.0489765
0.0479236
0.047051
0.0463566
0.0458356
0.045482
0.0452902
0.0452524
0.0453587
0.0456008
0.0459694
0.0464512
0.0470301
0.0476852
0.0483851
0.0490923
0.0497561
0.0503283
0.0507634
0.0510316
0.0511233
0.0510464
0.0508287
0.0504978
0.0500836
0.0496085
0.0490854
0.0485183
0.0479105
0.047265
0.0465859
0.045885
0.0451798
0.0444923
0.0438472
0.0432649
0.0427656
0.0423636
0.0420668
0.0418806
0.0418023
0.0418263
0.0419402
0.0421286
0.0423726
0.0426497
0.0429419
0.0432313
0.0435075
0.0437687
0.0440213
0.0442784
0.0445597
0.044887
0.0452788
0.045748
0.0463022
0.0469368
0.0476416
0.0483979
0.0491802
0.049958
0.0507033
0.0513882
0.0519894
0.0524878
0.0528659
0.0531089
0.0531987
0.0531175
0.0528503
0.0523976
0.0517758
0.0510207
0.0501906
0.0493515
0.0485717
0.0479116
0.0474163
0.0471179
0.0470321
0.0471617
0.0475058
0.0480544
0.0487961
0.0497143
0.0507931
0.0520127
0.0533495
0.0547701
0.0562326
0.0576849
0.0590704
0.0603335
0.0614313
0.0623372
0.0630481
0.0635811
0.0639583
0.0642034
0.0643215
0.0642984
0.0640971
0.0636665
0.06296
0.0619536
0.0606601
0.0591332
0.0574516
0.0557036
0.0539682
0.0523042
0.0507488
0.0493235
0.0480364
0.0468895
0.0458825
0.0450161
0.0442884
0.0436971
0.0432439
0.0429255
0.0427402
0.0426845
0.0427553
0.0429471
0.0432517
0.0436606
0.0441644
0.0447528
0.045413
0.0461302
0.0468892
0.0476704
0.0484497
0.0491995
0.0498904
0.0504917
0.0509724
0.0513095
0.051485
0.0514908
0.051328
0.0510063
0.0505445
0.0499656
0.0492951
0.0485662
0.0478126
0.0470675
0.0463651
0.0457377
0.0452122
0.0448115
0.0445525
0.0444415
0.0444797
0.0446566
0.0449546
0.0453475
0.045805
0.0462971
0.0467985
0.0472921
0.0477706
0.0482334
0.0486818
0.049112
0.0495112
0.0498533
0.0501056
0.0502328
0.0502099
0.0500332
0.0497211
0.0493146
0.0488641
0.0484233
0.0480333
0.0477226
0.0474982
0.0473487
0.0472503
0.0471711
0.0470853
0.04698
0.0468629
0.0467588
0.0467098
0.0467621
0.0469617
0.0473429
0.0479271
0.0487219
0.0497182
0.05089
0.052201
0.0536025
0.0550425
0.0564614
0.0577996
0.0589932
0.0599696
0.0606526
0.0609704
0.0608747
0.0603594
0.059459
0.0582453
0.0568104
0.0552494
0.0536574
0.0521204
0.0507163
0.0495117
0.0485662
0.0479291
0.0476388
0.0477244
0.0481936
0.0490312
0.0501808
0.0515314
0.0529109
0.054102
0.0548909
0.0551305
0.0547849
0.053939
0.0527508
0.0514011
0.0500435
0.0487883
0.0477009
0.046815
0.0461344
0.0456465
0.0453221
0.0451274
0.0450156
0.0449415
0.0448645
0.0447581
0.0446162
0.0444579
0.0443241
0.0442706
0.0443584
0.0446459
0.0451845
0.0460038
0.0471185
0.0485156
0.0501596
0.0519945
0.0539589
0.0559972
0.0580595
0.060104
0.0620739
0.0638778
0.065387
0.0664612
0.0669888
0.0669262
0.0663133
0.0652558
0.0638875
0.0623424
0.0607289
0.0591354
0.057626
0.0562416
0.0549986
0.0538969
0.0529152
0.0520286
0.0512066
0.0504233
0.049663
0.0489196
0.0481956
0.0475068
0.0468721
0.0463154
0.0458608
0.0455276
0.0453325
0.0452858
0.0453959
0.0456676
0.0461061
0.0467135
0.0474932
0.0484479
0.0495757
0.0508685
0.0522996
0.0538225
0.0553554
0.0567801
0.0579473
0.0587014
0.0589202
0.0585626
0.0576947
0.0564745
0.0551071
0.0537908
0.0526749
0.0518535
0.0513609
0.0511883
0.0512987
0.051639
0.0521566
0.0528007
0.0535247
0.0542822
0.0550247
0.05569
0.0562102
0.0565215
0.0565761
0.0563536
0.0558694
0.0551702
0.0543217
0.0533913
0.0524393
0.05151
0.0506302
0.0498141
0.0490654
0.0483792
0.0477528
0.0471818
0.0466637
0.0461993
0.0457875
0.0454269
0.045117
0.0448538
0.0446319
0.0444447
0.044286
0.04415
0.0440354
0.0439437
0.0438805
0.0438563
0.0438892
0.0439996
0.0442119
0.0445521
0.045042
0.0456957
0.0465051
0.0474378
0.0484223
0.0493505
0.0500854
0.0505015
0.0505202
0.0501398
0.0494402
0.0485491
0.0476038
0.0467189
0.0459715
0.0454014
0.0450276
0.044852
0.0448703
0.0450722
0.0454428
0.0459595
0.0465899
0.0472933
0.0480267
0.0487517
0.0494416
0.0500847
0.0506755
0.0512029
0.0516413
0.0519452
0.052061
0.0519442
0.0515765
0.0509818
0.0502234
0.049385
0.0485573
0.0478112
0.0471965
0.0467371
0.0464335
0.0462765
0.0462514
0.0463454
0.0465546
0.0468842
0.0473539
0.0480003
0.0488798
0.0500729
0.0516895
0.0538603
0.0567042
0.060258
0.0643496
0.0684866
0.0719132
0.0739664
0.0745233
0.0740626
0.0732587
0.0725748
0.0721495
0.0719115
0.0717322
0.0715108
0.0711995
0.0707898
0.0702809
0.0696609
0.068903
0.0679745
0.0668678
0.0656101
0.0642718
0.0629516
0.061755
0.0607644
0.0600314
0.0595692
0.0593569
0.0593432
0.0594557
0.0596132
0.0597314
0.0597429
0.0596038
0.0593027
0.0588589
0.0583119
0.0577063
0.0570811
0.0564532
0.0558136
0.0551397
0.0543938
0.0535475
0.0525873
0.0515264
0.0504004
0.0492647
0.0481825
0.0472197
0.0464294
0.0458531
0.0455156
0.0454199
0.0455465
0.0458514
0.04627
0.0467173
0.047109
0.0473723
0.0474662
0.0473918
0.04639
0.0461077
0.045818
0.0455753
0.0454208
0.0453826
0.0454771
0.0457085
0.0460727
0.0465544
0.0471238
0.0477362
0.0483308
0.0488433
0.0492171
0.0494193
0.0494516
0.049352
0.0491854
0.0490285
0.0489581
0.0490398
0.0493267
0.0498579
0.0506633
0.0517633
0.0531677
0.0548647
0.0568027
0.0588655
0.0608525
0.0624995
0.0635372
0.0637971
0.0632798
0.0621374
0.0605891
0.0588397
0.0570364
0.0552662
0.0535787
0.0520008
0.050548
0.0492314
0.0480573
0.0470294
0.0461469
0.0454065
0.0447971
0.0443074
0.0439231
0.0436274
0.0434056
0.0432432
0.0431269
0.0430436
0.0429857
0.0429471
0.0429191
0.0429008
0.0428917
0.0428905
0.0429017
0.042936
0.0430061
0.0431308
0.0433321
0.0436319
0.0440518
0.0446062
0.0453013
0.0461283
0.0470619
0.0480589
0.0490629
0.0500088
0.0508374
0.0515049
0.0519903
0.0522969
0.0524454
0.0524705
0.0524123
0.0523108
0.0522029
0.0521225
0.0521044
0.0521754
0.0523673
0.0527105
0.053233
0.0539652
0.0549254
0.0561244
0.057545
0.0591349
0.0607935
0.0623674
0.0636707
0.0645236
0.0648054
0.0644873
0.063636
0.0623854
0.0608852
0.0592741
0.057665
0.0561433
0.0547793
0.0536297
0.0527493
0.052189
0.0519961
0.0522087
0.052844
0.0538848
0.0552594
0.0568271
0.0583797
0.0596669
0.0604545
0.0605929
0.0600634
0.0589794
0.0575359
0.0559369
0.0543392
0.0528371
0.0514804
0.0502965
0.0493105
0.0485544
0.048059
0.047842
0.0478981
0.0481929
0.0486615
0.0492231
0.0497997
0.0503369
0.0508078
0.0512133
0.0515508
0.0517916
0.0518753
0.0517182
0.0512619
0.050501
0.0494999
0.048368
0.0472262
0.0461753
0.0452845
0.044586
0.0440932
0.0438077
0.0437227
0.0438346
0.0441402
0.0446366
0.0453155
0.0461564
0.0471224
0.0481556
0.0491749
0.0500888
0.0508197
0.0513235
0.0516141
0.0517559
0.0518475
0.0519893
0.0522539
0.0526668
0.0531948
0.0537441
0.0541889
0.0544015
0.0542994
0.0538756
0.0532036
0.0524049
0.0516084
0.0509232
0.0504226
0.0501412
0.0500899
0.0502604
0.0506305
0.0511696
0.0518355
0.0525716
0.0533107
0.0539771
0.054492
0.0547758
0.0547696
0.0544266
0.0537234
0.0526719
0.0513226
0.0497643
0.0481108
0.0464758
0.0449543
0.043614
0.0424924
0.0416042
0.0409482
0.0405141
0.0402932
0.0402679
0.0404268
0.0407571
0.041244
0.0418718
0.0426196
0.0434543
0.0443367
0.0452168
0.0460388
0.0467422
0.0472722
0.0475893
0.0476723
0.0475247
0.0471723
0.0466551
0.0460218
0.0453244
0.0446041
0.0438997
0.0432368
0.0426355
0.0421092
0.0416648
0.0413092
0.0410428
0.0408666
0.0407781
0.0407738
0.0408486
0.0409963
0.0412068
0.0414691
0.0417728
0.0421031
0.0424479
0.0427926
0.0431223
0.0434241
0.0436848
0.0438952
0.044044
0.0441245
0.044133
0.0440706
0.0439395
0.0437496
0.0435136
0.0432456
0.0429633
0.0426857
0.0424247
0.0421967
0.0420137
0.0418805
0.0418064
0.0417898
0.041834
0.0419362
0.0420893
0.0422864
0.0425211
0.0427856
0.0430743
0.0433832
0.0437148
0.0440728
0.0444683
0.0449156
0.0454305
0.0460294
0.0467263
0.0475312
0.0484496
0.0494808
0.0506174
0.0518492
0.0531632
0.0545458
0.0559815
0.0574552
0.0589485
0.0604376
0.0618889
0.0632582
0.0644961
0.0655559
0.066399
0.0670163
0.0674227
0.0676611
0.0677902
0.0678694
0.0679524
0.0680721
0.0682403
0.0684475
0.0686731
0.0688944
0.0691007
0.0692961
0.0694939
0.0697108
0.0699525
0.0702077
0.0704488
0.070631
0.0707036
0.0706175
0.070335
0.0698434
0.069158
0.0683196
0.0673868
0.0664178
0.0654572
0.0645223
0.0636034
0.0626728
0.061698
0.0606547
0.0595346
0.0583494
0.0571242
0.0558901
0.0546876
0.0535524
0.0525091
0.0515689
0.0507304
0.04998
0.0492992
0.0486743
0.0481002
0.0475856
0.0471576
0.0468585
0.0467476
0.0468943
0.0473775
0.0482719
0.0496342
0.0514811
0.0537592
0.0563162
0.0588816
0.0610996
0.0626086
0.0631506
0.0626538
0.0612456
0.0592038
0.0568734
0.0545868
0.0526107
0.0511219
0.0502121
0.0499056
0.0501771
0.0509628
0.0521628
0.0536448
0.0552448
0.0567891
0.0581338
0.0591919
0.0599479
0.0604389
0.0607282
0.0608839
0.0609978
0.0612004
0.0616566
0.0625349
0.0639499
0.0659053
0.0682374
0.0705961
0.0724911
0.0734242
0.0730761
0.071444
0.0688209
0.065652
0.0623803
0.0593389
0.0567361
0.0546561
0.0530831
0.0519127
0.050978
0.0500802
0.0490528
0.0478156
0.0463976
0.0449124
0.0434981
0.0422727
0.0413104
0.0406417
0.0402704
0.0401854
0.0403736
0.0408196
0.0415035
0.042404
0.0434943
0.0447398
0.0461059
0.0475578
0.0490656
0.0506084
0.052171
0.0537396
0.0552997
0.056837
0.0583372
0.0597872
0.061187
0.0625501
0.0638953
0.0652393
0.066583
0.0678972
0.0691153
0.0701387
0.0708558
0.0711619
0.0709892
0.070317
0.0691738
0.0676266
0.0657671
0.0636922
0.0614997
0.059275
0.0570923
0.0550089
0.0530744
0.0513181
0.0497618
0.0484178
0.0472901
0.0463759
0.0456679
0.0451566
0.0448281
0.0446666
0.0446544
0.0447741
0.0450064
0.0453329
0.045737
0.0462027
0.0467157
0.0472613
0.0478241
0.0483848
0.0489205
0.0494103
0.0498314
0.0501656
0.0504039
0.0505431
0.0505926
0.0505697
0.0504963
0.0503968
0.0502932
0.0502032
0.0501324
0.050082
0.0500427
0.0499983
0.0499334
0.0498292
0.0496756
0.0494711
0.0492269
0.0489638
0.0487117
0.048507
0.0483866
0.0483883
0.0485442
0.0488794
0.0494088
0.0501316
0.0510209
0.0520225
0.0530462
0.0539728
0.0546856
0.0550968
0.0551825
0.0549836
0.0545938
0.0541169
0.0536455
0.0532408
0.0529302
0.0527198
0.0526041
0.0525779
0.0526436
0.0528112
0.0531016
0.053541
0.0541561
0.0549585
0.0559327
0.057019
0.0580994
0.0590052
0.0595583
0.0596246
0.0591715
0.0582757
0.0570883
0.0557729
0.054455
0.0532084
0.0520568
0.0509914
0.0499976
0.0490619
0.048191
0.0474097
0.0467573
0.0462713
0.0459861
0.0459193
0.0460681
0.0464079
0.0469014
0.0475022
0.0481617
0.048827
0.0494399
0.0499306
0.0502167
0.0502143
0.049867
0.0491747
0.0481971
0.047045
0.0458469
0.0447159
0.0437323
0.0429362
0.042337
0.0419137
0.0416307
0.0414391
0.0412893
0.041129
0.0409172
0.0406298
0.040261
0.039821
0.0393385
0.0388522
0.0384043
0.0380392
0.037794
0.037706
0.0378071
0.0381246
0.0386822
0.0394929
0.0405589
0.0418541
0.0433166
0.044839
0.0462764
0.0474713
0.0483034
0.0487304
0.0488043
0.048647
0.0484019
0.0481836
0.0480529
0.0480133
0.0480186
0.0479956
0.047865
0.0475588
0.0470432
0.0463218
0.0454343
0.044448
0.0434389
0.0424871
0.0416642
0.0410312
0.040636
0.0405188
0.0407128
0.0412456
0.0421401
0.0434084
0.0450358
0.0469734
0.0491157
0.0512925
0.0532917
0.0549064
0.0560082
0.0565881
0.0567464
0.0566365
0.0564022
0.0561389
0.0558891
0.0556508
0.0554001
0.0551065
0.0547432
0.0542917
0.0537455
0.053104
0.0523745
0.0515707
0.0507101
0.0498038
0.0488669
0.0479029
0.0469133
0.0458983
0.0448568
0.0437969
0.042736
0.0416966
0.0407072
0.0397953
0.0389893
0.0383101
0.0377759
0.0373987
0.0371907
0.0371582
0.0373148
0.0376707
0.038246
0.039061
0.0401458
0.0415286
0.0432341
0.0452656
0.0475766
0.0500514
0.0524808
0.0545938
0.0561449
0.057016
0.057281
0.0571615
0.0569185
0.0567561
0.0567765
0.0569919
0.0573614
0.0578274
0.0583429
0.0588791
0.0594049
0.0598672
0.0601712
0.0601884
0.0597938
0.058917
0.0575837
0.0559037
0.0540354
0.0521339
0.0503217
0.0486777
0.0472356
0.046005
0.0449744
0.0441239
0.0434313
0.0428722
0.0424236
0.0420664
0.0417839
0.0415632
0.0413926
0.0412698
0.041193
0.0411671
0.0412034
0.0413175
0.0415316
0.041876
0.0423859
0.0430973
0.0440367
0.0452103
0.0465808
0.0480431
0.049422
0.0504973
0.0510737
0.0510664
0.0505391
0.0496722
0.0486841
0.047751
0.0469741
0.0463853
0.0459706
0.0456899
0.0454975
0.0453516
0.0452207
0.0450849
0.0449333
0.0447613
0.0445732
0.0443734
0.0441665
0.0439564
0.0437504
0.0435533
0.0433732
0.0432195
0.043106
0.0430499
0.0430685
0.043184
0.0434119
0.0437662
0.0442507
0.0448542
0.0455475
0.0462757
0.0469668
0.0475332
0.0478944
0.047995
0.0478273
0.0474284
0.0468763
0.0462644
0.0456835
0.0452064
0.0448791
0.044726
0.0447535
0.0449532
0.0453114
0.0458029
0.0463954
0.0470482
0.0477122
0.0483433
0.0489077
0.0493956
0.0498259
0.0502409
0.0506981
0.0512521
0.0519423
0.0527815
0.0537606
0.0548409
0.0559632
0.0570562
0.0580429
0.0588504
0.0594219
0.0597146
0.0597048
0.0593814
0.0587468
0.0578113
0.0566005
0.0551549
0.0535321
0.0518055
0.0500532
0.048351
0.0467629
0.0453334
0.0440842
0.0430225
0.0421403
0.0414217
0.0408456
0.0403914
0.0400418
0.0397811
0.0395969
0.0394808
0.0394259
0.0394279
0.0394823
0.0395886
0.0397427
0.0399394
0.0401724
0.0404349
0.0407162
0.0410071
0.0412936
0.0415619
0.0417989
0.0419909
0.0421266
0.0422004
0.0422081
0.0421552
0.0420527
0.0419166
0.0417717
0.041641
0.0415543
0.0415425
0.0416323
0.0418464
0.0421989
0.0426874
0.0432839
0.0439292
0.0445336
0.0449883
0.0451943
0.0450914
0.0446813
0.0440293
0.0432364
0.0424149
0.0416527
0.0410105
0.0405187
0.0401793
0.0399824
0.039911
0.0399441
0.0400604
0.0402439
0.0404812
0.0407609
0.041079
0.0414344
0.0418296
0.0422752
0.0427828
0.0433717
0.0440683
0.0449018
0.0459061
0.0471131
0.0485433
0.0501987
0.0520393
0.053965
0.0558107
0.05736
0.0583959
0.058777
0.0584813
0.0576171
0.0563656
0.0549232
0.0534517
0.0520658
0.0508329
0.0497889
0.0489438
0.0482954
0.0478342
0.0475504
0.0474333
0.0474751
0.0476746
0.048032
0.0485553
0.0492526
0.0501338
0.0512063
0.0524647
0.0538812
0.0553958
0.0569032
0.0582557
0.059284
0.059835
0.0598148
0.0592161
0.0581139
0.0566326
0.0549119
0.0530784
0.0512325
0.0494481
0.047785
0.0462886
0.0449952
0.0439373
0.0431413
0.0426233
0.0423881
0.04243
0.0427262
0.0432399
0.0439169
0.0446947
0.0455101
0.0463083
0.0470552
0.0477381
0.0483633
0.0489439
0.0494912
0.0500111
0.0504995
0.0509451
0.051326
0.0516034
0.05171
0.0515502
0.0510245
0.0500678
0.0486971
0.0470208
0.045206
0.0434257
0.0418159
0.040464
0.0394064
0.0386458
0.0381668
0.0379489
0.0379744
0.0382235
0.03868
0.0393295
0.040147
0.0410979
0.042124
0.0431526
0.0440892
0.0448453
0.0453506
0.0455763
0.0455449
0.0453152
0.0449652
0.044568
0.0441842
0.0438474
0.0435777
0.0433768
0.0432409
0.0431624
0.0431345
0.0431489
0.0432019
0.0432878
0.0434071
0.0435545
0.0437284
0.0439211
0.0441267
0.044334
0.0445325
0.0447108
0.0448567
0.0449601
0.0450157
0.0450216
0.04498
0.044896
0.0447777
0.0446343
0.0444746
0.0443067
0.0441388
0.0439758
0.0438266
0.0436974
0.0435959
0.0435316
0.0435159
0.0435578
0.0444204
0.0446146
0.0448904
0.0452511
0.0456916
0.0461995
0.0467531
0.0473243
0.0478771
0.0483687
0.0487631
0.0490325
0.0491614
0.0491524
0.0490226
0.0487995
0.0485119
0.0481866
0.0478418
0.0474884
0.0471258
0.0467503
0.0463599
0.0459529
0.0455346
0.045119
0.0447261
0.0443797
0.0440999
0.043906
0.0438126
0.0438267
0.0439522
0.0441837
0.0445131
0.04493
0.0454186
0.045963
0.0465421
0.0471411
0.0477404
0.0483273
0.0488896
0.0494187
0.049912
0.0503693
0.050797
0.0511988
0.0515811
0.0519456
0.0522833
0.0525744
0.0527821
0.0528624
0.0527648
0.0524473
0.051893
0.0511187
0.0501701
0.049126
0.0480735
0.0471007
0.0462854
0.0456875
0.0453557
0.0453195
0.0456015
0.0462107
0.0471444
0.0483879
0.049905
0.0516348
0.0534884
0.0553459
0.0570614
0.0584779
0.0594505
0.0598754
0.0597142
0.0590044
0.0578469
0.0563839
0.0547648
0.0531241
0.0515679
0.0501789
0.0490078
0.0480844
0.0474177
0.046998
0.0468009
0.0467841
0.0468899
0.0470501
0.0471906
0.0472457
0.0471643
0.0469211
0.0465187
0.0459869
0.04537
0.0447216
0.0440917
0.0435247
0.0430539
0.042698
0.042465
0.0423471
0.0423264
0.0423709
0.0424463
0.0425145
0.0425484
0.0425337
0.0424779
0.0424069
0.0423619
0.0423884
0.042537
0.0428493
0.0433588
0.0440878
0.0450429
0.0462172
0.0475891
0.0491151
0.0507318
0.0523599
0.0539097
0.0552953
0.0564509
0.0573514
0.0580131
0.0584916
0.0588629
0.0592022
0.0595651
0.0599823
0.0604478
0.060928
0.0613769
0.0617388
0.0619713
0.0620473
0.0619609
0.0617185
0.0613323
0.06081
0.0601455
0.0593208
0.0583069
0.057075
0.0556074
0.0539082
0.0520099
0.0499706
0.0478656
0.0457772
0.0437798
0.04193
0.0402679
0.0388142
0.0375763
0.0365492
0.0357235
0.0350842
0.0346175
0.0343095
0.0341438
0.0341126
0.0342045
0.034413
0.0347286
0.0351479
0.0356631
0.036272
0.0369702
0.0377523
0.0386168
0.0395604
0.0405813
0.0416804
0.0428595
0.0441235
0.0454829
0.0469557
0.0485642
0.050339
0.0523105
0.0544883
0.0568396
0.0592441
0.0614604
0.0631411
0.0639352
0.0636571
0.0623906
0.0604469
0.0582143
0.0560119
0.0540357
0.0523745
0.0510526
0.0500581
0.0493695
0.0489598
0.0487994
0.0488552
0.0490873
0.0494494
0.0498885
0.0503536
0.0507992
0.0512029
0.0515662
0.0519235
0.0523334
0.0528694
0.0535931
0.0545185
0.0555872
0.0566486
0.0574876
0.0579056
0.0578103
0.0572627
0.0564402
0.0555453
0.0547293
0.0540695
0.053582
0.0532579
0.0530801
0.0530397
0.0531259
0.0533125
0.0535402
0.0537201
0.0537453
0.053519
0.0529967
0.0521957
0.0511958
0.0501075
0.0490419
0.0480889
0.0473079
0.0467284
0.0463605
0.046201
0.0462339
0.0464358
0.0467743
0.0472093
0.0476916
0.048165
0.048577
0.0488835
0.0490609
0.0491087
0.0490503
0.0489281
0.048795
0.0487045
0.0487058
0.0488366
0.0491203
0.0495638
0.0501596
0.0508873
0.0517157
0.0526096
0.0535368
0.0544796
0.0554342
0.0564143
0.0574416
0.0585304
0.05966
0.060756
0.0616797
0.0622585
0.0623409
0.0618662
0.0609005
0.059604
0.0581735
0.0567774
0.0555268
0.0544742
0.0536258
0.0529589
0.0524319
0.0519904
0.0515757
0.0511321
0.0506101
0.0499857
0.0492551
0.0484434
0.0475926
0.0467555
0.0459814
0.0453102
0.0447674
0.0443669
0.0441074
0.04398
0.0439703
0.0440594
0.0442275
0.0444523
0.0447155
0.0449958
0.0452797
0.0455546
0.0458102
0.0460436
0.0462564
0.0464561
0.0466532
0.0468641
0.0471102
0.0474108
0.047784
0.0482458
0.048799
0.0494398
0.0501517
0.0509006
0.0516366
0.0523012
0.0528299
0.053168
0.0532769
0.0531498
0.0528125
0.0523208
0.0517571
0.0512126
0.0507781
0.0505321
0.0505316
0.0508052
0.0513458
0.0521048
0.0529856
0.0538531
0.0545471
0.0549224
0.0548853
0.0544264
0.0536235
0.0526161
0.0515626
0.0506052
0.0498448
0.049339
0.0491017
0.0491172
0.0493485
0.0497439
0.0502495
0.050811
0.0513768
0.0519001
0.0523454
0.0526853
0.0529041
0.0529983
0.0529779
0.0528559
0.0526505
0.0523794
0.0520531
0.0516847
0.0512891
0.0508842
0.0504959
0.0501573
0.0499079
0.0497871
0.0498332
0.0500754
0.0505281
0.0511836
0.0520064
0.0529301
0.0538589
0.0546793
0.0552835
0.055587
0.0555502
0.0551877
0.0545626
0.0537707
0.0529223
0.0521228
0.05146
0.0509936
0.0507539
0.0507346
0.0508998
0.0511849
0.051509
0.0517882
0.0519542
0.0519674
0.0518228
0.0515453
0.0511779
0.0507623
0.0503322
0.0499094
0.0495013
0.0491115
0.0487441
0.0484048
0.0481031
0.0478469
0.0476433
0.0474942
0.0473984
0.0473559
0.0473702
0.0474554
0.04763
0.0479259
0.0483799
0.0490357
0.0499357
0.0511172
0.0526021
0.0543858
0.0564025
0.0584723
0.0602613
0.0613006
0.0611719
0.0597522
0.0573294
0.0544401
0.0516025
0.0491459
0.0472028
0.0457698
0.0447843
0.044166
0.0438393
0.043742
0.0438243
0.0440443
0.0443705
0.0447745
0.0452286
0.0457113
0.0462007
0.0466804
0.0471358
0.0475594
0.0479469
0.0482997
0.0486223
0.0489234
0.049213
0.0495069
0.0498232
0.0501807
0.0506043
0.0511177
0.0517427
0.0524973
0.0533915
0.0544259
0.0555872
0.0568557
0.0582093
0.059631
0.0611191
0.0626825
0.0643249
0.0660197
0.0676917
0.0692045
0.0703759
0.0710223
0.0710015
0.0702541
0.068822
0.066834
0.0644689
0.0619169
0.0593447
0.0568805
0.0545996
0.0525414
0.0507165
0.0491164
0.0477231
0.0465174
0.0454802
0.0445914
0.0438414
0.0432188
0.0427188
0.0423358
0.042068
0.0419105
0.0418597
0.0419137
0.0420651
0.0423061
0.0426293
0.0430201
0.0434705
0.0439663
0.0444974
0.0450539
0.0456253
0.0462067
0.0467892
0.0473639
0.0479164
0.0484305
0.0488818
0.0492431
0.0494851
0.0495829
0.0495231
0.0493046
0.0489421
0.0484647
0.0479123
0.0473259
0.0467462
0.0462109
0.0457467
0.0453768
0.0451188
0.0449884
0.0450004
0.0451725
0.0455221
0.0460713
0.0468431
0.0478685
0.0491749
0.0507854
0.0527084
0.0549177
0.0573278
0.0597606
0.0619364
0.0635234
0.0642554
0.0640659
0.0631311
0.0617852
0.0603738
0.0591435
0.0582193
0.0576206
0.0573043
0.0571913
0.0571925
0.0572229
0.0572077
0.0570884
0.0568263
0.0563991
0.0558036
0.0550482
0.0541591
0.0531677
0.052108
0.0510184
0.0499335
0.0488816
0.0478867
0.0469642
0.0461218
0.0453644
0.0446928
0.0441046
0.0435962
0.043164
0.0428081
0.042528
0.0423278
0.0422123
0.042188
0.0422596
0.0424329
0.042709
0.0430857
0.0435558
0.0441048
0.044717
0.0453714
0.0460489
0.0467306
0.0474035
0.048066
0.0487232
0.0493843
0.0500621
0.0507653
0.0514898
0.0522172
0.0529141
0.0535371
0.054046
0.0544116
0.0546288
0.0547089
0.0546769
0.0545567
0.05436
0.0540819
0.0537003
0.053187
0.0525169
0.0516835
0.0506972
0.049589
0.0484041
0.0471924
0.0459964
0.0448527
0.0437854
0.0428082
0.0419262
0.0411408
0.0404463
0.0398391
0.0393139
0.0388663
0.0384923
0.0381926
0.0379665
0.037817
0.0377527
0.0377798
0.0379112
0.038163
0.0385544
0.0391103
0.0398573
0.040824
0.0420399
0.0435293
0.0453046
0.0473568
0.0496498
0.0521035
0.0545789
0.0568665
0.058689
0.059739
0.0597967
0.0588476
0.0571239
0.0550056
0.0528807
0.0510257
0.049587
0.0486085
0.0480747
0.0479362
0.0481344
0.0486071
0.049293
0.0501318
0.0510659
0.052041
0.0530111
0.0539403
0.0548007
0.0555709
0.0562331
0.0567588
0.0570986
0.0571882
0.0569571
0.0563506
0.0553531
0.0540052
0.0524006
0.0506616
0.0489115
0.0472592
0.0457809
0.044522
0.0435058
0.04274
0.0422195
0.041933
0.0418625
0.041985
0.0422687
0.0426738
0.043153
0.0436539
0.0441251
0.0445261
0.0448298
0.0450327
0.045154
0.0452298
0.0453095
0.0454453
0.0456903
0.0460898
0.0466786
0.0474763
0.0484748
0.0496369
0.0508922
0.052147
0.0533087
0.0543148
0.05516
0.0558889
0.0565717
0.0572519
0.0579221
0.0585281
0.0590024
0.0593149
0.0594968
0.0596274
0.0597962
0.0600593
0.0604289
0.0608806
0.0613846
0.0619224
0.0625014
0.063139
0.0638556
0.0646548
0.0655215
0.0664134
0.0672735
0.0680364
0.0686432
0.069045
0.0692118
0.0691288
0.0687953
0.0682185
0.0674121
0.0663935
0.0651919
0.0638436
0.062393
0.0608909
0.0593853
0.0579119
0.0564953
0.0551436
0.0538543
0.0526219
0.0514393
0.0503068
0.0492319
0.0482285
0.0473159
0.0465094
0.0458275
0.0452796
0.0448727
0.0446067
0.0444795
0.0444796
0.0445945
0.0448068
0.0450975
0.0454464
0.0458325
0.0462368
0.0466493
0.0470599
0.0474685
0.0478757
0.0482889
0.0487152
0.0491623
0.0496351
0.0501386
0.0506742
0.051244
0.0518481
0.0524892
0.0531762
0.0539213
0.0547459
0.0556831
0.0567764
0.058072
0.0596194
0.0614493
0.0635591
0.0658827
0.0682632
0.0704532
0.0721411
0.0730389
0.0729911
0.0720427
0.0704161
0.0684115
0.0663005
0.0642593
0.06237
0.0606463
0.0590716
0.0576279
0.0563079
0.0551236
0.0540945
0.053247
0.0526041
0.0521781
0.0519757
0.0519947
0.0522235
0.0526467
0.0532406
0.0539708
0.0547906
0.0556395
0.0564464
0.0571366
0.0576471
0.0579391
0.0579956
0.0578131
0.0573918
0.0567302
0.0558272
0.0546926
0.0533581
0.0518773
0.050317
0.0487495
0.0472367
0.0458292
0.0445591
0.0434439
0.0424892
0.0416949
0.0410558
0.0405674
0.0402231
0.0400207
0.0399588
0.0400348
0.0402521
0.0406069
0.0410948
0.0417056
0.0424199
0.0432121
0.0440438
0.0448751
0.0456639
0.046376
0.0469912
0.0475074
0.0479403
0.0483167
0.0486685
0.0490262
0.0494114
0.0498435
0.0503339
0.0508915
0.0515259
0.0522476
0.0530686
0.0539988
0.0550467
0.056208
0.0574626
0.058763
0.0600372
0.0611839
0.0620884
0.0626412
0.0627692
0.0624591
0.0617623
0.0607857
0.0596519
0.0584715
0.0573183
0.056224
0.0551873
0.0541828
0.0531837
0.0521623
0.0511043
0.0500077
0.0488854
0.0477577
0.0466502
0.0455907
0.044602
0.0437055
0.042916
0.0422458
0.0417043
0.0413024
0.0410543
0.0409784
0.0411022
0.0414608
0.0420932
0.0430338
0.0442906
0.0458109
0.047443
0.0489238
0.049927
0.0501904
0.0496494
0.0484825
0.0470172
0.0455861
0.0444242
0.0436519
0.0433026
0.0433557
0.0437685
0.0444832
0.045439
0.046566
0.0477868
0.0490128
0.0501558
0.0511318
0.0518707
0.0523276
0.052489
0.0523665
0.051996
0.0514242
0.0507008
0.0498746
0.0489861
0.0480682
0.0471485
0.0462462
0.0453751
0.0445453
0.0437653
0.0430383
0.0423678
0.0417594
0.0412164
0.0407387
0.0403301
0.0399909
0.0397224
0.0395223
0.0393913
0.0393236
0.039315
0.0393595
0.0394487
0.0395745
0.0397259
0.0398934
0.0400663
0.0402375
0.0404036
0.0405607
0.0407101
0.0408533
0.0409959
0.0411383
0.0412849
0.0414361
0.0415905
0.0417502
0.0419183
0.042095
0.0422845
0.0424901
0.0427124
0.0429469
0.0431835
0.0434068
0.0435949
0.0437284
0.0437902
0.0437753
0.0436926
0.0435674
