1.76816
1.76816
1.76816
1.76816
1.76816
1.76816
1.76816
1.76816
1.76816
1.76816
1.76816
1.76816
1.76815
1.76814
1.76814
1.76813
1.76811
1.76809
1.76807
1.76805
1.76803
1.768
1.76799
1.76796
1.76793
1.7679
1.76787
1.76784
1.76781
1.7678
1.76777
1.76774
1.76773
1.76771
1.76768
1.76766
1.76765
1.76763
1.76762
1.76761
1.76761
1.7676
1.76759
1.76756
1.76756
1.76755
1.76754
1.76753
1.76752
1.76752
1.76752
1.76751
1.76751
1.7675
1.76748
1.76747
1.76745
1.76745
1.76743
1.76742
1.76741
1.7674
1.76739
1.76739
1.76737
1.76736
1.76735
1.76735
1.76734
1.76734
1.76733
1.76732
1.76732
1.7673
1.76728
1.76727
1.76726
1.76726
1.76725
1.76725
1.76724
1.76723
1.76721
1.7672
1.76719
1.76718
1.76717
1.76715
1.76714
1.76713
1.76711
1.7671
1.76709
1.76708
1.76706
1.76705
1.76704
1.76703
1.76701
1.76701
1.76701
1.76702
1.76703
1.76704
1.76708
1.76713
1.7672
1.7673
1.76742
1.76753
1.76765
1.76775
1.7678
1.76778
1.76768
1.76748
1.76723
1.76697
1.76674
1.76658
1.76652
1.76655
1.76666
1.76682
1.76699
1.76713
1.76718
1.76714
1.76701
1.76681
1.7666
1.76646
1.76641
1.76648
1.76662
1.76682
1.76703
1.76723
1.76741
1.76752
1.76758
1.7676
1.76758
1.76756
1.76752
1.76748
1.76747
1.76747
1.76748
1.7675
1.76753
1.76753
1.76748
1.76737
1.7672
1.76698
1.76677
1.76658
1.76646
1.7664
1.76642
1.76649
1.76662
1.76677
1.76692
1.76709
1.76724
1.76736
1.76744
1.76747
1.76745
1.7674
1.76731
1.7672
1.76709
1.767
1.76693
1.7669
1.7669
1.76693
1.76697
1.76702
1.76707
1.76711
1.76715
1.76717
1.76717
1.76717
1.76718
1.76718
1.76718
1.76719
1.7672
1.76719
1.76719
1.76718
1.76717
1.76716
1.76716
1.76716
1.76717
1.76717
1.76717
1.76717
1.76716
1.76714
1.76711
1.76709
1.76706
1.76703
1.76701
1.76701
1.76701
1.76702
1.76704
1.76707
1.76711
1.76716
1.76722
1.76728
1.76734
1.7674
1.76744
1.76746
1.76746
1.76743
1.7674
1.76736
1.76735
1.76735
1.76738
1.76744
1.76753
1.76761
1.76767
1.76768
1.76762
1.76747
1.76724
1.76697
1.76671
1.7665
1.7664
1.7664
1.76652
1.76672
1.76698
1.76727
1.76759
1.76786
1.76803
1.76803
1.7678
1.76739
1.76691
1.76654
1.76635
1.76637
1.76654
1.7668
1.76713
1.76748
1.76784
1.76818
1.76845
1.76861
1.76861
1.76841
1.768
1.76745
1.76685
1.76636
1.76603
1.7659
1.76594
1.76611
1.76632
1.76656
1.76676
1.76693
1.76705
1.76713
1.76718
1.7672
1.7672
1.76718
1.76717
1.76716
1.76714
1.76713
1.76714
1.76714
1.76714
1.76715
1.76715
1.76715
1.76716
1.76716
1.76718
1.7672
1.76725
1.7673
1.76738
1.76748
1.76761
1.76776
1.76789
1.76799
1.76801
1.76791
1.76769
1.76738
1.7671
1.76687
1.76677
1.76677
1.76685
1.76694
1.76703
1.7671
1.76715
1.76718
1.76718
1.76716
1.76715
1.76713
1.76712
1.76713
1.76715
1.76718
1.76721
1.76723
1.76725
1.76724
1.7672
1.76717
1.76714
1.76712
1.76711
1.76713
1.76716
1.76719
1.76723
1.76725
1.76728
1.76729
1.7673
1.76728
1.76726
1.76723
1.76721
1.76719
1.76718
1.76717
1.76715
1.76715
1.76714
1.76714
1.76714
1.76714
1.76713
1.76713
1.76712
1.76714
1.76717
1.7672
1.76725
1.76732
1.76742
1.76754
1.76768
1.76782
1.76796
1.76808
1.76815
1.76813
1.76798
1.76769
1.7673
1.76687
1.76647
1.76619
1.76605
1.76604
1.76612
1.76627
1.76645
1.76662
1.76681
1.76698
1.76716
1.76733
1.76749
1.76763
1.76775
1.76784
1.76786
1.76781
1.7677
1.76756
1.76743
1.76732
1.76724
1.7672
1.76715
1.76711
1.76705
1.767
1.76696
1.76695
1.76695
1.76696
1.76698
1.767
1.76701
1.76704
1.76704
1.76706
1.76706
1.76707
1.76708
1.76708
1.76709
1.76709
1.76709
1.7671
1.7671
1.7671
1.76712
1.76713
1.76714
1.76715
1.76716
1.76717
1.76716
1.76717
1.76717
1.76718
1.76719
1.7672
1.76722
1.76723
1.76725
1.76726
1.7673
1.76732
1.76734
1.76736
1.76736
1.76737
1.76736
1.76734
1.76731
1.76726
1.76721
1.76717
1.76715
1.76714
1.76715
1.76717
1.76719
1.76722
1.76724
1.76725
1.76724
1.76723
1.7672
1.76716
1.76711
1.76705
1.767
1.76696
1.76693
1.76692
1.76694
1.76696
1.767
1.76705
1.76709
1.76712
1.76714
1.76716
1.76716
1.76718
1.76719
1.7672
1.76723
1.76726
1.76729
1.76733
1.76735
1.76735
1.76733
1.7673
1.76725
1.76719
1.76714
1.7671
1.76708
1.76708
1.7671
1.76712
1.76713
1.76713
1.76711
1.76707
1.76702
1.76697
1.76694
1.76694
1.76694
1.76698
1.76701
1.76706
1.76712
1.76718
1.76723
1.76728
1.76731
1.76732
1.76729
1.76725
1.7672
1.76715
1.76709
1.76703
1.76695
1.76687
1.7668
1.76674
1.76669
1.76669
1.76673
1.76679
1.76686
1.76695
1.76704
1.76714
1.76725
1.76734
1.76743
1.76751
1.76756
1.76759
1.76758
1.76753
1.76747
1.76741
1.76733
1.76726
1.76718
1.76714
1.76711
1.76712
1.76717
1.76725
1.76736
1.76745
1.76754
1.76759
1.76758
1.76752
1.76741
1.76727
1.76717
1.76709
1.76706
1.76707
1.7671
1.76713
1.76716
1.76716
1.76711
1.76706
1.76699
1.76695
1.76692
1.76693
1.76692
1.76691
1.7669
1.76685
1.76684
1.76684
1.76686
1.7669
1.76697
1.76705
1.76712
1.7672
1.76729
1.76737
1.76745
1.76752
1.76759
1.76765
1.7677
1.76771
1.76768
1.76762
1.76752
1.7674
1.76725
1.76709
1.76697
1.76688
1.76683
1.76682
1.76684
1.76686
1.7669
1.76694
1.76698
1.76702
1.76705
1.76708
1.76711
1.76714
1.76716
1.76718
1.7672
1.76723
1.76725
1.76726
1.76726
1.76724
1.7672
1.76715
1.76708
1.76701
1.76694
1.7669
1.76689
1.76691
1.76696
1.76704
1.76716
1.76733
1.76754
1.76776
1.76798
1.76816
1.76826
1.76823
1.76807
1.76779
1.76739
1.7669
1.76643
1.76608
1.76597
1.76609
1.76638
1.76674
1.76713
1.76752
1.76788
1.76821
1.76842
1.76838
1.76802
1.76735
1.7666
1.76606
1.76587
1.76598
1.76624
1.76653
1.7668
1.76701
1.76717
1.76729
1.76738
1.76743
1.76745
1.76744
1.76742
1.76737
1.76729
1.76718
1.76708
1.76699
1.76694
1.76692
1.76693
1.76697
1.76704
1.76712
1.7672
1.7673
1.76742
1.76755
1.76769
1.76784
1.76799
1.76809
1.76808
1.76794
1.76766
1.7673
1.76693
1.76665
1.76649
1.76647
1.76654
1.76665
1.76679
1.76691
1.76701
1.76708
1.76713
1.76717
1.7672
1.7672
1.76722
1.76725
1.76728
1.76732
1.76736
1.76738
1.76738
1.76735
1.7673
1.76723
1.76716
1.7671
1.76707
1.76703
1.76702
1.76701
1.76701
1.76704
1.7671
1.76715
1.76724
1.76734
1.76744
1.76751
1.76755
1.76753
1.76748
1.76739
1.76729
1.76719
1.7671
1.76704
1.767
1.76698
1.767
1.76703
1.76708
1.76712
1.76717
1.7672
1.76722
1.76722
1.7672
1.76717
1.76713
1.76709
1.76707
1.76704
1.76704
1.76706
1.7671
1.76715
1.76722
1.76729
1.76737
1.76743
1.76748
1.76751
1.7675
1.76746
1.7674
1.76733
1.76724
1.76717
1.76711
1.76708
1.76704
1.767
1.767
1.767
1.76701
1.76703
1.76708
1.76713
1.76718
1.76724
1.7673
1.76737
1.76743
1.76747
1.76752
1.76756
1.7676
1.76762
1.76763
1.76762
1.76758
1.76754
1.7675
1.76744
1.76738
1.76733
1.76729
1.76725
1.76722
1.76717
1.76712
1.76705
1.76697
1.7669
1.76686
1.76685
1.76687
1.76692
1.76697
1.76702
1.76708
1.76713
1.76717
1.7672
1.76722
1.76723
1.76723
1.76723
1.76722
1.76721
1.7672
1.76719
1.76719
1.7672
1.76721
1.76723
1.76724
1.76727
1.7673
1.76733
1.76736
1.76739
1.7674
1.7674
1.76738
1.76734
1.76728
1.76719
1.76711
1.76702
1.76698
1.76695
1.76698
1.76705
1.76719
1.76736
1.76757
1.76782
1.76807
1.76827
1.76836
1.76826
1.76792
1.7674
1.7668
1.76634
1.76613
1.76622
1.76653
1.76694
1.76736
1.76767
1.76781
1.76771
1.76744
1.76707
1.76674
1.76654
1.76648
1.76655
1.76667
1.76679
1.76687
1.76688
1.76685
1.76679
1.76673
1.76671
1.76671
1.76673
1.76677
1.76681
1.76685
1.7669
1.76695
1.76699
1.76704
1.76708
1.76714
1.76721
1.76728
1.76738
1.76749
1.7676
1.76771
1.76778
1.76782
1.7678
1.76774
1.76766
1.76765
1.76772
1.76786
1.768
1.768
1.76775
1.76724
1.7666
1.76608
1.76581
1.76581
1.76598
1.76624
1.7665
1.76672
1.76691
1.76704
1.76714
1.7672
1.76722
1.76721
1.76717
1.7671
1.76703
1.76697
1.76691
1.76689
1.76689
1.76692
1.76696
1.76702
1.76708
1.76715
1.76722
1.7673
1.76737
1.76747
1.76755
1.76766
1.76776
1.76787
1.76795
1.768
1.76799
1.76793
1.76779
1.76762
1.76743
1.76726
1.76712
1.76701
1.76695
1.76692
1.76694
1.76698
1.76703
1.76707
1.7671
1.76711
1.76709
1.76705
1.767
1.76695
1.76692
1.76689
1.76689
1.76691
1.76694
1.76696
1.767
1.76704
1.76708
1.76712
1.76715
1.76717
1.76719
1.76721
1.76722
1.76722
1.76724
1.76726
1.76727
1.76728
1.76729
1.76731
1.76733
1.76736
1.76741
1.76745
1.7675
1.52049
1.52053
1.52055
1.52055
1.52053
1.52046
1.52037
1.52026
1.52017
1.52006
1.51997
1.51991
1.51988
1.51987
1.51989
1.5199
1.51993
1.51995
1.51997
1.52001
1.52004
1.52007
1.5201
1.52011
1.52011
1.52011
1.52008
1.52005
1.52002
1.52001
1.52
1.52
1.52002
1.52004
1.52005
1.52006
1.52006
1.52005
1.52004
1.52
1.51996
1.51989
1.51985
1.51983
1.51985
1.51989
1.51995
1.52005
1.52015
1.52026
1.52036
1.52047
1.52056
1.52063
1.52068
1.52069
1.52065
1.52055
1.52037
1.52013
1.51988
1.51964
1.51945
1.51934
1.51931
1.51933
1.51939
1.51946
1.51954
1.51964
1.51974
1.51984
1.51993
1.52001
1.5201
1.52019
1.52028
1.52036
1.52043
1.52048
1.5205
1.52048
1.52042
1.52034
1.52023
1.52014
1.52006
1.52003
1.52002
1.52004
1.52006
1.52005
1.52
1.51991
1.51979
1.51969
1.51964
1.51963
1.51966
1.51973
1.51981
1.5199
1.51996
1.52001
1.52004
1.52004
1.52005
1.52003
1.52002
1.52001
1.52
1.52
1.52001
1.52003
1.52007
1.52012
1.52018
1.52025
1.52033
1.52044
1.52053
1.52061
1.52068
1.52071
1.52069
1.52061
1.52044
1.52023
1.51998
1.51975
1.51957
1.51944
1.5194
1.51942
1.51947
1.51952
1.51959
1.51963
1.51966
1.51969
1.51973
1.51975
1.51978
1.51982
1.51986
1.51992
1.51998
1.52006
1.52014
1.52022
1.5203
1.52037
1.52043
1.52048
1.52049
1.52048
1.52045
1.52039
1.52031
1.52025
1.52021
1.52019
1.52022
1.52027
1.52029
1.52027
1.52018
1.52002
1.51982
1.51963
1.51952
1.51949
1.51953
1.51961
1.51972
1.51983
1.51993
1.52004
1.52013
1.52022
1.52031
1.5204
1.52047
1.52053
1.52054
1.52052
1.52048
1.52043
1.52038
1.52036
1.52037
1.52042
1.52047
1.5205
1.52049
1.52044
1.52035
1.52023
1.52009
1.51995
1.51982
1.51969
1.51957
1.51947
1.51942
1.51941
1.51946
1.51954
1.51964
1.51974
1.51985
1.51995
1.52004
1.52013
1.5202
1.52026
1.52031
1.52035
1.52038
1.52042
1.52044
1.52046
1.52048
1.5205
1.5205
1.52049
1.52045
1.52039
1.52029
1.52016
1.52003
1.51992
1.51984
1.51979
1.5198
1.51985
1.51993
1.52003
1.52015
1.52026
1.52036
1.52042
1.52041
1.52036
1.52021
1.52004
1.51986
1.51973
1.51963
1.51961
1.51965
1.51974
1.51982
1.51991
1.52002
1.52013
1.52024
1.52034
1.52044
1.52052
1.52056
1.52058
1.52053
1.52039
1.52019
1.51996
1.51973
1.51955
1.51943
1.51938
1.51941
1.51951
1.51967
1.51987
1.52012
1.52041
1.5207
1.52096
1.52115
1.52122
1.52113
1.52092
1.52071
1.52058
1.52052
1.5205
1.52047
1.52036
1.52018
1.51994
1.5197
1.51951
1.51939
1.51934
1.51936
1.51943
1.51953
1.51964
1.51974
1.51984
1.51992
1.51997
1.52
1.52004
1.52006
1.52008
1.5201
1.52012
1.52014
1.52015
1.52017
1.52018
1.52019
1.52019
1.5202
1.52021
1.52022
1.52022
1.52024
1.52024
1.52026
1.52028
1.52031
1.52034
1.52036
1.52037
1.52038
1.52037
1.52034
1.5203
1.52024
1.52016
1.52008
1.52001
1.51995
1.51992
1.51991
1.51993
1.51995
1.52
1.52004
1.52007
1.5201
1.52012
1.52012
1.52011
1.52007
1.52001
1.51996
1.51991
1.51986
1.51984
1.51983
1.51984
1.51984
1.51986
1.51989
1.51992
1.51996
1.52001
1.52004
1.52008
1.5201
1.52011
1.52011
1.52009
1.52006
1.52002
1.51999
1.51996
1.51995
1.51995
1.51996
1.51998
1.52001
1.52006
1.52012
1.5202
1.5203
1.5204
1.52046
1.52051
1.52049
1.52042
1.52027
1.52008
1.51987
1.5197
1.51956
1.51947
1.51945
1.51947
1.51953
1.5196
1.51969
1.51978
1.51984
1.51988
1.51993
1.51995
1.51997
1.52
1.52001
1.52005
1.5201
1.52018
1.52026
1.52036
1.52044
1.52049
1.5205
1.52043
1.5203
1.52013
1.51997
1.51987
1.51985
1.51989
1.51997
1.52005
1.52011
1.52008
1.51997
1.5198
1.5196
1.51944
1.51936
1.51939
1.51948
1.51963
1.5198
1.51996
1.52009
1.52018
1.52021
1.52016
1.52006
1.5199
1.51974
1.51957
1.51947
1.51942
1.51941
1.51943
1.51948
1.51954
1.5196
1.51967
1.51972
1.51978
1.51984
1.51991
1.51998
1.52006
1.52016
1.52026
1.52038
1.52054
1.52072
1.52092
1.52112
1.52126
1.52128
1.52112
1.52083
1.52051
1.5203
1.52022
1.5201
1.51975
1.51914
1.51855
1.51824
1.51829
1.51855
1.51886
1.51911
1.51929
1.51941
1.51948
1.51955
1.5196
1.51966
1.51973
1.5198
1.51989
1.51997
1.52005
1.52012
1.5202
1.52026
1.52028
1.52027
1.52022
1.52013
1.52003
1.51992
1.51981
1.51973
1.51968
1.51966
1.51967
1.5197
1.51974
1.5198
1.51985
1.5199
1.51996
1.52001
1.52007
1.52013
1.5202
1.52027
1.52033
1.52039
1.52041
1.5204
1.52036
1.52028
1.52018
1.52006
1.51996
1.51988
1.51983
1.5198
1.51979
1.51981
1.51985
1.51991
1.51997
1.52001
1.52005
1.52005
1.52003
1.51997
1.51988
1.5198
1.51973
1.51969
1.51968
1.5197
1.51974
1.51978
1.51985
1.51992
1.51998
1.52004
1.52011
1.52015
1.52019
1.52022
1.52024
1.52024
1.52024
1.52024
1.52024
1.52025
1.52027
1.52032
1.52038
1.52046
1.52054
1.52061
1.52063
1.5206
1.52047
1.52025
1.51998
1.51968
1.51941
1.51925
1.51919
1.51921
1.51932
1.51947
1.51965
1.5198
1.51993
1.52006
1.52014
1.52018
1.5202
1.5202
1.52018
1.52016
1.52015
1.52017
1.5202
1.52025
1.52032
1.5204
1.52046
1.52048
1.52045
1.52037
1.52021
1.52001
1.5198
1.51961
1.51946
1.51938
1.51936
1.51939
1.51947
1.51955
1.51963
1.51971
1.51979
1.51987
1.51995
1.52003
1.52012
1.5202
1.52028
1.52035
1.5204
1.52043
1.52044
1.52041
1.52035
1.52025
1.52016
1.52003
1.51992
1.51981
1.51973
1.51968
1.51965
1.51965
1.51967
1.5197
1.51975
1.51981
1.5199
1.51998
1.52009
1.52021
1.52036
1.52054
1.52074
1.52093
1.52109
1.52118
1.52115
1.521
1.52072
1.52038
1.52002
1.51968
1.5194
1.51919
1.5191
1.5191
1.5192
1.51936
1.51957
1.5198
1.51999
1.52016
1.52026
1.52029
1.52027
1.5202
1.5201
1.52001
1.51996
1.51995
1.51997
1.51999
1.52001
1.51999
1.51994
1.51989
1.51986
1.51983
1.51982
1.51984
1.51988
1.51991
1.51995
1.51999
1.52002
1.52004
1.52005
1.52005
1.52006
1.52007
1.52006
1.52006
1.52006
1.52007
1.5201
1.52014
1.5202
1.52029
1.52042
1.52058
1.5208
1.52103
1.52123
1.52134
1.52128
1.52103
1.52064
1.52026
1.51995
1.51973
1.51957
1.51942
1.51928
1.51918
1.51916
1.51922
1.51937
1.51957
1.51982
1.52009
1.52035
1.52059
1.52075
1.52079
1.52066
1.52037
1.51999
1.51962
1.51937
1.51928
1.51933
1.51944
1.51961
1.51977
1.51993
1.52007
1.52017
1.52026
1.52029
1.52027
1.52018
1.52005
1.51989
1.51977
1.51969
1.51966
1.51968
1.51974
1.51982
1.51993
1.52004
1.52016
1.52028
1.52042
1.52057
1.52071
1.52083
1.5209
1.52088
1.52076
1.52057
1.52033
1.52014
1.52001
1.51993
1.5199
1.5199
1.51989
1.51988
1.51988
1.51987
1.51987
1.51985
1.51982
1.51976
1.51969
1.51965
1.51962
1.51962
1.51965
1.51968
1.51972
1.51978
1.51982
1.51987
1.51991
1.51996
1.52
1.52004
1.52011
1.52017
1.52023
1.5203
1.52037
1.52043
1.52044
1.52043
1.52037
1.52028
1.52016
1.52005
1.51997
1.51994
1.51996
1.52003
1.52013
1.52024
1.52034
1.52043
1.52046
1.52043
1.52034
1.52019
1.52002
1.51986
1.51973
1.51967
1.51967
1.51971
1.51977
1.51985
1.51992
1.51997
1.51999
1.51998
1.51995
1.51991
1.5199
1.51988
1.51987
1.51989
1.51991
1.51993
1.51993
1.51992
1.51989
1.51986
1.51982
1.51981
1.51981
1.51984
1.51987
1.51992
1.51999
1.52004
1.5201
1.52015
1.52019
1.52023
1.52026
1.52028
1.52028
1.52027
1.52025
1.52023
1.52021
1.52019
1.52018
1.52017
1.52017
1.52018
1.52019
1.52019
1.52016
1.52013
1.52007
1.52001
1.51997
1.51993
1.51992
1.51993
1.51993
1.51994
1.51994
1.51993
1.51991
1.51988
1.51985
1.51982
1.5198
1.51979
1.51978
1.51977
1.51977
1.51977
1.51977
1.51978
1.51979
1.5198
1.51981
1.51982
1.51984
1.51986
1.51988
1.51991
1.51994
1.51996
1.52001
1.52005
1.52009
1.52013
1.52017
1.52022
1.52028
1.52033
1.52039
1.52044
1.52048
1.52052
1.52056
1.52058
1.52058
1.52055
1.52046
1.52031
1.5201
1.51984
1.51959
1.51938
1.51927
1.51926
1.5193
1.5194
1.51951
1.51963
1.51976
1.51985
1.51993
1.52
1.52005
1.5201
1.52017
1.52025
1.52034
1.52047
1.52061
1.52071
1.52071
1.52056
1.52023
1.51979
1.51941
1.5192
1.51921
1.51937
1.51961
1.51989
1.52013
1.52033
1.52047
1.52055
1.52056
1.52051
1.5204
1.52025
1.52009
1.51993
1.5198
1.51971
1.51968
1.5197
1.51976
1.51983
1.5199
1.51996
1.51999
1.51997
1.51993
1.51986
1.51979
1.51973
1.51969
1.51967
1.51967
1.51969
1.51972
1.51975
1.51979
1.51984
1.51989
1.51993
1.51997
1.52002
1.52008
1.52013
1.52018
1.52022
1.52027
1.52031
1.52037
1.52044
1.52052
1.52062
1.52071
1.52074
1.52068
1.52046
1.5201
1.51967
1.51928
1.51903
1.51895
1.51901
1.43434
1.4345
1.43466
1.43481
1.43494
1.43507
1.43517
1.43525
1.43533
1.43538
1.43543
1.43547
1.4355
1.43551
1.43551
1.4355
1.43547
1.43544
1.4354
1.43538
1.43535
1.43531
1.43528
1.43524
1.43521
1.43517
1.43512
1.43508
1.43503
1.435
1.43496
1.43495
1.43496
1.435
1.43507
1.43515
1.43524
1.43534
1.43542
1.43548
1.43551
1.43548
1.4354
1.4353
1.43517
1.43506
1.43499
1.43497
1.43498
1.43503
1.4351
1.43515
1.43521
1.43526
1.43531
1.43533
1.43535
1.43537
1.43539
1.43541
1.43542
1.43545
1.43547
1.43551
1.43557
1.43562
1.43566
1.4357
1.43571
1.43569
1.43564
1.43553
1.4354
1.43524
1.4351
1.43499
1.43493
1.43492
1.43493
1.43497
1.43502
1.43508
1.43514
1.43517
1.43521
1.43524
1.43525
1.43526
1.43527
1.43526
1.43527
1.43527
1.43529
1.43531
1.43533
1.43535
1.43538
1.4354
1.43543
1.43545
1.43546
1.43547
1.43545
1.43542
1.43537
1.43532
1.43525
1.43518
1.43511
1.43505
1.435
1.43496
1.43495
1.43494
1.43496
1.43498
1.435
1.43503
1.43505
1.43508
1.43511
1.43513
1.43515
1.43519
1.43522
1.43523
1.43526
1.43528
1.43531
1.43536
1.43541
1.43546
1.43552
1.43558
1.43563
1.43565
1.43566
1.43563
1.43557
1.43548
1.43536
1.43522
1.43508
1.43496
1.43488
1.43482
1.43481
1.43481
1.43485
1.43492
1.43499
1.43508
1.43518
1.4353
1.43543
1.4356
1.43579
1.43596
1.43608
1.43606
1.43584
1.43543
1.4349
1.43445
1.43419
1.43414
1.43425
1.43443
1.43461
1.43478
1.43492
1.43504
1.43515
1.43525
1.43535
1.43545
1.43557
1.43571
1.43586
1.43602
1.43615
1.43623
1.43623
1.43611
1.43587
1.43552
1.43511
1.43469
1.43433
1.43408
1.43398
1.43402
1.43414
1.43433
1.43453
1.43473
1.43491
1.43505
1.43517
1.43526
1.43533
1.43537
1.43541
1.43546
1.43553
1.43556
1.43559
1.43559
1.43553
1.43541
1.43526
1.43512
1.43505
1.43504
1.4351
1.43521
1.43536
1.43552
1.43564
1.43574
1.43578
1.43578
1.43572
1.43563
1.43556
1.43549
1.43543
1.43536
1.43525
1.43512
1.43497
1.43485
1.43479
1.4348
1.43487
1.435
1.43514
1.43525
1.43534
1.43536
1.43534
1.43528
1.43521
1.43515
1.43512
1.4351
1.43512
1.43514
1.4352
1.43523
1.43525
1.43526
1.43524
1.43521
1.43516
1.43511
1.43509
1.43511
1.43517
1.43528
1.43543
1.4356
1.43578
1.43595
1.43607
1.43614
1.43611
1.43599
1.43578
1.43549
1.43517
1.43488
1.43467
1.43456
1.43453
1.43457
1.43466
1.43478
1.43491
1.43502
1.43513
1.43522
1.43529
1.43535
1.4354
1.43543
1.43546
1.43548
1.4355
1.4355
1.4355
1.43551
1.43551
1.43551
1.4355
1.43549
1.43547
1.43543
1.43539
1.43535
1.43529
1.43525
1.4352
1.43516
1.43513
1.43511
1.43512
1.43513
1.43515
1.43518
1.43521
1.43525
1.43529
1.43532
1.43537
1.4354
1.43542
1.43544
1.43544
1.43543
1.43539
1.43535
1.43531
1.43527
1.43524
1.43524
1.43524
1.43527
1.43532
1.43535
1.4354
1.43545
1.4355
1.43554
1.43558
1.43561
1.43563
1.43561
1.43553
1.4354
1.43523
1.43505
1.43489
1.43479
1.43472
1.43472
1.43473
1.43476
1.4348
1.43484
1.43489
1.43494
1.43498
1.43502
1.43506
1.43508
1.4351
1.43512
1.43514
1.43514
1.43515
1.43517
1.43517
1.43519
1.4352
1.43523
1.43526
1.4353
1.43534
1.43539
1.43544
1.43549
1.43555
1.43561
1.43567
1.43573
1.43577
1.43579
1.43578
1.43575
1.43569
1.43562
1.43554
1.43547
1.43539
1.43529
1.43519
1.43505
1.43492
1.43478
1.43466
1.43459
1.43457
1.43459
1.43463
1.4347
1.43477
1.43485
1.43493
1.43501
1.43508
1.43516
1.43521
1.43528
1.43534
1.43539
1.43543
1.43547
1.4355
1.43552
1.43553
1.43554
1.43553
1.43553
1.43551
1.43551
1.43552
1.43552
1.43552
1.43552
1.43552
1.43549
1.43543
1.43536
1.43528
1.43519
1.43511
1.43504
1.435
1.43496
1.43495
1.43497
1.43498
1.43501
1.43503
1.43505
1.43507
1.43508
1.4351
1.4351
1.4351
1.4351
1.43509
1.43509
1.43507
1.43508
1.43509
1.4351
1.43512
1.43515
1.43518
1.43519
1.43521
1.43523
1.43525
1.43526
1.43527
1.43528
1.43529
1.43532
1.43536
1.4354
1.43545
1.43552
1.43556
1.4356
1.43562
1.43557
1.4355
1.43539
1.43528
1.43519
1.43514
1.43515
1.43522
1.43533
1.43547
1.43562
1.43573
1.43575
1.43566
1.43543
1.43516
1.43489
1.43473
1.43468
1.43473
1.43484
1.43497
1.43508
1.43517
1.43523
1.43525
1.43525
1.43525
1.43523
1.4352
1.43516
1.43514
1.43511
1.4351
1.4351
1.43511
1.43513
1.43517
1.43522
1.43529
1.43536
1.43543
1.43553
1.43565
1.43578
1.43591
1.43604
1.43618
1.43625
1.43625
1.43611
1.43586
1.43552
1.43519
1.43493
1.43477
1.43472
1.43475
1.43482
1.4349
1.43499
1.43508
1.43516
1.43523
1.43531
1.43537
1.43543
1.43549
1.43554
1.43558
1.43562
1.43567
1.43571
1.43574
1.43576
1.43577
1.43578
1.43575
1.43571
1.43564
1.43556
1.43548
1.43541
1.43537
1.43534
1.43532
1.43531
1.4353
1.43528
1.43526
1.43525
1.43525
1.43524
1.43523
1.43523
1.43525
1.43528
1.43531
1.43535
1.43539
1.43543
1.43546
1.43549
1.43552
1.43553
1.43554
1.43552
1.4355
1.43547
1.43545
1.43543
1.43543
1.43542
1.43542
1.43543
1.43546
1.43548
1.43552
1.43554
1.43556
1.43558
1.43558
1.43556
1.43555
1.43552
1.43548
1.43545
1.43539
1.43533
1.43527
1.43521
1.43512
1.43505
1.43498
1.43492
1.4349
1.4349
1.43493
1.43499
1.43506
1.43515
1.43524
1.43531
1.43539
1.43546
1.43554
1.43561
1.43567
1.43571
1.43576
1.43579
1.4358
1.4358
1.43578
1.43572
1.43566
1.43559
1.43552
1.43548
1.43545
1.43543
1.43541
1.43538
1.43532
1.43524
1.43513
1.43502
1.43491
1.43485
1.43481
1.43481
1.43483
1.43488
1.43494
1.435
1.43506
1.43511
1.43515
1.4352
1.43524
1.43528
1.43532
1.43536
1.4354
1.43543
1.43546
1.43549
1.43552
1.43554
1.43556
1.43558
1.4356
1.43561
1.43562
1.43563
1.43562
1.4356
1.43557
1.43553
1.43546
1.4354
1.43533
1.43526
1.43519
1.43512
1.43507
1.43503
1.435
1.43498
1.43498
1.43498
1.435
1.43503
1.43508
1.43513
1.43519
1.43525
1.43531
1.43535
1.4354
1.43543
1.43544
1.43544
1.43544
1.43542
1.43542
1.43541
1.43541
1.43541
1.4354
1.43537
1.43533
1.43528
1.43521
1.43514
1.43509
1.43507
1.43507
1.4351
1.43513
1.43517
1.43521
1.43524
1.43526
1.43525
1.43524
1.43521
1.4352
1.43519
1.43521
1.43525
1.43533
1.43541
1.4355
1.4356
1.43569
1.43577
1.43584
1.43588
1.43591
1.43591
1.43588
1.43582
1.43573
1.43561
1.43545
1.43527
1.4351
1.43496
1.43485
1.43479
1.43476
1.43477
1.43481
1.43489
1.43498
1.4351
1.43523
1.43538
1.43556
1.43573
1.43588
1.43601
1.43608
1.43606
1.43593
1.4357
1.43543
1.43517
1.43497
1.43485
1.43482
1.43485
1.43492
1.43501
1.43511
1.43521
1.4353
1.43535
1.43539
1.4354
1.43538
1.43535
1.4353
1.43526
1.43523
1.43522
1.43526
1.43531
1.43538
1.43548
1.43558
1.4357
1.4358
1.4359
1.43596
1.436
1.43604
1.43605
1.43605
1.43602
1.43596
1.43583
1.43562
1.43538
1.43514
1.43494
1.43479
1.43471
1.43471
1.43473
1.43479
1.43487
1.43496
1.43504
1.43511
1.43516
1.4352
1.43522
1.43522
1.43522
1.43523
1.43523
1.43524
1.43526
1.43528
1.43531
1.43535
1.4354
1.43545
1.43551
1.43556
1.43562
1.43569
1.43575
1.43582
1.43589
1.43597
1.43604
1.43608
1.43608
1.43602
1.43588
1.43567
1.4354
1.43513
1.43492
1.4348
1.43479
1.43487
1.435
1.43515
1.43531
1.43545
1.43558
1.43567
1.43574
1.43579
1.43582
1.43582
1.43582
1.43578
1.4357
1.43559
1.43548
1.43536
1.43526
1.43517
1.43513
1.43512
1.43514
1.43517
1.4352
1.43523
1.43527
1.43529
1.43532
1.43533
1.43535
1.43537
1.43538
1.43539
1.4354
1.43542
1.43543
1.43543
1.43544
1.43543
1.43543
1.43544
1.43544
1.43545
1.43547
1.4355
1.43554
1.43559
1.43565
1.43574
1.4358
1.43585
1.43585
1.4358
1.43568
1.4355
1.43531
1.43512
1.43499
1.43493
1.43493
1.43498
1.43506
1.43513
1.43522
1.4353
1.43538
1.43545
1.43552
1.43558
1.43561
1.43563
1.43563
1.43562
1.43559
1.43557
1.43556
1.43553
1.43549
1.43542
1.43532
1.43521
1.43509
1.43499
1.43494
1.43491
1.43494
1.43497
1.43502
1.43508
1.43513
1.43517
1.43521
1.43523
1.43525
1.43527
1.4353
1.43536
1.43546
1.4356
1.43581
1.4361
1.43646
1.43682
1.43704
1.43694
1.43644
1.43568
1.435
1.43469
1.43471
1.43489
1.43508
1.4352
1.43525
1.43526
1.43525
1.43525
1.43524
1.43521
1.43517
1.4351
1.43503
1.43498
1.43497
1.435
1.4351
1.43522
1.43536
1.43548
1.4356
1.43568
1.43571
1.43572
1.43568
1.43561
1.43553
1.43545
1.43539
1.43537
1.43535
1.43536
1.43538
1.43537
1.43535
1.4353
1.43524
1.43518
1.43513
1.4351
1.43509
1.43511
1.43516
1.43523
1.43531
1.43541
1.43551
1.43559
1.43565
1.43568
1.43566
1.43561
1.43552
1.43541
1.43532
1.41199
1.41196
1.41196
1.41199
1.41202
1.41207
1.41213
1.41219
1.41223
1.41227
1.4123
1.41231
1.41229
1.41224
1.41216
1.41206
1.41197
1.41191
1.41189
1.4119
1.41195
1.41203
1.41213
1.41224
1.41237
1.41251
1.41267
1.41282
1.41295
1.413
1.41293
1.41273
1.41242
1.41206
1.41173
1.41152
1.4114
1.41138
1.41141
1.41146
1.41152
1.41158
1.41165
1.41171
1.41178
1.41184
1.41189
1.41195
1.412
1.41203
1.41206
1.41207
1.41208
1.41209
1.41209
1.41208
1.41206
1.41206
1.41203
1.41201
1.41201
1.412
1.41199
1.41198
1.41198
1.41199
1.41202
1.41206
1.41211
1.41217
1.41223
1.41228
1.41231
1.41232
1.41232
1.41228
1.41221
1.41213
1.41204
1.41197
1.4119
1.41185
1.41182
1.41181
1.41181
1.41182
1.41187
1.41191
1.41197
1.41204
1.41212
1.41223
1.41233
1.41246
1.41257
1.41266
1.41269
1.41264
1.41249
1.41226
1.412
1.41175
1.41153
1.41141
1.41134
1.41133
1.41137
1.41143
1.41152
1.41163
1.41176
1.41191
1.41208
1.41227
1.41247
1.41265
1.4128
1.41287
1.41283
1.41267
1.41239
1.41208
1.41179
1.41157
1.41146
1.41145
1.4115
1.41157
1.41164
1.41173
1.41182
1.41192
1.41204
1.41216
1.41227
1.41237
1.41242
1.41243
1.41241
1.41238
1.41234
1.41231
1.41229
1.41223
1.41215
1.41202
1.41188
1.41174
1.41164
1.41161
1.41163
1.41168
1.41177
1.41185
1.41192
1.41201
1.41208
1.41215
1.41221
1.41229
1.41236
1.41242
1.41245
1.41246
1.41243
1.41235
1.41225
1.41213
1.41204
1.41199
1.412
1.41206
1.41214
1.41222
1.41228
1.41227
1.4122
1.41208
1.41192
1.41177
1.41168
1.41165
1.41168
1.41175
1.41186
1.41197
1.41207
1.41218
1.41226
1.41233
1.41239
1.41242
1.41241
1.41238
1.41232
1.4122
1.41207
1.41192
1.41175
1.41161
1.41148
1.4114
1.41138
1.41141
1.41147
1.41156
1.41166
1.41176
1.41184
1.41191
1.41199
1.41206
1.41213
1.41219
1.41223
1.41227
1.41232
1.41234
1.41235
1.41233
1.41229
1.41223
1.41214
1.41204
1.41194
1.41183
1.41175
1.41169
1.41164
1.41164
1.41164
1.41166
1.41169
1.41172
1.41176
1.41178
1.41182
1.41186
1.41189
1.41192
1.41195
1.41197
1.41199
1.41201
1.41202
1.41203
1.41202
1.41203
1.41203
1.41201
1.412
1.41197
1.41194
1.41191
1.41187
1.41183
1.4118
1.41176
1.41173
1.41171
1.41168
1.41167
1.41168
1.41167
1.41168
1.4117
1.4117
1.41171
1.41171
1.41172
1.41173
1.41174
1.41173
1.41173
1.41172
1.41171
1.41169
1.41169
1.41169
1.41168
1.41169
1.41171
1.41174
1.41177
1.41181
1.41185
1.4119
1.41194
1.41198
1.41201
1.41205
1.41208
1.41211
1.41213
1.41214
1.41213
1.4121
1.41206
1.41201
1.41194
1.41187
1.41181
1.41177
1.41177
1.41179
1.41182
1.41187
1.41192
1.41195
1.41197
1.41198
1.41198
1.412
1.41202
1.41206
1.41209
1.41212
1.41213
1.41211
1.41207
1.41202
1.41194
1.41186
1.4118
1.41176
1.41176
1.41177
1.41181
1.41184
1.41186
1.41185
1.41183
1.41181
1.41177
1.41174
1.41173
1.41172
1.41173
1.41176
1.4118
1.41183
1.41186
1.41189
1.41189
1.41189
1.41188
1.41187
1.41189
1.41192
1.412
1.4121
1.41224
1.41243
1.41265
1.41287
1.41305
1.41316
1.41311
1.41287
1.41246
1.41197
1.41148
1.4111
1.41088
1.41082
1.41091
1.41111
1.41136
1.41164
1.41191
1.41215
1.41236
1.41251
1.41259
1.41258
1.41249
1.41234
1.41218
1.41202
1.41188
1.4118
1.41174
1.41172
1.41179
1.41195
1.4122
1.4125
1.41278
1.41294
1.41289
1.41259
1.41205
1.41141
1.41085
1.41049
1.41036
1.41044
1.41063
1.41089
1.41117
1.41141
1.41158
1.41165
1.4116
1.41148
1.41135
1.41125
1.41123
1.41126
1.41134
1.41144
1.41155
1.41165
1.41174
1.41182
1.41191
1.41198
1.41203
1.41208
1.41212
1.41214
1.41215
1.41215
1.41214
1.41215
1.41216
1.41215
1.41214
1.41214
1.41213
1.41212
1.41213
1.41216
1.4122
1.41223
1.41226
1.41224
1.41218
1.41206
1.4119
1.41171
1.41153
1.41137
1.41124
1.41115
1.41109
1.41108
1.41111
1.41116
1.41122
1.41131
1.41139
1.41148
1.41156
1.41165
1.41173
1.4118
1.41187
1.41193
1.41199
1.41203
1.41207
1.4121
1.41213
1.41215
1.41216
1.41217
1.41217
1.41217
1.41217
1.41214
1.41212
1.41209
1.41204
1.412
1.41196
1.41192
1.4119
1.41189
1.41189
1.4119
1.41193
1.41194
1.41195
1.41196
1.41195
1.41195
1.41192
1.4119
1.41186
1.41184
1.41183
1.41184
1.41186
1.4119
1.41196
1.41204
1.41213
1.41222
1.41232
1.41238
1.41242
1.41243
1.41236
1.41224
1.41208
1.41194
1.41182
1.41177
1.41176
1.41178
1.41182
1.41188
1.41193
1.41197
1.41201
1.41205
1.4121
1.41216
1.41223
1.41233
1.41244
1.41253
1.4126
1.4126
1.4125
1.41232
1.41209
1.41187
1.41171
1.41164
1.41164
1.41168
1.41174
1.4118
1.41184
1.41187
1.4119
1.41192
1.41195
1.41202
1.4121
1.41218
1.41227
1.41237
1.41244
1.41249
1.41251
1.41253
1.41252
1.41248
1.4124
1.41228
1.41212
1.41193
1.41177
1.41165
1.41159
1.4116
1.41165
1.41173
1.41182
1.41191
1.41198
1.41203
1.41204
1.41205
1.41202
1.41196
1.4119
1.41186
1.41181
1.41178
1.41177
1.41178
1.41182
1.41186
1.41192
1.412
1.4121
1.41221
1.41231
1.41242
1.41251
1.41257
1.41257
1.4125
1.41234
1.41215
1.41195
1.41181
1.41174
1.41175
1.4118
1.41186
1.41192
1.41193
1.4119
1.41183
1.41173
1.41162
1.41152
1.41143
1.4114
1.41139
1.41142
1.41148
1.41157
1.41167
1.41178
1.41191
1.41205
1.4122
1.41238
1.41253
1.41265
1.41272
1.4127
1.41259
1.41238
1.41213
1.41191
1.41176
1.41169
1.41169
1.41171
1.41176
1.41179
1.4118
1.41179
1.41177
1.41174
1.41172
1.41171
1.41168
1.41167
1.41167
1.41165
1.41165
1.41164
1.41163
1.41163
1.41162
1.41161
1.41161
1.41161
1.41162
1.41164
1.41166
1.41169
1.41173
1.41176
1.41181
1.41185
1.41191
1.41197
1.41206
1.41215
1.41226
1.41239
1.41253
1.41268
1.41279
1.41284
1.41278
1.41257
1.41227
1.41194
1.4117
1.41159
1.41161
1.41171
1.41183
1.41194
1.41203
1.41209
1.41213
1.41217
1.41218
1.41216
1.41209
1.41195
1.41176
1.41154
1.41136
1.41125
1.41121
1.41124
1.4113
1.4114
1.4115
1.4116
1.41169
1.41176
1.41182
1.41187
1.4119
1.41192
1.41194
1.41196
1.41196
1.41197
1.41197
1.41197
1.41199
1.41201
1.41205
1.41209
1.41217
1.41227
1.41239
1.4125
1.41259
1.41262
1.41254
1.41235
1.41208
1.41181
1.4116
1.41149
1.41149
1.41156
1.41166
1.41176
1.41183
1.41189
1.41192
1.41193
1.41192
1.41191
1.4119
1.41188
1.41186
1.41186
1.41185
1.41184
1.41183
1.41183
1.41183
1.41183
1.41184
1.41186
1.41188
1.41193
1.41198
1.41204
1.41209
1.41214
1.41218
1.41218
1.41216
1.41208
1.41197
1.41183
1.41172
1.41163
1.4116
1.4116
1.41163
1.4117
1.41178
1.41187
1.41196
1.41203
1.41209
1.41213
1.41216
1.41218
1.41216
1.41214
1.4121
1.41206
1.41204
1.41204
1.41207
1.41213
1.41221
1.41229
1.41236
1.41242
1.41243
1.41242
1.41238
1.4123
1.41221
1.4121
1.41199
1.41187
1.41177
1.41166
1.41156
1.41148
1.41143
1.41142
1.41143
1.41148
1.41154
1.41163
1.41171
1.41179
1.41186
1.41193
1.41198
1.41202
1.41205
1.41207
1.41209
1.41211
1.41213
1.41214
1.41213
1.41214
1.41215
1.41216
1.41216
1.41217
1.41216
1.41217
1.41216
1.41215
1.41213
1.41211
1.41207
1.41205
1.412
1.41197
1.41194
1.41191
1.41192
1.41193
1.41195
1.41199
1.41204
1.4121
1.41216
1.41222
1.41226
1.41227
1.41223
1.41214
1.412
1.41184
1.4117
1.41161
1.41156
1.41158
1.41161
1.41167
1.41174
1.4118
1.41184
1.41188
1.4119
1.41191
1.41192
1.41193
1.41192
1.41192
1.41192
1.41192
1.41193
1.41195
1.41197
1.41202
1.41208
1.41217
1.41228
1.41239
1.4125
1.4126
1.41263
1.41258
1.41243
1.41216
1.41186
1.41157
1.41135
1.41123
1.41121
1.41124
1.41131
1.4114
1.4115
1.41159
1.41168
1.41176
1.41183
1.4119
1.41196
1.41203
1.41209
1.41216
1.41224
1.41232
1.41242
1.41251
1.41259
1.41265
1.41265
1.41257
1.41241
1.41219
1.41195
1.41172
1.41154
1.41142
1.41136
1.41136
1.4114
1.41144
1.41151
1.4116
1.41168
1.41177
1.41188
1.41199
1.4121
1.41221
1.4123
1.41238
1.41242
1.41244
1.41243
1.41239
1.41234
1.4123
1.41227
1.41226
1.41225
1.41224
1.41224
1.41224
1.41222
1.41218
1.41211
1.41197
1.4118
1.4116
1.41141
1.4113
1.41128
1.41134
1.41144
1.41157
1.4117
1.41182
1.41193
1.41201
1.41211
1.4122
1.41228
1.41235
1.41241
1.41246
1.41246
1.41245
1.41238
1.41229
1.41217
1.41203
1.41192
1.41185
1.41182
1.41181
1.41184
1.41186
1.4119
1.41193
1.41196
1.41198
1.41201
1.41202
1.41204
1.41204
1.41205
1.41206
1.41207
1.41208
1.41209
1.41209
1.41209
1.41208
1.41207
1.41205
1.41202
1.412
1.41199
1.41198
1.41197
1.41196
1.41195
1.41195
1.41195
1.41195
1.41195
1.41196
1.41196
1.41197
1.41199
1.41202
1.43423
1.43426
1.43429
1.43433
1.43436
1.43439
1.43441
1.43441
1.4344
1.43437
1.43432
1.43427
1.43421
1.43416
1.43412
1.4341
1.43408
1.43408
1.43408
1.43409
1.4341
1.43409
1.43409
1.43409
1.43408
1.43407
1.43407
1.43409
1.43412
1.43414
1.43418
1.43421
1.43426
1.4343
1.43432
1.43435
1.43437
1.43439
1.43439
1.43439
1.43438
1.43437
1.43436
1.43434
1.43433
1.43432
1.43432
1.43431
1.4343
1.4343
1.43429
1.43428
1.43424
1.43418
1.4341
1.43399
1.43388
1.43379
1.43371
1.43368
1.43369
1.43374
1.43382
1.43391
1.43403
1.43415
1.43429
1.43443
1.43456
1.4347
1.43481
1.4349
1.43495
1.43494
1.43486
1.4347
1.43448
1.43423
1.43398
1.43376
1.43358
1.43349
1.43347
1.43351
1.43358
1.43369
1.4338
1.43392
1.43404
1.43414
1.43424
1.43431
1.43435
1.43436
1.43432
1.43427
1.43419
1.43411
1.43403
1.43397
1.43393
1.43392
1.43393
1.43396
1.43401
1.43406
1.43412
1.43416
1.43419
1.4342
1.43421
1.43418
1.43415
1.4341
1.43407
1.43405
1.43406
1.43408
1.43413
1.43419
1.43428
1.43438
1.43448
1.43456
1.43465
1.43471
1.43473
1.43471
1.43466
1.43459
1.43448
1.43438
1.4343
1.43424
1.43423
1.43426
1.4343
1.43436
1.43442
1.43444
1.43446
1.43443
1.4344
1.43436
1.43432
1.43428
1.43425
1.43422
1.43419
1.43414
1.43407
1.43398
1.43388
1.43378
1.43371
1.43368
1.43367
1.43369
1.43375
1.43382
1.4339
1.43398
1.43406
1.43412
1.43418
1.43423
1.43427
1.43431
1.43432
1.43434
1.43436
1.43438
1.4344
1.43443
1.43444
1.43445
1.43447
1.43448
1.43449
1.43449
1.4345
1.43452
1.43454
1.43457
1.4346
1.43465
1.43471
1.4348
1.43492
1.43505
1.43515
1.43517
1.43506
1.43477
1.4343
1.43381
1.43342
1.4332
1.43317
1.43327
1.43343
1.43359
1.43377
1.43391
1.43405
1.43416
1.43426
1.43433
1.43439
1.43444
1.43445
1.43445
1.43441
1.43438
1.43436
1.43438
1.43442
1.4345
1.43462
1.43472
1.43478
1.43476
1.43462
1.4344
1.43416
1.43398
1.43391
1.43393
1.43401
1.43411
1.43419
1.43428
1.43435
1.43441
1.43446
1.43451
1.43452
1.43447
1.43438
1.43423
1.43408
1.43395
1.43388
1.43386
1.43388
1.43393
1.43402
1.43411
1.4342
1.43429
1.43437
1.43443
1.43446
1.43448
1.43449
1.43447
1.43442
1.43434
1.43426
1.43419
1.43413
1.4341
1.4341
1.43412
1.43416
1.43422
1.43429
1.43436
1.43442
1.43448
1.43452
1.43454
1.43455
1.43456
1.43457
1.4346
1.43464
1.43469
1.43474
1.43474
1.43465
1.43449
1.43426
1.43401
1.43384
1.43376
1.43378
1.43385
1.43396
1.43408
1.43418
1.43426
1.43432
1.43435
1.43435
1.43433
1.43428
1.43422
1.43416
1.43412
1.43409
1.43409
1.43411
1.43415
1.4342
1.43425
1.4343
1.43434
1.43437
1.43439
1.43441
1.43442
1.43443
1.43442
1.43441
1.43439
1.43437
1.43435
1.43433
1.43433
1.43433
1.43433
1.43435
1.43438
1.43442
1.43447
1.43452
1.43455
1.43459
1.43461
1.4346
1.43457
1.4345
1.43441
1.4343
1.4342
1.43412
1.43406
1.43404
1.43406
1.43413
1.43423
1.43436
1.4345
1.43463
1.43473
1.43477
1.43474
1.43463
1.43446
1.43425
1.43406
1.43392
1.43386
1.43387
1.43395
1.43405
1.43417
1.43429
1.43439
1.43449
1.43454
1.43457
1.43458
1.43457
1.43453
1.43449
1.43443
1.43438
1.43431
1.43427
1.43422
1.43419
1.43417
1.43414
1.43411
1.4341
1.43409
1.43409
1.43411
1.43416
1.43422
1.4343
1.43439
1.43449
1.43457
1.43464
1.43468
1.43466
1.43458
1.43445
1.4343
1.43414
1.43399
1.43389
1.43383
1.43383
1.43388
1.43396
1.43407
1.43418
1.43428
1.43435
1.4344
1.4344
1.43436
1.43429
1.43421
1.43414
1.43408
1.43406
1.43405
1.43404
1.43405
1.43405
1.43405
1.43406
1.43407
1.43409
1.4341
1.43412
1.43414
1.43414
1.43414
1.43414
1.43417
1.43421
1.43428
1.43435
1.43445
1.43457
1.43473
1.43489
1.43505
1.43518
1.43517
1.43499
1.43454
1.43392
1.43332
1.43294
1.43286
1.433
1.43325
1.43352
1.43374
1.43393
1.43407
1.43417
1.43424
1.43429
1.43432
1.43434
1.43435
1.43435
1.43435
1.43434
1.43432
1.43429
1.43426
1.43422
1.43419
1.43417
1.43416
1.43416
1.43416
1.43418
1.43419
1.43421
1.43426
1.43431
1.43438
1.43445
1.43453
1.43459
1.43463
1.43468
1.43472
1.43476
1.43483
1.4349
1.43496
1.43497
1.43491
1.43474
1.4345
1.43422
1.43392
1.43366
1.43348
1.43339
1.43337
1.43341
1.43351
1.43362
1.43374
1.43385
1.43396
1.43404
1.43412
1.43419
1.43423
1.43426
1.43429
1.43432
1.43435
1.4344
1.43443
1.43445
1.43448
1.4345
1.43452
1.43455
1.43455
1.43456
1.43456
1.43457
1.43457
1.43455
1.43454
1.43453
1.43452
1.4345
1.43448
1.43444
1.4344
1.43434
1.43426
1.43418
1.43411
1.43405
1.434
1.43397
1.43395
1.43394
1.43396
1.43399
1.43402
1.43406
1.4341
1.43414
1.4342
1.43428
1.43436
1.43444
1.43455
1.43468
1.43483
1.43499
1.43512
1.4352
1.43519
1.43502
1.43469
1.43426
1.43384
1.43356
1.43347
1.43354
1.4337
1.43389
1.43406
1.43421
1.43431
1.43436
1.43437
1.43435
1.43429
1.43423
1.43417
1.43411
1.43404
1.43399
1.43397
1.43394
1.43394
1.43395
1.43397
1.43401
1.43405
1.43408
1.4341
1.43413
1.43416
1.43418
1.4342
1.43423
1.43424
1.43426
1.43428
1.4343
1.43432
1.43435
1.43438
1.43442
1.43446
1.43448
1.4345
1.43451
1.43451
1.43451
1.4345
1.43449
1.4345
1.4345
1.43451
1.43453
1.43456
1.43457
1.43457
1.43454
1.4345
1.43444
1.4344
1.43437
1.43435
1.43434
1.43432
1.4343
1.43427
1.43422
1.43415
1.43409
1.43403
1.43399
1.43396
1.43397
1.43398
1.43401
1.43404
1.43408
1.43411
1.43414
1.43417
1.43419
1.43421
1.43423
1.43423
1.43425
1.43426
1.43426
1.43427
1.43429
1.43431
1.43433
1.43437
1.43442
1.43449
1.43457
1.43466
1.43478
1.4349
1.43502
1.43513
1.43522
1.43521
1.43509
1.43482
1.43441
1.43391
1.43346
1.43319
1.4331
1.43319
1.43339
1.43361
1.43382
1.43401
1.43418
1.43433
1.43444
1.43452
1.43457
1.4346
1.4346
1.4346
1.43459
1.43458
1.43454
1.43451
1.43448
1.43441
1.4343
1.43415
1.43399
1.43382
1.43368
1.4336
1.43357
1.43359
1.43365
1.43375
1.43386
1.43396
1.43406
1.43416
1.43425
1.43432
1.43438
1.43443
1.43446
1.43446
1.43443
1.43438
1.43433
1.43426
1.43419
1.43414
1.43411
1.43412
1.43414
1.43419
1.43426
1.43434
1.43443
1.43452
1.43458
1.43461
1.43458
1.43452
1.43444
1.43437
1.43432
1.43432
1.43434
1.43434
1.4343
1.43422
1.43414
1.4341
1.43409
1.43412
1.43418
1.43423
1.43426
1.43428
1.4343
1.43434
1.43439
1.43446
1.43452
1.43457
1.4346
1.4346
1.43456
1.43451
1.43443
1.43435
1.43426
1.43418
1.4341
1.43403
1.43396
1.4339
1.43385
1.43382
1.4338
1.43381
1.43383
1.43386
1.43389
1.4339
1.43391
1.43392
1.43393
1.43394
1.43396
1.434
1.43402
1.43406
1.4341
1.43415
1.43418
1.43423
1.43426
1.43429
1.43431
1.43432
1.43433
1.43433
1.43431
1.4343
1.43428
1.43427
1.43425
1.43424
1.43423
1.43424
1.43424
1.43424
1.43425
1.43426
1.43427
1.43427
1.43429
1.43432
1.43436
1.43442
1.43451
1.43462
1.43477
1.43492
1.43508
1.43521
1.43524
1.43514
1.43487
1.43448
1.43405
1.43369
1.43347
1.4334
1.43344
1.43354
1.43365
1.43374
1.43382
1.43388
1.43393
1.434
1.43407
1.43414
1.43424
1.43432
1.43441
1.43449
1.43457
1.43465
1.43472
1.43477
1.43478
1.43478
1.43475
1.4347
1.43461
1.43452
1.43442
1.43432
1.43422
1.43413
1.43403
1.43392
1.43384
1.43379
1.43377
1.43379
1.43381
1.43386
1.43391
1.43396
1.43401
1.43407
1.43411
1.43415
1.43419
1.43422
1.43425
1.43427
1.43431
1.43435
1.43439
1.43443
1.43445
1.43446
1.43445
1.43442
1.43438
1.43434
1.43428
1.43423
1.43419
1.43416
1.43416
1.43418
1.4342
1.43423
1.43426
1.4343
1.43434
1.43439
1.43446
1.43451
1.43458
1.43465
1.43472
1.43475
1.43475
1.4347
1.4346
1.43445
1.43427
1.43411
1.43397
1.4339
1.43388
1.43391
1.43396
1.43402
1.43407
1.43408
1.43409
1.43408
1.43406
1.43404
1.43403
1.43403
1.43404
1.43406
1.43409
1.43413
1.43417
1.43421
1.43424
1.43428
1.43434
1.4344
1.43448
1.43458
1.43471
1.43486
1.43501
1.43512
1.43513
1.435
1.43469
1.43429
1.43392
1.43367
1.4336
1.43368
1.43385
1.43405
1.43424
1.43441
1.43456
1.43468
1.43476
1.43482
1.43486
1.43484
1.43479
1.4347
1.43459
1.43445
1.43432
1.4342
1.4341
1.43403
1.43398
1.43396
1.43395
1.43395
1.43397
1.43399
1.43402
1.43404
1.43407
1.43409
1.4341
1.43411
1.43414
1.43416
1.43418
1.4342
1.43423
1.43424
1.43427
1.43429
1.4343
1.43431
1.43431
1.43432
1.43431
1.43431
1.4343
1.43428
1.43428
1.43426
1.43425
1.43423
1.43422
1.43421
1.43421
1.43421
1.4342
1.43419
1.43421
1.43421
1.43421
1.43422
1.43422
1.43423
1.43423
1.43422
1.4342
1.43417
1.43414
1.4341
1.43406
1.43403
