1.8
1.80001
1.80003
1.80005
1.80008
1.80011
1.80015
1.8002
1.80025
1.80031
1.80038
1.80045
1.80053
1.80061
1.8007
1.8008
1.80091
1.80102
1.80114
1.80127
1.8014
1.80154
1.80169
1.80185
1.80202
1.80219
1.80237
1.80256
1.80276
1.80297
1.80318
1.80341
1.80364
1.80388
1.80413
1.8044
1.80467
1.80495
1.80524
1.80555
1.80586
1.80619
1.80653
1.80688
1.80724
1.80762
1.80801
1.80841
1.80883
1.80926
1.80971
1.81018
1.81066
1.81116
1.81168
1.81221
1.81277
1.81335
1.81395
1.81457
1.81521
1.81588
1.81658
1.8173
1.81805
1.81883
1.81964
1.82049
1.82137
1.82228
1.82324
1.82423
1.82526
1.82635
1.82747
1.82865
1.82988
1.83117
1.83252
1.83392
1.8354
1.83694
1.83856
1.84026
1.84203
1.8439
1.84585
1.8479
1.85005
1.85231
1.85467
1.85715
1.85974
1.86244
1.86526
1.86819
1.87122
1.87435
1.87755
1.8808
1.88406
1.88728
1.8904
1.89331
1.89592
1.89807
1.89959
1.9003
1.9
1.89852
1.8958
1.89193
1.88722
1.88228
1.87794
1.87511
1.87452
1.87653
1.88102
1.88743
1.89494
1.90263
1.90965
1.91535
1.9194
1.92188
1.92331
1.92458
1.92673
1.93063
1.93661
1.94436
1.95307
1.96169
1.96927
1.97515
1.97903
1.98088
1.98094
1.97961
1.97737
1.97472
1.97204
1.96957
1.96738
1.96543
1.96363
1.96189
1.96009
1.95811
1.95589
1.9535
1.95126
1.94977
1.9497
1.95162
1.95575
1.96192
1.96968
1.97835
1.98727
1.99578
2.00333
2.00952
2.01411
2.017
2.01828
2.0182
2.01708
2.01537
2.01352
2.012
2.01118
2.01132
2.01252
2.01472
2.01772
2.02124
2.02494
2.02854
2.03178
2.03451
2.03666
2.03828
2.03946
2.04034
2.04106
2.04172
2.04238
2.04302
2.04362
2.04418
2.04469
2.04521
2.04578
2.04645
2.04724
2.04815
2.04912
2.0501
2.05106
2.05198
2.05287
2.05377
2.05475
2.05586
2.05719
2.05875
2.06058
2.06265
2.06491
2.06729
2.06971
2.07206
2.07424
2.07615
2.07771
2.07882
2.07942
2.07947
2.07893
2.07784
2.07628
2.0744
2.07237
2.07039
2.06865
2.06723
2.06607
2.06502
2.0638
2.06212
2.05974
2.05654
2.05259
2.04824
2.04409
2.04095
2.03968
2.04094
2.04496
2.05139
2.0594
2.06792
2.07584
2.08223
2.08634
2.08764
2.08584
2.08102
2.07383
2.06568
2.05865
2.05487
2.05562
2.06071
2.06869
2.07758
2.08559
2.09144
2.0943
2.09372
2.08953
2.08181
2.07096
2.05781
2.04372
2.03054
2.02032
2.01486
2.01515
2.02099
2.03114
2.04371
2.05678
2.06882
2.07891
2.08669
2.09222
2.09582
2.09792
2.09899
2.09943
2.09957
2.09964
2.09975
2.09998
2.10033
2.10076
2.10125
2.10178
2.10232
2.10287
2.10344
2.10401
2.1046
2.10518
2.10572
2.10616
2.10641
2.10635
2.10581
2.10458
2.10241
2.09905
2.09428
2.08802
2.08049
2.07227
2.06439
2.05808
2.05441
2.05375
2.05569
2.05926
2.06334
2.06709
2.07003
2.07203
2.07318
2.07372
2.07392
2.07401
2.07419
2.07456
2.07513
2.07583
2.07654
2.07711
2.07743
2.07744
2.07716
2.0767
2.0762
2.07585
2.07578
2.07603
2.07656
2.07726
2.07795
2.07847
2.07871
2.07861
2.07815
2.07742
2.07652
2.07556
2.07467
2.07396
2.07347
2.07324
2.07323
2.07341
2.07372
2.07412
2.07457
2.07507
2.07561
2.0762
2.07685
2.07757
2.07833
2.07909
2.0798
2.08035
2.08061
2.08043
2.07963
2.07801
2.07535
2.07145
2.06611
2.05926
2.05101
2.04172
2.03215
2.02341
2.01682
2.01363
2.01458
2.0197
2.02822
2.03889
2.05034
2.06142
2.07133
2.07961
2.08608
2.09072
2.09356
2.09466
2.09407
2.09182
2.088
2.08277
2.07648
2.06964
2.06292
2.05699
2.05233
2.04913
2.04722
2.04626
2.04592
2.04599
2.04645
2.04734
2.04869
2.05049
2.0526
2.05486
2.05707
2.05912
2.06095
2.06255
2.06395
2.06521
2.06638
2.06748
2.06853
2.06954
2.07049
2.07138
2.07219
2.07292
2.07356
2.07412
2.07459
2.075
2.07533
2.07562
2.07585
2.07605
2.07621
2.07633
2.07642
2.07645
2.07643
2.07632
2.07612
2.07579
2.07532
2.07468
2.07384
2.07277
2.07147
2.06993
2.06817
2.06625
2.06424
2.06225
2.06041
2.05884
2.05765
2.05688
2.05651
2.05646
2.05658
2.05673
2.05676
2.05655
2.05606
2.05529
2.05431
2.05321
2.05217
2.05133
2.05084
2.05084
2.05138
2.05246
2.054
2.05587
2.0579
2.0599
2.0617
2.06316
2.06421
2.06484
2.06509
2.06504
2.0648
2.06444
2.06402
2.06351
2.06285
2.06195
2.06074
2.05916
2.05724
2.05506
2.05278
2.05058
2.04866
2.04718
2.04626
2.0459
2.04603
2.0465
2.04711
2.04768
2.04808
2.04829
2.04841
2.04864
2.04921
2.05027
2.05186
2.05386
2.05609
2.0583
2.06032
2.06198
2.06317
2.06384
2.06392
2.06344
2.06248
2.06117
2.05975
2.05843
2.05743
2.05691
2.05692
2.05751
2.05871
2.06059
2.06322
2.06663
2.07076
2.0754
2.08026
2.08502
2.08936
2.09304
2.0959
2.09782
2.09875
2.09868
2.09762
2.09565
2.09288
2.0895
2.08577
2.08199
2.07843
2.07534
2.07287
2.07111
2.07009
2.06978
2.07007
2.07076
2.07157
2.0721
2.07198
2.07092
2.06877
2.06562
2.06178
2.05773
2.05404
2.05122
2.04958
2.04917
2.04975
2.05092
2.05224
2.05335
2.05408
2.05446
2.0547
2.0551
2.05595
2.0574
2.05941
2.06179
2.06432
2.06687
2.06947
2.07225
2.07532
2.0787
2.08227
2.08579
2.08897
2.09159
2.09346
2.09451
2.09472
2.0941
2.09268
2.09051
2.08763
2.08407
2.07991
2.07526
2.07031
2.06532
2.06067
2.05678
2.05405
2.05277
2.05304
2.05472
2.05753
2.06105
2.06491
2.06877
2.07241
2.07569
2.07856
2.08101
2.08305
2.08472
2.08605
2.08707
2.08781
2.08827
2.08847
2.08841
2.08811
2.0876
2.08693
2.08622
2.0856
2.08525
2.08534
2.08604
2.08743
2.08951
2.09214
2.0951
2.09808
2.10073
2.10269
2.10357
2.10298
2.10056
2.096
2.08917
2.08028
2.06992
2.05912
2.04916
2.04136
2.03697
2.03702
2.04198
2.05121
2.06285
2.07451
2.08419
2.09064
2.09334
2.09215
2.08713
2.07858
2.06725
2.0549
2.04439
2.03903
2.0409
2.04946
2.06186
2.07478
2.08587
2.09411
2.09946
2.10236
2.10337
2.10299
2.10165
2.09967
2.09733
2.09486
2.09249
2.09048
2.08911
2.08862
2.08911
2.09057
2.09278
2.09543
2.09816
2.10065
2.10263
2.10392
2.1044
2.10395
2.10243
2.09969
2.09556
2.08991
2.08275
2.07437
2.06549
2.05721
2.05092
2.0478
2.04835
2.0522
2.05826
2.06526
2.07205
2.07794
2.08261
2.08603
2.08836
2.08982
2.09065
2.09105
2.09117
2.09108
2.0908
2.09028
2.08948
2.08834
2.08687
2.08513
2.08329
2.08161
2.08034
2.07967
2.07971
2.0804
2.08162
2.0832
2.08502
2.08696
2.0889
2.09072
2.0922
2.09312
2.09326
2.09249
2.09076
2.08821
2.08511
2.08188
2.07895
2.07673
2.07546
2.07521
2.0759
2.07736
2.07934
2.0816
2.08389
2.08596
2.08763
2.08882
2.08951
2.08979
2.08978
2.08965
2.08957
2.0897
2.09017
2.09105
2.09233
2.09392
2.09567
2.09737
2.0988
2.09977
2.10014
2.09984
2.09884
2.09721
2.09506
2.09258
2.09004
2.0877
2.08583
2.08463
2.0842
2.08452
2.08551
2.08702
2.08892
2.0911
2.09344
2.09583
2.09814
2.10027
2.1021
2.10352
2.10446
2.10483
2.1046
2.10373
2.10223
2.1001
2.09739
2.09415
2.09047
2.08647
2.0823
2.07812
2.07411
2.07043
2.0672
2.06453
2.06242
2.06084
2.05973
2.05899
2.05862
2.05865
2.05918
2.06034
2.06219
2.0647
2.06771
2.07097
2.07418
2.07711
2.07957
2.08147
2.08282
2.08365
2.08407
2.08418
2.08408
2.08386
2.08361
2.08339
2.08322
2.08313
2.08311
2.08315
2.0832
2.08322
2.08317
2.08299
2.08262
2.08201
2.08112
2.07991
2.07838
2.07656
2.07453
2.07242
2.0704
2.0687
2.06753
2.06709
2.06747
2.06865
2.07047
2.07266
2.07482
2.0765
2.0772
2.07643
2.07369
2.06859
2.06094
2.05093
2.03936
2.02774
2.01823
2.01304
2.01357
2.0196
2.02918
2.03948
2.04782
2.05245
2.05277
2.04926
2.04331
2.03696
2.03236
2.03102
2.03327
2.03829
2.04463
2.05087
2.05613
2.06011
2.06308
2.06557
2.06814
2.07117
2.07475
2.07874
2.08291
2.08698
2.09078
2.0942
2.0972
2.09978
2.10194
2.10369
2.10501
2.10588
2.10623
2.10596
2.10496
2.10309
2.1002
2.0962
2.09109
2.08502
2.07837
2.07166
2.06539
2.05983
2.05474
2.04944
2.04308
2.03526
2.02659
2.01898
2.01512
2.01708
2.02504
2.03709
2.05052
2.06304
2.07338
2.08114
2.08646
2.08975
2.09143
2.09195
2.09169
2.09101
2.09024
2.0897
2.08966
2.09028
2.09159
2.09348
2.09574
2.09809
2.1003
2.10213
2.10345
2.10418
2.10426
2.10367
2.10238
2.10036
2.09755
2.09387
2.08923
2.08356
2.07683
2.06915
2.06077
2.05212
2.04382
2.03649
2.03069
2.02671
2.02456
2.02403
2.02477
2.02638
2.02846
2.03063
2.03259
2.03414
2.03523
2.03595
2.03649
2.03712
2.03805
2.03946
2.04139
2.04379
2.04652
2.0494
2.05224
2.05487
2.0572
2.05914
2.06068
2.06184
2.06263
2.06311
2.06333
2.06333
2.06316
2.06286
2.06244
2.06194
2.06135
2.06067
2.05989
2.05897
2.05788
2.05655
2.05492
2.05292
2.05047
2.04753
1.79688
1.7932
1.78922
1.78513
1.78117
1.77763
1.77478
1.77285
1.77196
1.77208
1.77309
1.77478
1.7769
1.77922
1.78154
1.78372
1.78568
1.78737
1.78878
1.78987
1.79064
1.79108
1.79123
1.79114
1.79092
1.79073
1.79071
1.79097
1.79153
1.79235
1.79331
1.79428
1.79517
1.79593
1.79657
1.79713
1.79769
1.79831
1.79908
1.80011
1.80154
1.80345
1.80586
1.80863
1.81151
1.81414
1.8162
1.81739
1.81754
1.81657
1.81448
1.81135
1.80728
1.80242
1.79698
1.79123
1.7856
1.78065
1.77708
1.77555
1.77654
1.78011
1.78589
1.79319
1.80125
1.80938
1.81711
1.82414
1.83033
1.83561
1.83997
1.84342
1.84596
1.8476
1.84834
1.84818
1.84713
1.84523
1.84254
1.83923
1.83555
1.83182
1.82844
1.82576
1.82405
1.82335
1.82353
1.82428
1.82525
1.82614
1.82683
1.82743
1.82827
1.82976
1.83223
1.83577
1.84015
1.84495
1.84965
1.85386
1.85732
1.85998
1.8619
1.86324
1.86418
1.86492
1.86561
1.86638
1.86728
1.86834
1.86953
1.87077
1.87197
1.87301
1.87377
1.87411
1.87389
1.87301
1.87132
1.86874
1.86521
1.86072
1.85539
1.84949
1.84344
1.83786
1.83347
1.83096
1.83082
1.83318
1.83774
1.84385
1.85075
1.85776
1.8644
1.87046
1.8759
1.88081
1.8853
1.88948
1.89339
1.897
1.90028
1.90313
1.90549
1.90726
1.9084
1.90886
1.90859
1.90759
1.90584
1.90339
1.9003
1.8967
1.8928
1.88884
1.88511
1.88189
1.87934
1.87751
1.87626
1.87529
1.87426
1.87289
1.87114
1.8693
1.86796
1.86788
1.86963
1.8733
1.87848
1.8844
1.89027
1.8955
1.89975
1.90292
1.90503
1.90615
1.90631
1.90557
1.90392
1.90138
1.89803
1.89403
1.88966
1.88529
1.88128
1.87786
1.87504
1.87261
1.8702
1.86747
1.86422
1.86049
1.85655
1.85282
1.84976
1.84771
1.84692
1.84751
1.8495
1.85289
1.8576
1.8634
1.86997
1.87686
1.8836
1.88977
1.89506
1.8993
1.90244
1.9045
1.90557
1.90577
1.9052
1.90397
1.90218
1.89991
1.89722
1.89417
1.89083
1.88723
1.88343
1.87947
1.87542
1.87141
1.86762
1.8643
1.86176
1.86028
1.86005
1.86108
1.86317
1.86592
1.86889
1.8716
1.87366
1.87477
1.87475
1.87355
1.87127
1.86818
1.86473
1.86156
1.85935
1.85865
1.85972
1.86243
1.86632
1.87077
1.87518
1.87909
1.88222
1.8844
1.88556
1.8857
1.8848
1.88288
1.87999
1.87622
1.87178
1.86703
1.86251
1.85891
1.85692
1.8571
1.85965
1.86434
1.87062
1.87776
1.88498
1.89159
1.89696
1.90054
1.90185
1.90048
1.89617
1.88897
1.87937
1.8684
1.85748
1.84796
1.8405
1.83489
1.83035
1.82613
1.82207
1.81864
1.81664
1.81674
1.81923
1.82389
1.83016
1.83734
1.84471
1.85166
1.85776
1.8628
1.86674
1.86971
1.87186
1.87338
1.87444
1.87513
1.87554
1.87571
1.87567
1.87542
1.87498
1.87436
1.87358
1.87265
1.87158
1.87041
1.86913
1.86775
1.86628
1.86471
1.86302
1.86119
1.85919
1.85699
1.85456
1.85188
1.84894
1.84577
1.84243
1.83904
1.83577
1.83282
1.83039
1.82865
1.82769
1.82749
1.82794
1.82885
1.82998
1.83111
1.83204
1.83262
1.83277
1.83247
1.83176
1.83076
1.82965
1.82864
1.82794
1.82771
1.82805
1.82895
1.83034
1.83206
1.83399
1.83596
1.83786
1.83959
1.84107
1.84224
1.84305
1.84349
1.84356
1.84329
1.84276
1.84206
1.84133
1.84068
1.84025
1.84009
1.84026
1.84071
1.8414
1.84222
1.84305
1.84375
1.84417
1.84415
1.84352
1.84212
1.83983
1.83661
1.83256
1.82793
1.82317
1.81888
1.81569
1.81417
1.81462
1.81702
1.82105
1.82619
1.83186
1.83751
1.84276
1.84733
1.8511
1.85406
1.85627
1.85783
1.85886
1.85948
1.85979
1.85985
1.85967
1.85919
1.85832
1.85689
1.85472
1.85168
1.84771
1.84296
1.83783
1.83293
1.829
1.82656
1.82578
1.82631
1.82751
1.82862
1.82909
1.82869
1.82757
1.82625
1.82553
1.82621
1.82876
1.83314
1.83875
1.84472
1.85015
1.85437
1.85704
1.85807
1.85759
1.85596
1.85368
1.85143
1.8499
1.84972
1.85124
1.85444
1.859
1.86437
1.87002
1.87549
1.88048
1.88484
1.88851
1.8915
1.89384
1.89555
1.89664
1.8971
1.89691
1.89599
1.89426
1.89157
1.88775
1.88255
1.87572
1.86699
1.85627
1.8438
1.83044
1.81767
1.80716
1.79987
1.79535
1.79228
1.79
1.78985
1.7945
1.80544
1.82123
1.83847
1.85418
1.86697
1.87687
1.88451
1.89064
1.89578
1.90026
1.90418
1.90756
1.91033
1.91241
1.91373
1.91421
1.91384
1.91261
1.91058
1.9079
1.90477
1.9015
1.89845
1.896
1.89447
1.89406
1.89479
1.8965
1.89892
1.90172
1.90456
1.9072
1.90947
1.91127
1.91257
1.91337
1.91367
1.91345
1.9127
1.91136
1.90938
1.90674
1.90345
1.89962
1.89545
1.89121
1.88725
1.88392
1.88149
1.88013
1.87984
1.8805
1.88186
1.88366
1.8856
1.88743
1.88893
1.88994
1.89037
1.89024
1.88967
1.88889
1.88818
1.88787
1.88821
1.88932
1.89119
1.89363
1.89638
1.89914
1.90163
1.90364
1.90504
1.90575
1.90578
1.90515
1.90393
1.90221
1.90008
1.89765
1.89504
1.89232
1.88959
1.88688
1.8842
1.88147
1.87857
1.87533
1.87155
1.86705
1.86173
1.85564
1.84904
1.84247
1.8367
1.83263
1.83106
1.83245
1.83671
1.8432
1.85097
1.85894
1.86622
1.87222
1.87663
1.87939
1.88063
1.8806
1.87959
1.87794
1.87599
1.87398
1.87211
1.87043
1.86889
1.86733
1.86554
1.86328
1.86039
1.85676
1.85246
1.84769
1.84289
1.83862
1.83552
1.83414
1.8348
1.83748
1.84185
1.84734
1.85334
1.8593
1.86481
1.86962
1.87362
1.87676
1.87905
1.88051
1.88116
1.88101
1.88008
1.87838
1.87594
1.87283
1.86916
1.8651
1.86087
1.85677
1.85311
1.85019
1.84827
1.84749
1.84791
1.84945
1.85195
1.85515
1.85881
1.86268
1.86651
1.87012
1.87337
1.87613
1.87826
1.87963
1.88008
1.8794
1.87734
1.87364
1.86808
1.86059
1.85131
1.84075
1.82981
1.81968
1.81163
1.80666
1.80528
1.80746
1.81279
1.82058
1.82995
1.83986
1.84933
1.85751
1.86386
1.86811
1.8703
1.87068
1.8697
1.86795
1.86611
1.86479
1.86438
1.86495
1.86628
1.86796
1.86962
1.87106
1.87229
1.87349
1.87491
1.87674
1.87901
1.88163
1.88437
1.88702
1.8894
1.89138
1.89293
1.89408
1.8949
1.89547
1.89587
1.89618
1.89645
1.89672
1.89701
1.89731
1.8976
1.89784
1.89793
1.89774
1.89709
1.89572
1.89327
1.88933
1.88345
1.87532
1.86492
1.85287
1.84051
1.82969
1.82206
1.81831
1.81804
1.82032
1.82442
1.83007
1.83716
1.84547
1.85442
1.86319
1.87094
1.87692
1.88062
1.88173
1.88014
1.87596
1.86969
1.8623
1.85527
1.85035
1.84891
1.85134
1.8569
1.86416
1.87164
1.87824
1.88341
1.88691
1.88877
1.88911
1.88815
1.88617
1.88363
1.88106
1.87909
1.87825
1.87885
1.88086
1.88396
1.8876
1.89126
1.89449
1.89697
1.89851
1.89899
1.89834
1.89645
1.89323
1.88858
1.88249
1.87506
1.86671
1.8581
1.85018
1.84385
1.83967
1.83765
1.83733
1.83803
1.8392
1.84053
1.8419
1.84331
1.84476
1.84624
1.84777
1.84943
1.85138
1.8538
1.85677
1.86029
1.8642
1.86826
1.87221
1.87586
1.87908
1.8818
1.88405
1.88584
1.88721
1.88817
1.88871
1.88881
1.88839
1.88741
1.88579
1.88348
1.88049
1.87691
1.87292
1.86886
1.86513
1.86215
1.86023
1.85943
1.85957
1.86026
1.86098
1.86125
1.86066
1.859
1.85618
1.85234
1.84784
1.84321
1.83912
1.83622
1.83496
1.83545
1.83743
1.84037
1.84368
1.84683
1.84946
1.85138
1.85259
1.85321
1.85347
1.85361
1.85385
1.85435
1.85517
1.85624
1.85746
1.85868
1.85979
1.86078
1.8617
1.86268
1.86385
1.86533
1.86712
1.86914
1.87124
1.87323
1.87492
1.87614
1.87679
1.87682
1.87622
1.87503
1.87332
1.87118
1.86873
1.86609
1.86339
1.86074
1.85824
1.85596
1.85392
1.85208
1.85041
1.84882
1.84724
1.8456
1.84392
1.84226
1.84076
1.83959
1.8389
1.83878
1.83921
1.84006
1.84113
1.84223
1.84326
1.84419
1.84505
1.84597
1.84707
1.84843
1.85012
1.85212
1.85441
1.85689
1.85949
1.86213
1.86475
1.86733
1.86985
1.87231
1.87472
1.87708
1.87936
1.88156
1.88364
1.88557
1.88732
1.88884
1.89012
1.89112
1.89181
1.89216
1.89214
1.89172
1.89087
1.88956
1.88775
1.88543
1.88259
1.87924
1.87539
1.87108
1.86635
1.8613
1.85608
1.85094
1.84631
1.84281
1.8411
1.84173
1.84492
1.85039
1.85747
1.86527
1.87296
1.87994
1.88584
1.89052
1.89401
1.89642
1.89789
1.89858
1.89862
1.89807
1.89695
1.89516
1.89252
1.88877
1.88372
1.87741
1.87043
1.86404
1.86
1.8598
1.8638
1.87089
1.87906
1.88639
1.89162
1.89422
1.89422
1.89196
1.88797
1.88283
1.87718
1.87166
1.8669
1.8634
1.86146
1.86118
1.86238
1.86469
1.8676
1.87058
1.87319
1.87514
1.87632
1.87685
1.87696
1.87702
1.87736
1.87827
1.87988
1.88217
1.885
1.88815
1.89141
1.89456
1.89747
1.90003
1.90218
1.9039
1.90517
1.90598
1.90633
1.9062
1.90559
1.9045
1.90295
1.90094
1.89848
1.89557
1.89216
1.88814
1.88338
1.87774
1.87119
1.86399
1.85687
1.85108
1.8481
1.84909
1.85427
1.86274
1.87294
1.88331
1.80861
1.81625
1.82228
1.82675
1.82982
1.83166
1.83244
1.83229
1.83135
1.82973
1.82754
1.82491
1.82196
1.81886
1.81573
1.81273
1.80996
1.80751
1.80542
1.80369
1.80231
1.80124
1.80047
1.79999
1.79982
1.80001
1.80062
1.8017
1.80328
1.8053
1.80769
1.81027
1.81284
1.81517
1.81703
1.81822
1.81858
1.81802
1.81655
1.81434
1.81166
1.80897
1.80676
1.8055
1.80545
1.80661
1.8087
1.8113
1.81395
1.81631
1.81813
1.81933
1.81989
1.8199
1.81943
1.81858
1.81744
1.81607
1.81452
1.8128
1.81089
1.80876
1.80636
1.80361
1.80045
1.79683
1.79273
1.7882
1.78339
1.77857
1.77412
1.77049
1.76811
1.76725
1.76793
1.7699
1.77275
1.776
1.77922
1.7821
1.78446
1.78624
1.78744
1.78814
1.78841
1.78838
1.78811
1.7877
1.78721
1.78667
1.78611
1.7855
1.78484
1.78406
1.78314
1.78202
1.78066
1.77905
1.7772
1.77513
1.77291
1.77064
1.76842
1.76641
1.76476
1.76362
1.76311
1.76331
1.76424
1.76585
1.76801
1.77059
1.7734
1.77628
1.77909
1.78173
1.78414
1.78629
1.78816
1.78977
1.79114
1.79227
1.79319
1.79389
1.79437
1.79461
1.79459
1.79428
1.79363
1.79258
1.7911
1.78912
1.78662
1.7836
1.78008
1.77616
1.77203
1.76795
1.76425
1.7613
1.75944
1.75892
1.75982
1.76202
1.76527
1.76921
1.77346
1.77769
1.78163
1.78507
1.78786
1.78985
1.79093
1.79093
1.78965
1.78685
1.78232
1.77599
1.76812
1.75962
1.75216
1.74785
1.74835
1.75393
1.76326
1.77421
1.78485
1.79401
1.80125
1.80662
1.81038
1.8128
1.81411
1.81444
1.81382
1.81217
1.80937
1.80522
1.79956
1.7923
1.78353
1.77363
1.76331
1.75362
1.74574
1.74084
1.7398
1.743
1.7502
1.76054
1.77271
1.78529
1.79708
1.80728
1.81553
1.82175
1.82609
1.82882
1.8302
1.8305
1.82999
1.82885
1.82723
1.82517
1.82267
1.81972
1.8164
1.81295
1.80984
1.80762
1.80677
1.80741
1.8092
1.81152
1.81359
1.81479
1.81469
1.81311
1.8101
1.80594
1.80105
1.79598
1.79126
1.78724
1.784
1.78145
1.7795
1.77819
1.77776
1.77851
1.78065
1.78408
1.78843
1.79307
1.79729
1.80052
1.80242
1.80299
1.80251
1.80147
1.80043
1.79982
1.79986
1.80055
1.8017
1.80306
1.80438
1.80548
1.80626
1.80669
1.8068
1.80673
1.80665
1.80679
1.80734
1.80837
1.80977
1.81122
1.8123
1.8125
1.81139
1.80866
1.80416
1.79794
1.79026
1.78162
1.77279
1.76468
1.75827
1.7544
1.75355
1.75571
1.76041
1.76682
1.77402
1.78119
1.78769
1.79316
1.79742
1.80049
1.80246
1.80347
1.80368
1.80325
1.8023
1.80096
1.79931
1.79742
1.79535
1.79313
1.79079
1.78835
1.78584
1.78328
1.78073
1.77825
1.77594
1.77389
1.77222
1.77102
1.77036
1.77025
1.77066
1.7715
1.77266
1.77398
1.77535
1.77664
1.77776
1.77864
1.77922
1.77947
1.77936
1.77888
1.77803
1.77684
1.77535
1.77365
1.77188
1.77018
1.76871
1.76763
1.767
1.76683
1.76702
1.76741
1.7678
1.76799
1.76783
1.76724
1.76619
1.76467
1.7627
1.7603
1.75747
1.75424
1.75075
1.74726
1.74421
1.74215
1.74156
1.74272
1.74556
1.74976
1.75485
1.76036
1.76591
1.77123
1.77618
1.78067
1.78467
1.78819
1.79126
1.79394
1.79629
1.79835
1.80019
1.80186
1.80337
1.80476
1.80604
1.80719
1.80821
1.80907
1.80975
1.81021
1.81041
1.8103
1.80985
1.80899
1.80766
1.80582
1.80341
1.80039
1.79676
1.79254
1.78784
1.78281
1.7777
1.77278
1.76831
1.76451
1.7615
1.75931
1.75796
1.75748
1.75797
1.75963
1.7626
1.76693
1.77252
1.77906
1.78615
1.79336
1.8003
1.80669
1.81236
1.81721
1.82122
1.8244
1.82679
1.82843
1.82938
1.82969
1.82941
1.8286
1.82732
1.82564
1.82363
1.82137
1.81896
1.81647
1.81398
1.81154
1.80917
1.80683
1.80449
1.80209
1.7996
1.79702
1.79444
1.79199
1.78988
1.78834
1.78759
1.78775
1.78885
1.79078
1.79335
1.79633
1.7995
1.80266
1.80567
1.80848
1.81104
1.81335
1.81546
1.81739
1.81922
1.82098
1.82272
1.82449
1.8263
1.82816
1.83004
1.8319
1.8337
1.83538
1.83687
1.83814
1.83916
1.83992
1.84043
1.84075
1.84092
1.84098
1.84099
1.84095
1.84085
1.84063
1.84017
1.83935
1.83803
1.83614
1.83368
1.83076
1.82767
1.8248
1.82255
1.82127
1.82111
1.82198
1.82355
1.82531
1.82672
1.82725
1.82649
1.82428
1.82077
1.81656
1.81268
1.81036
1.81056
1.81353
1.81869
1.82494
1.83118
1.8366
1.84086
1.84393
1.846
1.84734
1.84825
1.84896
1.84967
1.85054
1.85164
1.85302
1.85469
1.85662
1.85874
1.86097
1.8632
1.8653
1.86714
1.86859
1.86951
1.86978
1.86928
1.86787
1.86543
1.86182
1.85694
1.8507
1.84314
1.83453
1.82548
1.817
1.81036
1.80667
1.80647
1.80942
1.81455
1.8207
1.82692
1.83259
1.83744
1.8414
1.84447
1.84671
1.84818
1.84893
1.84901
1.84845
1.84731
1.84562
1.84342
1.84074
1.8376
1.83405
1.83013
1.8259
1.82148
1.81702
1.81272
1.8088
1.80547
1.80286
1.80101
1.79989
1.79935
1.79926
1.79945
1.79984
1.80036
1.80101
1.80181
1.80277
1.80389
1.80515
1.80648
1.80781
1.80904
1.81009
1.81088
1.81135
1.81146
1.81122
1.81063
1.80971
1.80853
1.80716
1.80568
1.8042
1.80279
1.80156
1.80053
1.79974
1.79914
1.79865
1.79818
1.79763
1.79687
1.79584
1.79448
1.79279
1.7908
1.78859
1.78624
1.78388
1.78162
1.7796
1.77788
1.77655
1.77566
1.77529
1.77551
1.77643
1.77812
1.78062
1.78389
1.7878
1.7921
1.79652
1.80074
1.80452
1.80764
1.80999
1.8115
1.81216
1.812
1.81106
1.80939
1.80704
1.80406
1.8005
1.79643
1.79196
1.78724
1.78246
1.77785
1.77364
1.77001
1.76705
1.76476
1.76302
1.76169
1.76062
1.75974
1.75912
1.75893
1.75943
1.7609
1.76351
1.76725
1.77192
1.77717
1.78262
1.78792
1.79282
1.79719
1.80098
1.8042
1.80686
1.80902
1.81072
1.81197
1.81281
1.81325
1.81331
1.813
1.81234
1.81133
1.81
1.80838
1.80647
1.80432
1.80196
1.7994
1.7967
1.7939
1.79106
1.78825
1.78558
1.78317
1.78113
1.77959
1.77865
1.7784
1.77885
1.78002
1.78186
1.78429
1.78723
1.79056
1.79416
1.79788
1.8016
1.80517
1.80847
1.81139
1.81382
1.81571
1.81702
1.81774
1.81792
1.81764
1.81701
1.81617
1.81524
1.81434
1.81353
1.81283
1.81222
1.81167
1.81116
1.81074
1.8105
1.8106
1.81123
1.8125
1.81447
1.81706
1.82008
1.82331
1.82647
1.82937
1.83188
1.83396
1.83569
1.83718
1.83862
1.84015
1.84187
1.84375
1.8457
1.84751
1.84896
1.84983
1.84993
1.84913
1.84738
1.84468
1.84112
1.83683
1.832
1.82685
1.82159
1.81647
1.81175
1.80774
1.8048
1.80326
1.8034
1.8053
1.80881
1.81365
1.8194
1.82566
1.83202
1.83813
1.84367
1.84836
1.85197
1.85429
1.85514
1.85438
1.85192
1.84778
1.84216
1.8355
1.82857
1.82237
1.81798
1.81615
1.81713
1.82052
1.82554
1.8313
1.83707
1.8423
1.84671
1.8502
1.85276
1.8545
1.85557
1.85617
1.85654
1.85691
1.85752
1.85852
1.85996
1.86178
1.8638
1.86576
1.86736
1.86832
1.86838
1.86736
1.86517
1.86183
1.85747
1.85229
1.84654
1.84046
1.83417
1.8278
1.82152
1.81567
1.8108
1.80757
1.80655
1.80797
1.81168
1.81716
1.82378
1.8309
1.838
1.84471
1.85076
1.85599
1.86037
1.86394
1.86684
1.86925
1.87135
1.8733
1.87522
1.87717
1.87916
1.88114
1.88303
1.88474
1.88615
1.88719
1.88777
1.88786
1.88741
1.8864
1.88479
1.88256
1.87965
1.87602
1.87164
1.86648
1.8606
1.85415
1.84745
1.841
1.83552
1.83176
1.83039
1.83167
1.83538
1.84078
1.84689
1.85274
1.8576
1.86102
1.86287
1.86319
1.8622
1.86016
1.85731
1.8539
1.85012
1.84613
1.84216
1.83844
1.83528
1.83299
1.83179
1.83179
1.83294
1.83501
1.83769
1.84066
1.84363
1.84641
1.84888
1.85099
1.85276
1.85423
1.85545
1.85644
1.85723
1.85785
1.8583
1.85859
1.85873
1.85874
1.85867
1.85853
1.85837
1.85822
1.8581
1.85801
1.85793
1.8578
1.85755
1.85708
1.85626
1.85496
1.85304
1.8504
1.84703
1.84303
1.8387
1.83453
1.83117
1.82928
1.82929
1.83125
1.83481
1.83936
1.84422
1.84883
1.85283
1.85603
1.85839
1.8599
1.86061
1.86058
1.85985
1.85852
1.85674
1.85466
1.85249
1.85039
1.84846
1.84674
1.84522
1.84389
1.84286
1.84233
1.84255
1.8438
1.84618
1.84963
1.8539
1.85859
1.8633
1.8677
1.87158
1.87486
1.87758
1.87982
1.88169
1.88327
1.88464
1.88577
1.88661
1.88699
1.88665
1.88518
1.882
1.87639
1.86759
1.85516
1.83964
1.82319
1.80959
1.80245
1.80274
1.80815
1.81505
1.82082
1.82462
1.82683
1.82816
1.8292
1.83024
1.83133
1.83249
1.83381
1.83544
1.8376
1.84042
1.84384
1.84758
1.85118
1.85417
1.85613
1.85683
1.85619
1.85431
1.85143
1.8479
1.84412
1.84048
1.83732
1.83488
1.8332
1.8322
1.83168
1.83142
1.8312
1.83094
1.83067
1.83053
1.83071
1.8314
1.83269
1.83456
1.83688
1.83939
1.84181
1.84383
1.84521
1.84575
1.84532
1.84389
1.84155
1.83846
1.83493
1.83134
1.82811
1.82558
1.82397
1.82329
1.80014
1.80072
1.80143
1.802
1.80224
1.80202
1.80125
1.79991
1.79801
1.79561
1.79283
1.78988
1.78702
1.78458
1.78284
1.78199
1.78203
1.78282
1.78404
1.78534
1.78634
1.78672
1.78624
1.78469
1.78191
1.77778
1.77218
1.76508
1.75662
1.74724
1.73781
1.7296
1.72395
1.72177
1.72314
1.72733
1.73322
1.7398
1.74635
1.75248
1.75802
1.76291
1.76715
1.77075
1.77371
1.77607
1.77784
1.77908
1.77984
1.78021
1.78024
1.78004
1.77966
1.77919
1.77868
1.77818
1.77774
1.77737
1.77712
1.77698
1.77697
1.77708
1.7773
1.77758
1.77786
1.77805
1.77805
1.77775
1.77703
1.7758
1.774
1.77165
1.76884
1.76575
1.76263
1.75979
1.75749
1.75595
1.75528
1.75548
1.75642
1.75796
1.75992
1.7621
1.76434
1.76649
1.76842
1.76998
1.77105
1.77147
1.77109
1.76976
1.76733
1.7637
1.75887
1.75301
1.74652
1.74007
1.73455
1.73085
1.72962
1.73105
1.73486
1.74041
1.747
1.75398
1.76085
1.76724
1.77289
1.77756
1.78106
1.78315
1.7836
1.78222
1.77885
1.7735
1.76642
1.75817
1.74971
1.74222
1.73686
1.73445
1.73514
1.7384
1.74331
1.74883
1.75422
1.75903
1.76309
1.76634
1.76872
1.77011
1.77039
1.76946
1.76733
1.76415
1.76022
1.7559
1.75158
1.74752
1.74382
1.74044
1.73732
1.73455
1.73241
1.73133
1.73164
1.73344
1.73646
1.74018
1.74404
1.74755
1.75039
1.75243
1.75365
1.75406
1.75372
1.75266
1.75089
1.74841
1.74524
1.74142
1.73709
1.7325
1.72799
1.72401
1.72093
1.71899
1.71814
1.71805
1.71822
1.71813
1.71735
1.71572
1.71336
1.71071
1.7084
1.70709
1.70725
1.70897
1.71194
1.71558
1.71923
1.72236
1.72461
1.72581
1.72592
1.72498
1.72308
1.72034
1.71696
1.71314
1.70919
1.70543
1.70224
1.69996
1.6989
1.69929
1.70127
1.70483
1.70977
1.71569
1.7221
1.72846
1.73434
1.73943
1.7436
1.7468
1.74907
1.75048
1.7511
1.75101
1.75027
1.7489
1.74697
1.74451
1.74159
1.73831
1.73482
1.73133
1.72806
1.72528
1.72323
1.72211
1.722
1.72292
1.72474
1.72728
1.73031
1.73362
1.737
1.7403
1.74341
1.74627
1.74882
1.75107
1.75298
1.75458
1.75586
1.75685
1.75754
1.75798
1.75818
1.75819
1.75803
1.75776
1.75743
1.75708
1.75678
1.75657
1.75652
1.75666
1.75704
1.75772
1.75871
1.76003
1.7617
1.7637
1.766
1.76855
1.77128
1.77414
1.77705
1.77995
1.78279
1.78552
1.78812
1.79057
1.79288
1.79505
1.7971
1.79906
1.80098
1.80289
1.80483
1.80684
1.80893
1.81112
1.81338
1.81566
1.8179
1.82001
1.82191
1.82352
1.82478
1.82565
1.8261
1.82614
1.8258
1.8251
1.82407
1.82274
1.82114
1.81928
1.81724
1.81512
1.81309
1.81136
1.81015
1.80963
1.80987
1.81082
1.81228
1.814
1.81568
1.81707
1.81803
1.81852
1.81858
1.81834
1.81794
1.81744
1.81683
1.81605
1.81498
1.81358
1.81188
1.81
1.80813
1.80652
1.80541
1.80501
1.8054
1.80652
1.80817
1.8101
1.812
1.81366
1.81499
1.81605
1.81701
1.81806
1.81937
1.821
1.82295
1.82512
1.82738
1.82957
1.83155
1.83321
1.83451
1.83548
1.83623
1.83686
1.83748
1.83815
1.83885
1.83949
1.83988
1.83976
1.83877
1.83652
1.83259
1.82662
1.81841
1.80807
1.79619
1.78396
1.77306
1.7653
1.76205
1.76379
1.76999
1.77933
1.79014
1.8008
1.81005
1.81703
1.82136
1.82294
1.82194
1.81865
1.81355
1.80724
1.80051
1.79419
1.78901
1.7854
1.78344
1.78292
1.78354
1.78494
1.78669
1.78816
1.78851
1.78683
1.78239
1.77499
1.76525
1.75471
1.74577
1.74098
1.74211
1.74936
1.76139
1.77597
1.79089
1.80448
1.81575
1.8243
1.83026
1.83416
1.83688
1.83947
1.84283
1.84748
1.85334
1.85991
1.86649
1.8725
1.87759
1.88164
1.88466
1.88671
1.88787
1.88822
1.88782
1.88675
1.8851
1.883
1.88057
1.87793
1.87519
1.8724
1.86958
1.86675
1.86393
1.86116
1.85846
1.85587
1.85334
1.8508
1.84809
1.84506
1.84165
1.83791
1.83411
1.83067
1.82814
1.82701
1.82764
1.83017
1.83449
1.84031
1.84724
1.85484
1.86272
1.87051
1.87794
1.88477
1.89086
1.89611
1.90047
1.90393
1.90652
1.90827
1.90924
1.90949
1.9091
1.90815
1.9067
1.90485
1.90266
1.90021
1.89756
1.89476
1.89186
1.88891
1.88595
1.88305
1.8803
1.87779
1.87562
1.87385
1.87254
1.8717
1.87128
1.87119
1.87134
1.8716
1.87185
1.87202
1.87205
1.87195
1.87176
1.87156
1.87145
1.8715
1.8718
1.87236
1.87314
1.87408
1.87502
1.87582
1.8763
1.87628
1.87561
1.87415
1.87179
1.86852
1.86441
1.85967
1.85472
1.85009
1.84637
1.84402
1.84319
1.8437
1.84511
1.84689
1.84859
1.84991
1.85074
1.85106
1.85093
1.85039
1.84945
1.84807
1.84612
1.84346
1.8399
1.83533
1.82974
1.82332
1.81659
1.81032
1.8054
1.80254
1.80198
1.80338
1.80601
1.80907
1.81193
1.81426
1.81599
1.81722
1.81809
1.81871
1.81912
1.81923
1.81888
1.81788
1.81606
1.81333
1.8097
1.80526
1.80019
1.7947
1.78902
1.78337
1.778
1.77325
1.76949
1.76714
1.7665
1.76762
1.77023
1.77376
1.77758
1.78111
1.78395
1.78589
1.78691
1.7871
1.78666
1.78582
1.78486
1.78403
1.78355
1.78355
1.7841
1.78514
1.78657
1.78821
1.78986
1.79135
1.79249
1.79312
1.79308
1.79225
1.79049
1.78769
1.78381
1.7789
1.7732
1.76716
1.76145
1.75684
1.75394
1.75301
1.75381
1.75572
1.758
1.76004
1.76149
1.76234
1.7628
1.76325
1.76412
1.76577
1.76842
1.7721
1.77665
1.7818
1.78719
1.79247
1.79732
1.80149
1.80476
1.80697
1.80795
1.80758
1.80571
1.80223
1.79713
1.79055
1.7829
1.77492
1.7676
1.76196
1.75866
1.75777
1.75878
1.76089
1.76334
1.76563
1.76753
1.76906
1.77035
1.77159
1.77293
1.77447
1.77627
1.77836
1.78069
1.78324
1.78593
1.78872
1.79157
1.79447
1.79746
1.80058
1.80385
1.80729
1.81085
1.81445
1.81801
1.8214
1.82454
1.82734
1.82975
1.83173
1.83326
1.8343
1.83483
1.83479
1.83408
1.83258
1.83013
1.82654
1.8216
1.81521
1.80745
1.79876
1.79007
1.78267
1.77781
1.77616
1.77744
1.78051
1.78402
1.78687
1.78851
1.78888
1.78819
1.78675
1.78479
1.78244
1.77981
1.7771
1.77474
1.77338
1.77368
1.77607
1.78051
1.78652
1.79335
1.80024
1.80662
1.81214
1.81668
1.82023
1.82288
1.82478
1.82604
1.82682
1.82722
1.82735
1.8273
1.82713
1.8269
1.82662
1.8263
1.82591
1.82543
1.82475
1.82377
1.82235
1.82028
1.81737
1.81342
1.80834
1.80222
1.79548
1.78893
1.78365
1.78067
1.78051
1.7829
1.78698
1.79163
1.79594
1.7994
1.80186
1.80342
1.8043
1.80477
1.80505
1.8053
1.80563
1.80612
1.80675
1.80754
1.80846
1.80949
1.8106
1.81177
1.81299
1.81423
1.81543
1.81655
1.81751
1.81822
1.81857
1.81846
1.81782
1.81658
1.81477
1.8125
1.80998
1.80755
1.8056
1.80455
1.80468
1.80606
1.80855
1.81177
1.81526
1.8186
1.82145
1.82358
1.8249
1.82538
1.82508
1.82406
1.82243
1.82036
1.81802
1.81565
1.81347
1.81165
1.81026
1.8092
1.80828
1.80719
1.80564
1.80342
1.80039
1.79659
1.79215
1.78731
1.78238
1.77771
1.77361
1.77035
1.76811
1.76698
1.76703
1.76824
1.77058
1.77397
1.77826
1.78321
1.78853
1.79387
1.79891
1.80337
1.80709
1.80998
1.81204
1.81335
1.814
1.81412
1.81381
1.81317
1.81229
1.81122
1.81001
1.80867
1.80723
1.80568
1.80404
1.8023
1.80048
1.79859
1.79666
1.79472
1.7928
1.79096
1.78925
1.78773
1.78646
1.78548
1.78483
1.78453
1.78456
1.78488
1.78542
1.78608
1.78674
1.78727
1.78752
1.78736
1.78666
1.78533
1.78335
1.78081
1.77796
1.77522
1.7731
1.77212
1.77261
1.77461
1.77784
1.7818
1.78596
1.78988
1.79329
1.79607
1.79821
1.79979
1.80092
1.80172
1.8023
1.80274
1.80311
1.80347
1.80383
1.80419
1.80455
1.80486
1.80505
1.80501
1.80462
1.80371
1.80208
1.79954
1.79591
1.79111
1.78521
1.77861
1.77203
1.76649
1.76307
1.76255
1.76508
1.7702
1.77702
1.78458
1.79209
1.79904
1.80513
1.81026
1.81442
1.81768
1.82011
1.8218
1.82282
1.82322
1.82301
1.82217
1.82066
1.81841
1.81532
1.8113
1.80631
1.80037
1.7937
1.78669
1.78001
1.77443
1.77073
1.76939
1.77051
1.77376
1.77856
1.78427
1.79032
1.79629
1.80187
1.80688
1.81116
1.81459
1.81707
1.81852
1.81888
1.81814
1.81632
1.81352
1.80989
1.80567
1.80113
1.79657
1.79222
1.78822
1.7846
1.78131
1.77823
1.77525
1.77231
1.76938
1.76649
1.76369
1.76114
1.75913
1.75815
1.75871
1.76122
1.76569
1.77167
1.77838
1.785
1.79086
1.79558
1.79901
1.80119
1.80222
1.80224
1.80135
1.79964
1.79716
1.79395
1.7901
1.78571
1.781
1.77631
1.77203
1.7686
1.76637
1.76546
1.7658
1.76709
1.76894
1.77098
1.77293
1.7746
1.77593
1.77691
1.77758
1.77799
1.77818
1.77819
1.77805
1.77777
1.77736
1.77683
1.77619
1.77546
1.77466
1.77384
1.77304
1.77231
1.7717
1.77126
1.77102
1.77098
1.77115
1.7715
1.77198
1.77258
1.77324
1.77393
1.77464
1.77534
1.77601
1.77662
1.77715
1.77755
1.7778
1.77784
1.79976
1.79922
1.79833
1.79709
1.79549
1.79358
1.79143
1.78916
1.78693
1.78491
1.78329
1.7822
1.7817
1.78178
1.78237
1.78332
1.78449
1.78575
1.78702
1.78824
1.78944
1.79064
1.79189
1.79321
1.7946
1.796
1.79735
1.79856
1.79954
1.8002
1.8005
1.8004
1.7999
1.79901
1.79777
1.79624
1.79448
1.79255
1.79055
1.78853
1.78656
1.78471
1.78302
1.7815
1.78016
1.77898
1.77792
1.77694
1.77598
1.77502
1.77409
1.77324
1.77265
1.77254
1.77316
1.77473
1.7774
1.78113
1.78573
1.79088
1.79618
1.80123
1.8057
1.8093
1.81185
1.8132
1.81325
1.81195
1.80926
1.80521
1.79991
1.79357
1.78652
1.77927
1.77245
1.76677
1.76292
1.76141
1.76246
1.76593
1.77133
1.77802
1.7853
1.79253
1.79924
1.80509
1.80985
1.81343
1.81582
1.81706
1.81729
1.81669
1.81555
1.81416
1.81289
1.81206
1.81192
1.81259
1.81408
1.81625
1.81887
1.82172
1.82453
1.82712
1.82932
1.83105
1.83228
1.83304
1.83343
1.8336
1.83373
1.83402
1.83461
1.83559
1.83696
1.83859
1.84031
1.84189
1.84309
1.84371
1.84356
1.84253
1.84056
1.83763
1.8338
1.82925
1.8242
1.81901
1.81407
1.80979
1.80645
1.80419
1.80292
1.80235
1.80209
1.80174
1.80098
1.79966
1.79777
1.79545
1.79294
1.79049
1.78832
1.78656
1.78523
1.7843
1.78369
1.78336
1.78333
1.78371
1.78465
1.78634
1.78893
1.79246
1.79684
1.80185
1.80719
1.8125
1.81748
1.82189
1.82558
1.82852
1.83069
1.83216
1.83302
1.83335
1.83324
1.83277
1.83201
1.83103
1.82985
1.82852
1.82706
1.82549
1.82381
1.82203
1.82016
1.8182
1.81614
1.81397
1.81168
1.80926
1.80667
1.80384
1.80071
1.79715
1.79301
1.78806
1.78209
1.77492
1.76655
1.75743
1.74863
1.74182
1.73884
1.7408
1.74747
1.75733
1.76846
1.77924
1.78872
1.79652
1.80261
1.80713
1.81025
1.81214
1.81296
1.81289
1.81211
1.81084
1.8093
1.80775
1.80638
1.80532
1.80455
1.80389
1.80303
1.80155
1.7991
1.79549
1.79093
1.78611
1.78207
1.77987
1.78007
1.78245
1.78613
1.7901
1.79356
1.79614
1.79778
1.79858
1.79863
1.798
1.79672
1.79491
1.7928
1.79083
1.78954
1.78942
1.79076
1.79352
1.79734
1.8017
1.80604
1.80993
1.81311
1.81544
1.81688
1.81748
1.81729
1.81644
1.81505
1.81332
1.81145
1.80972
1.80835
1.80758
1.80751
1.80816
1.80944
1.81113
1.81298
1.81474
1.81615
1.81704
1.81728
1.81683
1.81571
1.81401
1.81187
1.80944
1.80686
1.80421
1.80147
1.79855
1.79527
1.7915
1.78722
1.78273
1.77861
1.77571
1.77482
1.7763
1.77991
1.78489
1.79026
1.79521
1.79923
1.80208
1.80378
1.8045
1.80447
1.80399
1.80335
1.80286
1.80278
1.80326
1.80433
1.80591
1.8078
1.80975
1.81155
1.81299
1.81396
1.8144
1.81433
1.81378
1.81282
1.81155
1.81005
1.80843
1.80675
1.8051
1.80355
1.80214
1.80091
1.79987
1.799
1.79828
1.79765
1.79701
1.79626
1.79531
1.79405
1.7924
1.79031
1.78777
1.78484
1.78166
1.77844
1.77544
1.77297
1.7713
1.77065
1.77107
1.77247
1.7746
1.77709
1.77951
1.78143
1.78248
1.78236
1.78091
1.77812
1.7742
1.76957
1.76485
1.76084
1.75828
1.75768
1.75915
1.76236
1.76665
1.77125
1.77546
1.77878
1.78096
1.78191
1.78174
1.78062
1.77879
1.7765
1.77401
1.77154
1.7693
1.76743
1.76607
1.76526
1.76502
1.7653
1.76603
1.76713
1.76851
1.77014
1.77197
1.77395
1.77603
1.77811
1.78005
1.78167
1.78278
1.78321
1.78279
1.78141
1.77909
1.77595
1.77226
1.76845
1.76506
1.7626
1.76151
1.76201
1.76405
1.76734
1.77144
1.77582
1.77997
1.78346
1.78601
1.78746
1.78783
1.78728
1.78611
1.7847
1.78347
1.78275
1.78275
1.7835
1.78487
1.78667
1.78867
1.79071
1.79271
1.79463
1.79648
1.79827
1.79998
1.80159
1.80307
1.80438
1.80554
1.80655
1.80743
1.80818
1.80876
1.80907
1.80897
1.80825
1.8067
1.80406
1.80009
1.79461
1.78751
1.77896
1.76966
1.76114
1.75573
1.75572
1.76201
1.77338
1.78715
1.80065
1.8122
1.82116
1.82763
1.83202
1.8348
1.83639
1.83711
1.83723
1.83692
1.83633
1.83559
1.83478
1.83401
1.83335
1.83286
1.83259
1.83257
1.83282
1.83332
1.83405
1.83496
1.83601
1.83712
1.83822
1.8392
1.83996
1.84038
1.84034
1.83974
1.8385
1.83661
1.83409
1.83101
1.82745
1.82344
1.81896
1.81389
1.80812
1.80166
1.79478
1.78805
1.78232
1.7785
1.77734
1.77918
1.78389
1.7909
1.79937
1.80842
1.81727
1.82538
1.83242
1.83828
1.84299
1.84665
1.8494
1.85139
1.85275
1.85359
1.854
1.85403
1.85373
1.85313
1.85224
1.85107
1.84963
1.84794
1.84601
1.84387
1.84156
1.8391
1.83654
1.83393
1.8313
1.82868
1.82609
1.82354
1.82106
1.81865
1.81636
1.81425
1.81242
1.81097
1.81004
1.80976
1.81019
1.81137
1.81323
1.81564
1.81845
1.82145
1.82449
1.8274
1.83009
1.83246
1.83447
1.83605
1.83717
1.83776
1.83774
1.83702
1.83545
1.83289
1.82915
1.82407
1.8175
1.80945
1.80019
1.79047
1.78157
1.77513
1.77256
1.77435
1.7797
1.78696
1.79434
1.80056
1.80498
1.80754
1.80847
1.80819
1.80716
1.80582
1.80453
1.80358
1.80317
1.8034
1.80431
1.80584
1.8079
1.81034
1.81302
1.81578
1.81846
1.82096
1.8232
1.82511
1.82667
1.8279
1.82882
1.82945
1.82983
1.82999
1.82994
1.82971
1.82927
1.82861
1.8277
1.82651
1.82501
1.82318
1.82103
1.81857
1.81585
1.81292
1.80989
1.80681
1.80378
1.80083
1.79796
1.79514
1.79228
1.7893
1.78613
1.78275
1.77922
1.77566
1.77228
1.76925
1.76671
1.76469
1.76313
1.76187
1.7608
1.75984
1.75903
1.75847
1.75833
1.75876
1.75986
1.76159
1.76385
1.76646
1.76919
1.77188
1.77436
1.77657
1.77845
1.78002
1.7813
1.78233
1.78317
1.78385
1.78442
1.78491
1.78534
1.7857
1.78601
1.78624
1.78637
1.78633
1.78606
1.78547
1.78443
1.78282
1.78045
1.77715
1.77276
1.76715
1.76026
1.75217
1.74315
1.73373
1.72482
1.71775
1.71404
1.71493
1.72065
1.73019
1.74167
1.75315
1.76323
1.77122
1.77695
1.78056
1.78233
1.78258
1.78161
1.77971
1.77712
1.77409
1.77085
1.76757
1.76439
1.7614
1.75862
1.75612
1.75399
1.75242
1.75172
1.75224
1.75431
1.75808
1.7634
1.76988
1.77698
1.78411
1.7908
1.79672
1.80169
1.80563
1.80856
1.81052
1.81159
1.81185
1.81141
1.81042
1.80904
1.80749
1.80599
1.8048
1.80411
1.80405
1.80464
1.8058
1.80736
1.80907
1.81069
1.81194
1.81261
1.81249
1.81147
1.80956
1.80688
1.80376
1.80062
1.79793
1.796
1.79487
1.7943
1.79391
1.79342
1.79284
1.79245
1.79261
1.79354
1.79513
1.797
1.79867
1.79985
1.80045
1.80058
1.80041
1.80002
1.79939
1.79839
1.79688
1.79477
1.79211
1.78905
1.78583
1.78274
1.78006
1.77802
1.77676
1.77634
1.77679
1.77807
1.78017
1.78301
1.78651
1.79054
1.79493
1.79947
1.80398
1.8083
1.81237
1.81615
1.81971
1.8231
1.8264
1.82964
1.83279
1.83582
1.83864
1.84119
1.84339
1.84519
1.84657
1.84752
1.84805
1.84822
1.84806
1.84765
1.84709
1.84645
1.84582
1.84528
1.84489
1.84466
1.84461
1.84471
1.84492
1.8452
1.8455
1.8458
1.84605
1.84626
1.8464
1.84648
1.84647
1.84634
1.84602
1.84539
1.8443
1.84249
1.8397
1.83562
1.83
1.82274
1.814
1.8044
1.79506
1.78746
1.7831
1.78285
1.78662
1.79335
1.80158
1.80995
1.8176
1.82418
1.82971
1.83437
1.83833
1.84172
1.84454
1.84673
1.8482
1.84885
1.84864
1.84754
1.84556
1.84274
1.83915
1.83485
1.82996
1.82467
1.81922
1.81393
1.80911
1.80504
1.80189
1.79973
1.79854
1.79832
1.79906
1.8008
1.80353
1.80714
1.81143
1.8161
1.82085
1.8254
1.82956
1.83321
1.83631
1.83885
1.84089
1.84246
1.84363
1.84442
1.84486
1.84497
1.84473
1.84414
1.84319
1.84188
1.84022
1.83828
1.83615
1.83397
1.83192
1.83018
1.8289
1.82816
1.82796
1.82822
1.8288
1.82952
1.83024
1.83083
1.83119
1.83127
1.83102
1.83038
1.82928
1.82766
1.82542
1.82249
1.81884
1.81451
1.80967
1.80462
1.79979
1.79574
1.793
1.79194
1.7927
1.79502
1.79842
1.80228
1.80608
1.80945
1.81228
1.81458
1.81653
1.81832
1.8201
1.822
1.82407
1.82628
1.82856
1.83082
1.83295
1.83486
1.83648
1.83776
1.83867
1.83918
1.83927
1.83888
1.83794
1.83631
1.8338
1.83019
1.82524
1.8188
1.81102
1.80251
1.79449
1.7886
1.78628
1.788
1.79298
1.7996
1.80616
1.81147
1.81493
1.8164
1.81602
1.81402
1.81068
1.80627
1.8011
1.79549
1.78983
1.78448
1.77984
1.7762
1.77378
1.77262
1.77267
1.77373
1.77559
1.778
1.78075
1.78365
1.78657
1.7894
1.79208
1.79457
1.79684
1.79889
1.80072
1.80233
1.80372
1.8049
1.80587
1.80663
1.80718
1.80753
1.80769
1.80765
1.80745
1.8071
1.80662
1.80605
1.80543
1.80479
1.80419
1.80366
1.80324
1.80294
1.80276
1.8027
1.80275
1.80287
1.80306
1.80329
1.80357
1.80387
1.80421
1.80456
1.80491
1.80524
1.80553
1.80576
1.80595
1.80613
1.80639
1.80681
1.80751
1.80857
1.81003
1.81187
1.81397
