3.20942
3.40722
3.75137
4.18183
4.68469
5.23692
5.81381
6.36871
6.8715
7.28923
7.59533
7.77878
7.84347
7.79852
7.67149
7.49236
7.28981
7.08709
6.90779
6.76232
6.65985
6.60037
6.58413
6.60621
6.65615
6.71833
6.78628
6.84654
6.89713
6.91698
6.90695
6.85284
6.76711
6.64182
6.48838
6.31294
6.13443
5.96355
5.8067
5.67405
5.58341
5.53238
5.51429
5.53767
5.58564
5.6613
5.74993
5.85165
5.95278
6.04707
6.13368
6.2072
6.26921
6.3115
6.3444
6.37099
6.3813
6.38414
6.37563
6.35167
6.32304
6.27686
6.22816
6.1765
6.12605
6.07911
6.03977
6.01505
5.99605
5.98562
5.9855
5.99024
6.00285
6.02635
6.04893
6.07076
6.09402
6.11952
6.14179
6.16171
6.18032
6.19188
6.19637
6.19485
6.18817
6.17611
6.16324
6.15256
6.14638
6.14692
6.16396
6.19764
6.24429
6.30201
6.36545
6.42368
6.47998
6.52678
6.55364
6.56334
6.55809
6.53986
6.50892
6.48511
6.45428
6.43071
6.42074
6.42225
6.43482
6.46305
6.4904
6.52109
6.54833
6.56295
6.55732
6.5292
6.4769
6.39738
6.2967
6.17952
6.06102
5.94407
5.83548
5.74399
5.67412
5.63094
5.60588
5.61456
5.65386
5.71057
5.78337
5.86551
5.95373
6.0339
6.11194
6.17353
6.20827
6.22466
6.22419
6.21523
6.19105
6.16466
6.15219
6.15199
6.16373
6.18617
6.21519
6.25187
6.29134
6.33696
6.38457
6.42828
6.46627
6.49825
6.51162
6.51612
6.49811
6.47095
6.42687
6.37015
6.30755
6.24144
6.18902
6.1431
6.12298
6.12066
6.13959
6.16879
6.20887
6.25444
6.29587
6.33999
6.36768
6.38738
6.40317
6.40779
6.39475
6.37004
6.3239
6.26619
6.19639
6.11857
6.03649
5.96674
5.91508
5.86896
5.83904
5.83119
5.84545
5.87745
5.92465
5.98446
6.05516
6.12376
6.19031
6.24474
6.29022
6.3127
6.32301
6.31505
6.29644
6.26881
6.23745
6.2078
6.17887
6.15073
6.13449
6.13043
6.12756
6.12918
6.13392
6.14273
6.15774
6.17804
6.19685
6.22487
6.25055
6.27518
6.30944
6.33422
6.35385
6.37083
6.38581
6.40038
6.40638
6.40908
6.40452
6.39453
6.3846
6.36524
6.3348
6.30104
6.27041
6.24714
6.2255
6.21738
6.21997
6.23229
6.25809
6.28583
6.31764
6.3497
6.37475
6.39511
6.4134
6.43275
6.4457
6.45712
6.45662
6.4582
6.4555
6.44543
6.42846
6.40498
6.38125
6.35981
6.33066
6.30068
6.26777
6.23554
6.19808
6.15911
6.11207
6.066
6.0206
5.97079
5.92531
5.88082
5.83612
5.80173
5.76761
5.75573
5.74974
5.76751
5.79782
5.8344
5.8833
5.9378
6.00114
6.06383
6.13093
6.19744
6.265
6.32218
6.37763
6.41457
6.43989
6.44478
6.4314
6.40568
6.36953
6.33234
6.29924
6.27837
6.2725
6.28154
6.30903
6.34528
6.38149
6.4173
6.44198
6.45077
6.42774
6.38303
6.31525
6.23145
6.13423
6.04536
5.96246
5.8991
5.85389
5.83195
5.8358
5.86817
5.92235
5.99631
6.0963
6.20087
6.30504
6.40661
6.48393
6.5442
6.58216
6.59152
6.56907
6.52868
6.47023
6.39542
6.32067
6.24582
6.18089
6.11704
6.07135
6.04315
6.02858
6.03259
6.04385
6.07273
6.0983
6.13094
6.15898
6.1787
6.19143
6.19997
6.20146
6.19137
6.18163
6.16608
6.14582
6.11942
6.09792
6.07582
6.05637
6.04977
6.04507
6.05573
6.07095
6.0892
6.12082
6.16105
6.20547
6.25672
6.31253
6.36454
6.41996
6.47202
6.51693
6.54204
6.55439
6.54259
6.50754
6.46063
6.40339
6.33927
6.27168
6.20985
6.1434
6.09446
6.05567
6.02669
6.01983
6.02471
6.0456
6.07455
6.1131
6.15962
6.20318
6.24342
6.27858
6.29435
6.30011
6.28431
6.25583
6.22423
6.18669
6.14795
6.11505
6.08906
6.07133
6.06605
6.0631
6.06622
6.07449
6.08537
6.09553
6.11021
6.12685
6.14329
6.16455
6.19246
6.23202
6.27668
6.31641
6.35631
6.38806
6.40464
6.39113
6.35516
6.2925
6.21475
6.13494
6.0605
5.99032
5.9409
5.9024
5.88772
5.88724
5.90802
5.94816
5.997
6.05722
6.1243
6.19573
6.27366
6.34927
6.41954
6.48442
6.5399
6.57637
6.58411
6.57194
6.53145
6.47707
6.40433
6.32861
6.24986
6.18422
6.13528
6.10578
6.09591
6.10636
6.13752
6.17073
6.20294
6.22954
6.24305
6.2492
6.24654
6.22918
6.20792
6.17414
6.1369
6.11247
6.09201
6.08824
6.10764
6.15597
6.21847
6.28781
6.36389
6.43104
6.48159
6.51168
6.51497
6.49386
6.45196
6.39674
6.33584
6.26506
6.1998
6.13295
6.0804
6.03903
6.0077
5.98937
5.98225
5.98663
5.99006
5.99726
6.00785
6.02114
6.03055
6.03786
6.04466
6.04548
6.05355
6.06296
6.07249
6.08732
6.1114
6.13146
6.15371
6.17483
6.19191
6.20657
6.22041
6.22974
6.23196
6.22472
6.21776
6.20775
6.20044
6.20499
6.21446
6.23492
6.26789
6.2996
6.34052
6.38654
6.43385
6.47812
6.51459
6.54971
6.56841
6.57645
6.56898
6.54348
6.50869
6.46597
6.41986
6.37275
6.33285
6.30546
6.2835
6.26365
6.25341
6.24876
6.24742
6.24736
6.24049
6.23545
6.23386
6.23056
6.23553
6.24041
6.2476
6.25342
6.2568
6.2635
6.2655
6.26216
6.25354
6.2353
6.21343
6.18519
6.15166
6.11689
6.08731
6.06545
6.04237
6.0284
6.01177
5.99159
5.96878
5.95011
5.93492
5.92782
5.9345
5.94369
5.97269
6.01015
6.06029
6.1087
6.1577
6.1933
6.21136
6.2225
6.21213
6.1938
6.17455
6.15699
6.15646
6.16105
6.18368
6.21433
6.25909
6.30301
6.34789
6.38645
6.41859
6.43752
6.44211
6.4302
6.40675
6.38269
6.34864
6.31446
6.28414
6.25708
6.23799
6.21726
6.20164
6.18633
6.16967
6.16267
6.151
6.14205
6.13129
6.12808
6.12776
6.13498
6.14294
6.15761
6.17541
6.19412
6.21544
6.2418
6.26483
6.28411
6.29684
6.3013
6.2967
6.28369
6.25846
6.2297
6.19453
6.15789
6.13082
6.1043
6.07894
6.06565
6.06032
6.06594
6.0776
6.10403
6.13511
6.17318
6.20888
6.24379
6.26775
6.28537
6.29607
6.30096
6.30364
6.3003
6.29554
6.29089
6.27871
6.25701
6.23311
6.19933
6.16254
6.12504
6.08896
6.05814
6.03396
6.00911
5.99251
5.97887
5.97784
5.98001
6.0008
6.03292
6.07925
6.13556
6.20069
6.2776
6.3592
6.44118
6.5179
6.57396
6.61383
6.63253
6.63166
6.61618
6.58698
6.55513
6.52151
6.49029
6.46277
6.44016
6.41902
6.40575
6.39906
6.40515
6.40762
6.41599
6.42044
6.41417
6.39342
6.35781
6.30461
6.23718
6.15599
6.06359
5.97078
5.88177
5.80293
5.73551
5.69118
5.66236
5.64928
5.66634
5.70318
5.76453
5.83737
5.93238
6.03026
6.13633
6.2284
6.31136
6.36896
6.40654
6.40968
6.39288
6.35116
6.30036
6.23826
6.17793
6.12927
6.09048
6.07049
6.07219
6.0923
6.12686
6.16911
6.21745
6.25989
6.30102
6.33331
6.35483
6.35983
6.34996
6.32572
6.29233
6.25599
6.22374
6.20605
6.19188
6.19066
6.20319
6.21571
6.23282
6.24329
6.2566
6.26082
6.26637
6.27337
6.28388
6.29491
6.30311
6.31226
6.31796
6.31286
6.29609
6.27042
6.23952
6.20183
6.16949
6.1439
6.13017
6.13564
6.15319
6.18101
6.22452
6.26914
6.31372
6.3516
6.37825
6.38837
6.38893
6.37894
6.35554
6.32094
6.26888
6.21263
6.15148
6.08414
6.02489
5.97034
5.9373
5.91421
5.9174
5.94234
5.98297
6.03889
6.10343
6.17027
6.24155
6.30015
6.34811
6.37651
6.38119
6.3736
6.348
6.32376
6.28865
6.26403
6.24608
6.24433
6.26001
6.28183
6.31546
6.35118
6.38178
6.40831
6.42232
6.41751
6.39828
6.36087
6.30894
6.25467
6.19227
6.12837
6.06529
6.01384
5.97179
5.94476
5.93904
5.94048
5.95907
5.99112
6.02556
6.07206
6.11437
6.15507
6.2013
6.24393
6.29053
6.33503
6.38225
6.42811
6.47126
6.50178
6.51722
6.51697
6.50189
6.47792
6.43542
6.38336
6.32671
6.26573
6.20683
6.15048
6.09717
6.04739
5.99548
5.9548
5.92003
5.90364
5.89878
5.91156
5.94446
5.99669
6.05639
6.12242
6.19157
6.25762
6.31667
6.36427
6.40017
6.42768
6.44362
6.44741
6.44049
6.42123
6.39629
6.36659
6.33147
6.29771
6.27075
6.24635
6.23355
6.22986
6.23228
6.24104
6.24885
6.25582
6.24914
6.22859
6.19235
6.14727
6.09406
6.03556
5.97851
5.92759
5.88896
5.85967
5.84631
5.84226
5.85114
5.87291
5.90782
5.95698
6.01066
6.07232
6.13631
6.19897
6.2567
6.31192
6.36558
6.41329
6.45471
6.49436
6.52478
6.559
6.58813
6.60569
6.61638
6.61869
6.61512
6.5947
6.5632
6.52831
6.4797
6.42717
6.36887
6.29928
6.23301
6.17226
6.11424
6.0669
6.02756
5.99478
5.96863
5.95286
5.94535
5.94441
5.95409
5.9668
5.97868
5.98815
5.98139
5.96638
5.94339
5.91575
5.88267
5.86457
5.85125
5.85945
5.88314
5.92672
5.9779
6.03637
6.09923
6.15306
6.19825
6.23137
6.25306
6.26764
6.28421
6.3026
6.3246
6.35485
6.3834
6.41334
6.43764
6.44466
6.43887
6.42231
6.39115
6.35206
6.30683
6.26151
6.23011
6.19589
6.17659
6.15843
6.14812
6.14833
6.15461
6.16693
6.18641
6.20948
6.23797
6.26339
6.29305
6.31198
6.31879
6.32487
6.31864
6.30431
6.29345
6.27558
6.26682
6.25515
6.23758
6.22197
6.20069
6.17831
6.15225
6.13227
6.11028
6.09816
6.08876
6.08835
6.09009
6.09585
6.11351
6.12432
6.58749
6.68268
6.83504
7.01625
7.21293
7.40653
7.59272
7.77137
7.92575
8.05664
8.17119
8.26757
8.34675
8.41903
8.48781
8.55383
8.60803
8.65029
8.66552
8.64668
8.59975
8.5231
8.4289
8.32972
8.23667
8.1646
8.11238
8.08602
8.08076
8.09119
8.10831
8.12379
8.13377
8.1229
8.09868
8.05479
8.0109
7.95913
7.90474
7.85118
7.80415
7.7665
7.73338
7.71405
7.70529
7.7139
7.73399
7.76185
7.79729
7.83465
7.87325
7.90691
7.93244
7.9527
7.95299
7.94703
7.92924
7.90567
7.88032
7.85074
7.82271
7.81
7.79937
7.79656
7.799
7.80743
7.81821
7.83055
7.85037
7.86812
7.88816
7.90881
7.93879
7.95935
7.98624
8.0062
8.02819
8.04483
8.07216
8.09091
8.10254
8.11308
8.1235
8.12925
8.12617
8.12683
8.12216
8.11286
8.10307
8.08724
8.06268
8.03593
8.00291
7.97871
7.95167
7.92607
7.90583
7.8897
7.87901
7.87755
7.87724
7.88933
7.8952
7.90654
7.91745
7.93056
7.94729
7.96144
7.97951
7.99689
8.00637
8.00593
7.99685
7.96952
7.92183
7.85181
7.77703
7.69513
7.62135
7.56051
7.53158
7.52645
7.55032
7.61102
7.69196
7.80309
7.91869
8.03491
8.1407
8.22351
8.2814
8.30204
8.30404
8.28543
8.25472
8.21215
8.17178
8.13846
8.1071
8.07671
8.05456
8.03212
8.00989
7.99623
7.97863
7.96374
7.9514
7.94696
7.94845
7.95481
7.96827
7.96703
7.95651
7.93236
7.89425
7.8424
7.78017
7.71523
7.64711
7.58908
7.53656
7.50594
7.49362
7.51322
7.55401
7.61758
7.69137
7.77852
7.86276
7.93901
8.00559
8.06361
8.11359
8.144
8.16499
8.17494
8.17154
8.15158
8.11288
8.05017
7.98095
7.90809
7.84377
7.80359
7.78899
7.79957
7.83395
7.87861
7.93391
7.99482
8.06166
8.12551
8.1804
8.21563
8.23199
8.23344
8.20878
8.17785
8.14503
8.11118
8.08455
8.05921
8.03392
8.00435
7.97682
7.94961
7.93428
7.93058
7.9455
7.97422
8.00508
8.02996
8.05304
8.06796
8.0767
8.07326
8.05482
8.00553
7.91845
7.8044
7.66562
7.52501
7.38871
7.27932
7.18336
7.12393
7.09674
7.10465
7.14581
7.22825
7.34036
7.47881
7.63685
7.79895
7.95588
8.08246
8.1648
8.20884
8.2181
8.21186
8.19973
8.19752
8.19705
8.19917
8.1976
8.19081
8.17243
8.14907
8.11957
8.09272
8.07885
8.07496
8.09001
8.11255
8.1465
8.19626
8.2429
8.29321
8.33482
8.36269
8.36906
8.35382
8.30529
8.22879
8.13556
8.03229
7.92697
7.829
7.75166
7.69367
7.66167
7.65937
7.68445
7.73068
7.78888
7.8446
7.89688
7.92315
7.92578
7.9157
7.89536
7.86803
7.84735
7.83862
7.83617
7.84461
7.87017
7.90325
7.932
7.95748
7.96434
7.96409
7.9489
7.93494
7.92004
7.91566
7.92859
7.96276
8.01169
8.06995
8.12073
8.16081
8.18593
8.17429
8.14412
8.09132
8.01695
7.94098
7.88162
7.83352
7.81711
7.81573
7.83408
7.85763
7.87273
7.87371
7.85001
7.81486
7.77145
7.73476
7.71977
7.73077
7.76334
7.80937
7.85508
7.89915
7.92471
7.92915
7.92998
7.91716
7.90891
7.90239
7.89935
7.91027
7.93869
7.97958
8.02896
8.08499
8.13217
8.16651
8.17901
8.1674
8.12738
8.0664
7.98676
7.91055
7.84134
7.78616
7.75409
7.74608
7.7608
7.7846
7.81945
7.85126
7.87581
7.88463
7.87754
7.86971
7.86301
7.86016
7.8737
7.89664
7.93079
7.96036
7.9854
7.99712
7.99259
7.97582
7.94871
7.90885
7.87186
7.83403
7.80262
7.77487
7.75357
7.74109
7.74555
7.76457
7.80661
7.84744
7.8927
7.93064
7.95746
7.97144
7.97641
7.99214
8.01283
8.04339
8.08565
8.12745
8.16338
8.18235
8.18141
8.16484
8.13133
8.08161
8.04053
8.0084
7.98965
7.99693
8.02001
8.04801
8.08658
8.11653
8.13168
8.12968
8.11164
8.06782
8.00691
7.93319
7.85624
7.77778
7.70528
7.64244
7.59861
7.57287
7.57476
7.59161
7.62558
7.66073
7.70267
7.74202
7.78413
7.80863
7.82966
7.84627
7.86088
7.87377
7.89199
7.9078
7.92767
7.95246
7.97162
8.00018
8.03823
8.07745
8.12521
8.1892
8.27138
8.36713
8.46424
8.54796
8.61141
8.6367
8.61809
8.55774
8.45604
8.3211
8.16726
8.01992
7.87919
7.77309
7.6983
7.65916
7.66197
7.68823
7.73756
7.78221
7.81539
7.83119
7.82041
7.79619
7.76698
7.74146
7.7283
7.73874
7.77408
7.83122
7.90117
7.96783
8.02331
8.07297
8.11428
8.1375
8.15972
8.17314
8.17655
8.17131
8.16187
8.13061
8.08866
8.02464
7.9591
7.8862
7.81845
7.75973
7.71789
7.69758
7.70097
7.71671
7.75148
7.79343
7.83576
7.88287
7.92871
7.96117
7.99404
8.01237
8.01448
7.99622
7.96116
7.91284
7.85078
7.78625
7.73755
7.70834
7.69987
7.70918
7.74442
7.79063
7.84541
7.90153
7.95829
8.01311
8.06147
8.10162
8.12573
8.13176
8.13317
8.12824
8.13191
8.14019
8.14223
8.14054
8.12792
8.1018
8.07045
8.03181
7.99553
7.97011
7.96136
7.97571
8.01004
8.06552
8.13232
8.19261
8.24662
8.2812
8.29158
8.28002
8.25629
8.22688
8.18751
8.13826
8.07124
7.99991
7.9236
7.85409
7.80089
7.75783
7.73412
7.73652
7.7593
7.79732
7.83985
7.88581
7.91915
7.9382
7.94039
7.91809
7.88163
7.83629
7.79287
7.75086
7.71971
7.70617
7.71469
7.7418
7.78378
7.84921
7.91228
7.98361
8.05193
8.11509
8.17191
8.2169
8.24708
8.25633
8.24314
8.20143
8.13118
8.03775
7.93649
7.83405
7.74916
7.69762
7.67024
7.67301
7.69669
7.7461
7.80236
7.86014
7.92159
7.97711
8.02908
8.07129
8.11106
8.13293
8.13812
8.13191
8.11432
8.08208
8.03772
7.99381
7.94801
7.90086
7.8639
7.83921
7.8288
7.83057
7.84048
7.86272
7.89706
7.93697
7.97685
8.00218
8.01316
8.00759
7.98091
7.93608
7.88333
7.83593
7.79705
7.77125
7.76694
7.78307
7.81018
7.84037
7.87511
7.90434
7.92395
7.93271
7.93275
7.92174
7.89971
7.86625
7.82729
7.78365
7.7436
7.70327
7.6717
7.64447
7.63835
7.65557
7.68167
7.71862
7.77293
7.83424
7.89357
7.93873
7.97839
8.01311
8.04719
8.08083
8.11372
8.15134
8.18747
8.22215
8.25637
8.28278
8.29747
8.29469
8.27139
8.22596
8.16715
8.09321
8.0138
7.92815
7.84955
7.77278
7.71068
7.66639
7.63118
7.6107
7.61151
7.62491
7.65234
7.69798
7.75311
7.81572
7.88254
7.95
8.00615
8.06129
8.11364
8.15621
8.18374
8.19037
8.18092
8.15743
8.12845
8.09042
8.06432
8.04175
8.03023
8.03349
8.04507
8.05345
8.04495
8.01401
7.96385
7.89314
7.82203
7.75907
7.71425
7.6931
7.69159
7.72322
7.77354
7.84094
7.92189
8.00407
8.08421
8.14934
8.203
8.23446
8.24613
8.23443
8.21274
8.17714
8.13471
8.08705
8.03592
7.98324
7.93398
7.88391
7.83675
7.79573
7.76698
7.74279
7.72647
7.71821
7.71392
7.72154
7.73798
7.75803
7.78003
7.80767
7.84434
7.88263
7.93112
7.96605
7.99569
8.00698
8.00138
7.9811
7.95694
7.92894
7.89818
7.87023
7.85033
7.8331
7.81824
7.81483
7.8187
7.82634
7.8243
7.82688
7.82588
7.81731
7.81712
7.83025
7.85353
7.88024
7.91336
7.948
7.97606
8.0007
8.02194
8.04562
8.06555
8.07999
8.08651
8.07688
8.05041
8.00092
7.93394
7.86289
7.78184
7.71727
7.66448
7.63642
7.63416
7.65715
7.71194
7.78999
7.8824
7.98408
8.08232
8.17641
8.25607
8.30945
8.34095
8.34367
8.31698
8.26461
8.19095
8.11097
8.0384
7.97942
7.94057
7.92096
7.92149
7.93055
7.946
7.95848
7.97069
7.98434
7.97923
7.96488
7.95801
7.95408
7.96053
7.98339
8.02034
8.06563
8.1064
8.13186
8.13301
8.10967
8.06029
7.99325
7.91928
7.84983
7.78881
7.73695
7.70286
7.68131
7.67528
7.68205
7.70438
7.73294
7.78063
7.83177
7.89326
7.9522
8.00762
8.0482
8.07753
8.09633
8.10037
8.09833
8.09355
8.08429
8.06461
8.03629
7.99952
7.95556
7.90236
7.85324
7.80527
7.77255
7.74655
7.73291
7.73616
7.75251
7.77891
7.81573
7.85374
7.89757
7.93429
7.97191
8.00069
8.02457
8.03135
8.03498
8.02404
8.00709
7.97666
7.93343
7.87604
7.81834
7.763
7.71527
7.68096
7.67043
7.68528
7.72331
7.773
7.83491
7.89497
7.94627
7.9843
8.00394
8.00865
8.00457
7.99907
7.99757
8.00893
8.02489
8.0464
8.06171
8.0673
8.06208
8.03673
8.00419
7.959
7.91029
7.87345
7.84534
7.83378
7.83848
7.85757
7.89715
7.93927
7.99167
8.03417
8.08009
8.11117
8.13792
8.15655
8.15944
8.15056
8.11883
8.0659
8.00281
7.92642
7.85276
7.78697
7.73101
7.69403
7.67635
7.68544
7.71711
7.76915
7.83471
7.9067
7.9803
8.04115
8.08853
8.12226
8.14695
8.14549
8.12388
8.08205
8.02201
7.95094
7.86832
7.79754
7.73077
7.68495
7.64087
7.6043
7.58126
7.56951
7.55949
7.55447
7.57326
7.59726
7.63845
7.69668
7.76069
7.83348
7.92074
8.01418
8.11014
8.20204
8.2768
8.32907
8.36591
8.37158
8.35268
8.30566
8.24288
8.16766
8.08828
8.01794
7.96693
7.92192
7.88786
7.86091
7.83025
7.78835
7.73807
7.68435
7.64064
7.609
7.60836
7.63038
7.66962
7.71427
7.76399
7.8081
7.85455
7.8933
7.92178
7.94765
7.96122
7.97314
7.96425
7.95749
7.94892
7.93816
7.93097
7.93747
7.94684
7.9698
7.99871
8.0419
8.08137
8.3788
8.46698
8.5719
8.68636
8.78767
8.86913
8.92264
8.95068
8.95308
8.9439
8.9391
8.94696
8.96555
9.01478
9.0722
9.1373
9.19478
9.23623
9.24625
9.22349
9.17201
9.10701
9.03679
8.96138
8.88484
8.80408
8.72546
8.65345
8.6011
8.57939
8.58646
8.62226
8.67525
8.73133
8.80163
8.86384
8.92089
8.97393
9.02204
9.06645
9.11027
9.16918
9.24039
9.30698
9.37724
9.44452
9.49916
9.52625
9.53516
9.5068
9.44437
9.3449
9.21423
9.07561
8.94337
8.8157
8.71207
8.62246
8.54257
8.4702
8.40175
8.34348
8.2967
8.25437
8.2311
8.22128
8.2331
8.25795
8.29284
8.3413
8.38511
8.42794
8.4771
8.53843
8.61628
8.71533
8.83431
8.96941
9.11056
9.25198
9.37467
9.47475
9.54331
9.58512
9.59434
9.57821
9.53785
9.48211
9.42446
9.36791
9.31856
9.2623
9.20814
9.14775
9.06352
8.96799
8.8592
8.74532
8.63663
8.54169
8.46743
8.42982
8.42645
8.45331
8.50511
8.57535
8.65236
8.74049
8.8267
8.91207
8.9885
9.04651
9.08323
9.08962
9.07217
9.02979
8.97191
8.90897
8.84608
8.79263
8.76578
8.76324
8.7843
8.82574
8.87937
8.94553
9.01093
9.07775
9.1494
9.2118
9.25877
9.29899
9.31666
9.31921
9.30089
9.27133
9.23085
9.1735
9.12058
9.0635
9.00543
8.94827
8.88721
8.81589
8.74071
8.65976
8.58484
8.52346
8.47038
8.42763
8.40614
8.39533
8.40546
8.42365
8.45434
8.49772
8.55596
8.63352
8.72995
8.85079
8.98863
9.1216
9.2413
9.34091
9.40597
9.43357
9.41753
9.36371
9.28814
9.18279
9.06722
8.95404
8.84786
8.7658
8.71292
8.69125
8.69258
8.71243
8.73444
8.74888
8.75911
8.75843
8.75084
8.73518
8.72884
8.71601
8.70904
8.70143
8.69808
8.69929
8.71292
8.74032
8.77673
8.82522
8.88646
8.9632
9.03576
9.1152
9.1855
9.24346
9.28413
9.3052
9.31009
9.2981
9.28336
9.26519
9.25218
9.23199
9.19642
9.13648
9.06507
8.97818
8.89447
8.81001
8.73092
8.65664
8.58577
8.51772
8.45399
8.40089
8.36593
8.35783
8.37529
8.42589
8.50052
8.5869
8.6735
8.76097
8.84066
8.9078
8.95792
8.9962
9.03035
9.05763
9.07537
9.08512
9.0791
9.04832
8.99162
8.89975
8.78808
8.66397
8.5602
8.50259
8.49075
8.53088
8.61677
8.72735
8.83685
8.92487
8.96281
8.94904
8.90339
8.83253
8.7643
8.7048
8.6635
8.64812
8.66075
8.69012
8.73132
8.77585
8.81637
8.85175
8.87966
8.90309
8.92265
8.9252
8.92326
8.92044
8.91025
8.90187
8.88768
8.87098
8.85574
8.84961
8.85443
8.87081
8.89301
8.92663
8.96874
9.01263
9.05643
9.08818
9.10245
9.10478
9.08265
9.04546
9.00117
8.95469
8.91365
8.88227
8.87222
8.89048
8.93459
9.00986
9.10317
9.20301
9.30628
9.39332
9.4445
9.45262
9.42696
9.35757
9.2557
9.13262
9.00395
8.87929
8.75433
8.64659
8.56666
8.51602
8.497
8.51052
8.53862
8.58304
8.63347
8.67933
8.72858
8.77148
8.81767
8.86081
8.89614
8.916
8.92712
8.92134
8.89349
8.86146
8.82885
8.80877
8.79111
8.7846
8.7965
8.80185
8.80105
8.79024
8.7741
8.7596
8.75221
8.76142
8.78903
8.84593
8.92712
9.02051
9.12253
9.23194
9.33509
9.42437
9.4903
9.5212
9.50069
9.43381
9.32266
9.18483
9.03406
8.88987
8.76053
8.66618
8.60372
8.57611
8.58445
8.62211
8.68319
8.76437
8.84474
8.91972
8.98293
9.02763
9.06655
9.10178
9.14422
9.16848
9.17959
9.16667
9.12729
9.05675
8.96789
8.86351
8.76506
8.69545
8.66072
8.67286
8.72488
8.81229
8.92026
9.01702
9.09934
9.14712
9.15641
9.1317
9.08335
9.03154
8.98705
8.95142
8.93344
8.92769
8.93286
8.94329
8.94561
8.94372
8.92219
8.89576
8.86457
8.83567
8.82075
8.81659
8.82497
8.83968
8.86113
8.88
8.90069
8.9163
8.92327
8.91915
8.91196
8.89875
8.88375
8.87163
8.86787
8.87584
8.88921
8.90732
8.93334
8.96348
9.00009
9.04099
9.08335
9.12047
9.15238
9.18096
9.19526
9.20329
9.20112
9.18746
9.15933
9.12384
9.07819
9.02708
8.97826
8.94369
8.91671
8.9049
8.89821
8.90109
8.89324
8.87511
8.8488
8.80304
8.74406
8.68845
8.63278
8.6037
8.59017
8.60832
8.64814
8.70509
8.77773
8.85448
8.94127
9.02859
9.11335
9.19649
9.27462
9.35007
9.40434
9.43564
9.43697
9.4019
9.33941
9.2453
9.12723
9.00933
8.87966
8.75523
8.63639
8.53195
8.46255
8.42528
8.42537
8.46087
8.5154
8.58628
8.65928
8.73204
8.79179
8.83433
8.85684
8.85576
8.83704
8.80792
8.77419
8.75677
8.75069
8.77017
8.81203
8.87064
8.93289
8.99854
9.05681
9.10066
9.11986
9.12033
9.10074
9.06352
9.02506
8.97626
8.9191
8.8634
8.81518
8.78393
8.77649
8.78762
8.83004
8.88444
8.94662
9.00715
9.05943
9.10367
9.13023
9.14718
9.14804
9.13875
9.12114
9.08578
9.04873
9.00709
8.95645
8.90998
8.85546
8.81043
8.76956
8.73883
8.71288
8.69576
8.68696
8.6944
8.72394
8.78169
8.86254
8.96761
9.08362
9.19995
9.29687
9.36228
9.37528
9.33187
9.23311
9.08734
8.92123
8.75067
8.60079
8.4825
8.40778
8.38433
8.40858
8.48729
8.59436
8.71451
8.82203
8.91804
8.98719
9.02797
9.03585
9.01691
8.97355
8.91544
8.83825
8.76398
8.68809
8.61561
8.55921
8.51614
8.49402
8.50056
8.54267
8.62072
8.73235
8.87317
9.03783
9.1976
9.33805
9.44967
9.51849
9.553
9.54919
9.50117
9.41622
9.30277
9.1678
9.02071
8.87451
8.74253
8.63307
8.55635
8.51042
8.50151
8.51596
8.54971
8.60351
8.66092
8.72608
8.79415
8.85787
8.91868
8.98
9.02827
9.06421
9.08016
9.07079
9.03263
8.97078
8.88993
8.79631
8.69809
8.61065
8.54974
8.51527
8.51918
8.55452
8.60771
8.67392
8.74279
8.81343
8.8811
8.9504
9.01292
9.07118
9.12443
9.17389
9.22072
9.24788
9.26791
9.27763
9.27687
9.26078
9.22798
9.18653
9.12783
9.04824
8.97521
8.9153
8.87891
8.86643
8.88102
8.90763
8.9433
8.97498
8.99463
9.01114
9.01982
9.03467
9.04738
9.05871
9.07019
9.07695
9.0742
9.06196
9.03232
8.98681
8.91789
8.84379
8.76635
8.69103
8.62835
8.58779
8.57082
8.57094
8.57949
8.60753
8.65164
8.70124
8.76646
8.83355
8.90663
8.98073
9.03647
9.08958
9.12728
9.15632
9.17964
9.19198
9.20804
9.20832
9.20149
9.17996
9.1389
9.07029
8.96769
8.82522
8.65349
8.48664
8.33392
8.21704
8.14886
8.12817
8.16538
8.24125
8.35658
8.4881
8.61631
8.72692
8.81029
8.86015
8.8755
8.8662
8.85183
8.83737
8.83318
8.85497
8.8966
8.9542
9.01847
9.0806
9.13364
9.17314
9.18569
9.17842
9.14926
9.10934
9.05776
9.00643
8.9636
8.93181
8.92138
8.93247
8.9719
9.03282
9.11249
9.20984
9.31077
9.40367
9.47319
9.51043
9.50163
9.44606
9.33953
9.19699
9.03567
8.87408
8.72377
8.5991
8.50216
8.43552
8.38549
8.3531
8.32691
8.31507
8.31615
8.34012
8.36895
8.40534
8.43526
8.46145
8.47436
8.48662
8.49204
8.50591
8.52076
8.54894
8.591
8.63461
8.69837
8.77126
8.85509
8.93739
9.01665
9.08136
9.12712
9.14217
9.13188
9.10372
9.06378
9.02192
8.99765
8.99829
9.03387
9.098
9.19121
9.29612
9.39634
9.48099
9.53753
9.5663
9.56466
9.53412
9.47463
9.38739
9.27772
9.14656
9.01665
8.89721
8.80828
8.76251
8.75738
8.79632
8.86338
8.94185
9.01506
9.05535
9.06041
9.03383
8.97741
8.89312
8.79562
8.69998
8.60255
8.51913
8.44814
8.39455
8.35812
8.32213
8.30253
8.27644
8.25794
8.25702
8.27055
8.28991
8.32414
8.37824
8.43869
8.50344
8.57696
8.66175
8.74707
8.83581
8.91972
8.98398
9.01756
9.01767
8.98761
8.93138
8.86289
8.81285
8.78122
8.77851
8.80408
8.85508
8.92614
9.00131
9.07302
9.1268
9.15251
9.15043
9.13373
9.11615
9.10652
9.12515
9.15952
9.2127
9.26541
9.31861
9.35402
9.37165
9.36041
9.30906
9.23454
9.14525
9.05353
8.96638
8.8875
8.83154
8.79551
8.78259
8.79617
8.82338
8.85826
8.8945
8.93145
8.9519
8.95633
8.93019
8.88488
8.82155
8.74957
8.68233
8.6418
8.636
8.66309
8.71736
8.79231
8.86277
8.91942
8.9484
8.94547
8.90413
8.8205
8.71404
8.60219
8.50226
8.42649
8.38306
8.38315
8.42333
8.49468
8.58612
8.68957
8.78503
8.86772
8.92972
8.9658
8.99883
9.02497
9.05298
9.09446
9.14558
9.20524
9.25607
9.29416
9.30542
9.29283
9.24668
9.17403
9.09269
9.00966
8.94425
8.89459
8.87029
8.87906
8.91442
8.97078
9.03042
9.0712
9.07864
9.04171
8.97861
8.89628
8.79275
8.69245
8.60417
8.54665
8.52982
8.57174
8.65557
8.77289
8.90347
9.03337
9.14023
9.2115
9.23771
9.20832
9.13107
9.01967
8.88616
8.7404
8.60415
8.47748
8.38101
8.315
8.28519
8.28701
8.31122
8.36119
8.42266
8.50066
8.59819
8.70854
8.82674
8.94297
9.0461
9.1299
9.18796
9.22269
9.23816
9.23218
9.21863
9.19275
9.16193
9.12465
9.10048
9.09063
9.08984
9.10346
9.11623
9.11875
9.11401
9.09425
9.0737
9.05791
9.04176
9.02734
9.01851
9.00432
8.98453
8.96371
8.94173
8.91509
8.90288
8.89856
8.90582
8.92235
8.9348
8.93138
8.90143
8.84105
8.75368
8.65618
8.57111
8.50819
8.48146
8.49888
8.59883
8.71445
8.8524
9.00666
9.16259
9.29593
9.39305
9.44171
9.4484
9.40945
9.34582
9.27957
9.22395
9.18838
9.17081
9.16756
9.17487
9.17816
9.17124
9.15171
9.12297
9.08245
9.0384
8.99375
8.92343
8.8453
8.75374
8.65113
8.54433
8.46673
8.42654
8.44346
8.51344
8.63899
8.81065
9.00544
9.19849
9.36433
9.46842
9.51709
9.49736
9.41517
9.2899
9.14401
8.99239
8.86583
8.76926
8.70523
8.6815
8.68948
8.72116
8.77261
8.83916
8.92171
9.01404
9.11727
9.22956
9.34114
9.43671
9.51056
9.5538
9.55622
9.51189
9.42058
9.3001
9.14619
8.98288
8.82169
8.6811
8.56961
8.49643
8.45943
8.45577
8.49026
8.541
8.61375
8.69574
8.79294
8.89867
9.00921
9.12893
9.23505
9.3371
9.41289
9.45919
9.47616
9.46364
9.42457
9.37821
9.32903
9.27589
9.23514
9.19897
9.17078
9.14865
9.12973
9.11432
9.10462
9.10499
9.11434
9.14227
9.18615
9.24066
9.29481
9.34017
9.35362
9.34006
9.29065
9.2112
9.11358
9.00721
8.90215
8.79838
8.71185
8.64658
8.59643
8.57202
8.57535
8.60144
8.64797
8.71133
8.78945
8.88126
8.96297
9.04018
9.09937
9.14397
9.17526
9.19432
9.20607
9.19679
9.17262
9.1355
9.09439
9.06574
9.04362
9.05378
9.07682
9.12437
9.17557
9.22328
9.26582
9.30102
9.3223
9.34419
9.36583
9.38355
9.40772
9.42401
9.42242
9.40596
9.38262
9.35041
9.29962
9.22885
9.1438
9.04433
8.92501
8.78295
8.65046
8.5241
8.4209
8.3518
8.31803
8.32092
8.36241
8.43906
8.52196
8.61436
8.70734
8.80451
8.90353
9.00043
9.08386
9.1476
9.18774
9.20334
9.18498
9.14007
9.07012
8.98365
8.88727
8.80324
8.73197
8.6934
8.69172
8.72377
8.78789
8.8859
8.99889
9.12066
9.24405
9.35467
9.45815
9.53529
9.58341
9.59926
9.57115
9.50594
9.40576
9.28128
9.15871
9.05513
8.97702
8.93996
8.95096
9.00073
9.08327
9.17619
9.26222
9.32216
9.34663
9.33427
9.28397
9.20958
9.11881
9.02292
8.93611
8.85304
8.78552
8.7314
8.68934
8.65174
8.61467
8.5883
8.57936
8.58135
8.60123
8.63829
8.68354
8.73837
8.79952
8.86871
8.93389
8.99678
9.06436
9.12506
9.17676
9.20964
9.2196
9.2106
9.18105
9.14895
9.11782
9.07694
9.04185
9.00995
8.98275
8.95194
8.91102
8.87303
8.84061
8.81461
8.79543
8.78793
8.79867
8.82581
8.8636
8.90364
8.94953
8.99957
9.04857
9.10382
9.15658
9.20097
9.23986
9.27957
9.31588
9.34036
9.3565
9.36927
9.35805
9.32901
9.28798
9.22195
9.15002
9.06164
8.97386
8.89491
8.82385
8.78067
8.77054
8.79269
8.84926
8.92874
9.02037
9.10849
9.18538
9.23537
9.24499
9.22322
9.17947
9.12322
9.05904
8.99715
8.94353
8.90002
8.86233
8.83776
8.82308
8.82067
8.82754
8.8503
8.88411
8.93606
9.00167
9.08225
9.16618
9.23968
9.29023
9.30859
9.29997
9.25575
9.18565
9.09097
8.98334
8.86492
8.75113
8.66076
8.60484
8.59305
8.6149
8.67873
8.77218
8.88438
9.01153
9.13562
9.24298
9.31719
9.35527
9.35342
9.32162
9.26628
9.21439
9.1791
9.169
9.1853
9.20936
9.23744
9.26008
9.26133
9.24226
9.20255
9.14644
9.08062
9.0097
8.94889
8.90434
8.8865
8.89999
8.93467
9.00634
9.07986
9.15646
9.21231
9.25036
9.25169
9.22541
9.16158
9.07515
8.97147
8.86855
8.7762
8.70508
8.64771
8.61756
8.60421
8.59581
8.61224
8.63371
8.67521
8.73252
8.80663
8.90206
9.01679
9.14297
9.26239
9.37679
9.46518
9.52099
9.52983
9.49928
9.42543
9.32381
9.20471
9.09174
9.00144
8.94632
8.93435
8.95507
9.00646
9.05864
9.10363
9.12079
9.10341
9.06009
9.00154
8.93591
8.87956
8.84739
8.84596
8.86753
8.89909
8.93115
8.94896
8.9457
8.93344
8.92206
8.91663
8.92749
8.95746
8.99031
9.02263
9.04374
9.04726
9.04057
9.02296
8.99508
8.96494
8.93229
8.91083
8.90246
8.91641
8.95413
9.00197
9.06863
9.14146
9.21467
9.26201
9.27304
9.25248
9.18713
9.09881
9.00117
8.90615
8.82334
8.7721
8.75637
8.78112
8.84583
8.94298
9.05212
9.16308
9.2588
9.31159
9.313
9.25901
9.14951
9.00649
8.84414
8.68382
8.54678
8.44873
8.39744
8.39562
8.43847
8.52244
8.64067
8.77403
8.91005
9.02981
9.13539
9.21724
9.26895
9.30548
9.31761
9.31736
9.30314
9.27404
9.23532
9.1834
9.1295
9.07758
9.04023
9.01706
9.01824
9.03128
9.05406
9.07873
9.08004
9.06194
9.01663
8.94389
8.83649
8.72058
8.61137
8.53823
8.517
8.56994
8.7008
8.88356
9.09148
9.28171
9.42449
9.49161
9.48133
9.40821
9.29451
9.16372
9.03845
8.93674
8.86544
8.83021
8.84713
8.9083
9.0055
9.12255
9.23788
9.33975
9.41726
9.45898
9.46614
9.44369
9.39382
9.32642
9.2324
9.12493
8.99137
8.83527
8.66474
8.50262
8.36606
8.26722
8.20817
8.21132
8.27351
8.39131
8.55393
8.74053
8.93639
9.10885
9.23923
9.30367
9.31026
9.24869
9.14133
9.0081
8.86402
8.73562
8.62877
8.55698
8.51961
8.52215
8.57146
8.66125
8.79363
8.96017
9.13458
9.32542
9.49384
9.65374
9.78483
9.88978
9.97229
10.0405
10.089
10.1141
10.1184
10.102
10.0549
9.96986
9.84438
9.67902
9.48345
9.26612
9.04193
8.82916
8.6384
8.4934
8.3957
8.35037
8.35372
8.38538
8.43912
8.50336
8.57119
8.63391
8.68649
8.72371
8.75112
8.76024
8.75908
8.74534
8.72685
8.71547
8.71428
8.72118
8.74422
8.76878
8.80508
8.84097
8.86974
8.88315
8.88445
8.88128
8.8789
8.87702
8.8834
8.91033
8.94513
9.00116
9.07016
9.14845
9.22583
9.3013
9.3599
9.4008
9.41636
9.41263
9.39495
9.35684
9.31358
9.27303
9.23283
9.19287
9.16713
9.14751
9.13269
9.12971
9.12502
9.12343
9.12325
9.12209
9.11937
9.11991
9.12391
9.12868
9.13282
9.14767
9.17336
9.21293
9.26703
9.32942
9.38943
9.42448
9.43582
9.40511
9.3372
9.23334
9.10793
8.97484
8.85236
8.74589
8.67737
8.6334
8.62986
8.65314
8.69863
8.76328
8.8278
8.88877
8.92334
8.92933
8.90238
8.84059
8.75757
8.65848
8.56024
8.48532
8.42674
8.40068
8.40696
8.45339
8.52962
8.62371
8.73456
8.84646
8.95465
9.0516
9.14095
9.22005
9.29402
9.36347
9.42061
9.45764
9.48593
9.49447
9.47975
9.4436
9.38541
9.32746
9.2597
9.19612
9.13641
9.09317
9.05415
9.0315
9.02392
9.0343
9.05876
9.09296
9.1477
9.2126
9.28695
9.36834
9.4496
9.52293
9.56938
9.58397
9.55267
9.48788
9.39121
9.27774
9.15674
9.04701
8.95329
8.89096
8.85863
8.86026
8.89613
8.95739
9.02614
9.08588
9.11809
9.11256
9.06335
8.98054
8.86816
8.73963
8.60845
8.49557
8.40979
8.35737
8.33554
8.35369
8.41152
8.48603
8.5842
8.69124
8.79969
8.89588
8.98043
9.0491
9.09519
9.1093
9.10737
9.09141
9.0798
9.07504
9.08167
9.10335
9.14101
9.18551
9.22757
9.26833
9.30709
9.33072
9.3445
9.32815
9.29123
9.22368
9.13034
9.03071
8.93022
8.85134
8.807
8.8021
8.84598
8.91762
9.02285
9.14346
9.26109
9.36978
9.45408
9.51801
9.54637
9.54298
9.51013
9.44495
9.35676
9.25734
9.17295
9.11051
9.08172
9.09005
9.12979
9.18255
9.24276
9.29316
9.32562
9.33141
9.3076
9.26848
9.20825
9.14869
9.08458
9.02156
8.96631
8.90144
8.84112
8.76787
8.68351
8.58618
8.48163
8.38002
8.2931
8.23439
8.20259
8.20729
8.24829
8.32345
8.42778
8.56121
8.71254
8.87595
9.02582
9.14746
9.24456
9.29348
9.30538
9.28918
9.25174
9.20832
9.16585
9.13256
9.1171
9.12291
9.14381
9.17954
9.23188
9.28934
9.3379
9.37424
9.38842
9.37522
9.3347
9.27765
9.20633
9.13534
9.07053
9.02057
8.98909
8.97162
8.97477
8.99135
9.01567
9.04957
9.09165
9.12148
9.14924
9.16052
9.16024
9.14919
9.1325
9.11174
9.09495
9.09006
9.10129
9.12639
9.14878
9.16428
9.17049
9.16589
9.14814
9.11205
9.06684
9.0194
8.96234
8.90101
8.85076
8.80507
8.76574
8.74654
8.73781
8.7278
8.70489
8.67357
8.6303
8.59367
8.56934
8.55199
8.55144
8.57404
8.62403
8.69539
8.79191
8.92446
9.07078
9.22154
9.35846
9.47528
9.55672
9.60521
9.62524
9.62052
9.5925
9.54613
9.49419
9.42939
9.35563
9.28063
9.20658
9.13575
9.0653
9.00346
8.94201
8.87608
8.80894
8.72715
8.63792
8.56477
8.5148
8.50028
8.53009
8.60505
8.72341
8.86728
9.02683
9.19469
9.34475
9.459
9.53144
9.55155
9.51846
9.44102
9.34269
9.23486
9.13656
9.05074
8.98519
8.93529
8.90312
8.89655
8.90023
8.92515
8.96792
9.01504
9.05997
9.08642
9.08519
9.04192
8.9799
8.91274
8.85351
8.80424
8.78566
8.78496
8.80578
8.85358
8.91583
8.98267
9.05279
9.11306
9.15937
9.19452
9.22486
9.24411
9.24989
9.24801
9.23276
9.21155
9.18807
9.16434
9.13543
9.1033
9.07396
9.04122
9.00822
8.97254
8.9363
8.90566
8.87422
8.84059
8.79059
8.72727
8.658
8.57763
8.49304
8.42696
8.3779
8.37147
8.41386
8.50744
8.65318
8.84001
9.03341
9.21021
9.3424
9.42046
9.46402
9.48508
9.49801
9.50943
9.51621
9.51822
9.50615
9.4819
9.44205
9.39166
9.32991
9.26285
9.1916
9.1244
9.05387
8.9814
8.92616
8.88081
8.85047
8.84948
8.86542
8.96035
9.01697
9.08239
9.15464
9.21298
9.25222
9.27637
9.29351
9.29928
9.29855
9.29786
9.28583
9.26056
9.22275
9.16478
9.08263
8.98421
8.88951
8.81209
8.75345
8.72344
8.7201
8.73877
8.77878
8.85854
8.97408
9.12316
9.28677
9.44196
9.57873
9.66028
9.68769
9.65896
9.5813
9.48128
9.36942
9.26997
9.18593
9.14013
9.11723
9.12795
9.16168
9.21425
9.27972
9.34518
9.41596
9.47693
9.53554
9.57803
9.59495
9.59545
9.56367
9.50244
9.41736
9.31117
9.19659
9.07838
8.97316
8.88607
8.82703
8.80466
8.8148
8.85981
8.9404
9.04039
9.16051
9.27891
9.38623
9.47525
9.54722
9.60437
9.6349
9.64185
9.61447
9.54817
9.44463
9.31747
9.17196
9.03542
8.91592
8.82173
8.76086
8.73602
8.75217
8.79677
8.85289
8.93302
9.00539
9.06217
9.10066
9.12014
9.13084
9.13496
9.14472
9.172
9.20503
9.24523
9.2957
9.34017
9.37868
9.39697
9.39619
9.38034
9.34821
9.32801
9.31217
9.32301
9.36033
9.43034
9.50721
9.58413
9.6383
9.65774
9.64086
9.58891
9.52203
9.44337
9.36709
9.31127
9.27517
9.24615
9.22663
9.2111
9.19093
9.16455
9.13295
9.10255
9.07976
9.06264
9.04613
9.03699
9.03081
9.04183
9.05533
9.08143
9.11908
9.16441
9.22028
9.28511
9.35734
9.41902
9.47
9.50171
9.50391
9.47474
9.41152
9.32146
9.21558
9.11979
9.04642
9.00337
9.00531
9.04043
9.10721
9.18942
9.26775
9.33521
9.38023
9.38482
9.34454
9.27571
9.19029
9.10209
9.03198
8.98723
8.96931
8.97875
9.00195
9.02836
9.05575
9.07316
9.08245
9.09236
9.10015
9.113
9.13963
9.16823
9.20526
9.25107
9.29724
9.33496
9.3536
9.34823
9.31531
9.26424
9.19453
9.12059
9.0539
9.01202
8.99074
8.99255
9.01353
9.05226
9.09903
9.15583
9.21901
9.28882
9.35634
9.42374
9.48761
9.53185
9.54504
9.5224
9.45097
9.33326
9.19668
9.04948
8.93003
8.84524
8.80138
8.7968
8.83698
8.90335
8.98931
9.08605
9.18788
9.27525
9.34181
9.38449
9.39425
9.37855
9.34656
9.30546
9.26686
9.23429
9.22347
9.23757
9.2815
9.3449
9.43086
9.52836
9.63275
9.7197
9.77613
9.78861
9.74972
9.67871
9.58173
9.47788
9.38505
9.30516
9.23355
9.17604
9.12134
9.07317
9.02763
8.99107
8.96331
8.95124
8.9581
8.97144
9.00264
9.03032
9.05655
9.06834
9.05019
9.00795
8.94024
8.85664
8.76988
8.70274
8.65174
8.63412
8.64421
8.68271
8.74197
8.81487
8.89941
8.99563
9.09613
9.2008
9.31541
9.43614
9.54753
9.63929
9.69861
9.73211
9.72289
9.67911
9.60797
9.52213
9.43486
9.34807
9.27146
9.20247
9.15293
9.1137
9.10076
9.10792
9.13581
9.18484
9.25427
9.34109
9.43564
9.5269
9.60211
9.65655
9.67853
9.67581
9.63254
9.56812
9.4865
9.40042
9.32113
9.24489
9.19034
9.15527
9.13866
9.14612
9.17226
9.19751
9.2243
9.23896
9.25169
9.24589
9.22931
9.1953
9.15083
9.09713
9.0366
8.95801
8.86508
8.74599
8.60999
8.47446
8.35577
8.27639
8.24814
8.28303
8.36832
8.50863
8.68943
8.90151
9.12885
9.34635
9.53725
9.67872
9.77188
9.82494
9.82723
9.81043
9.78267
9.75122
9.71595
9.67055
9.6348
9.59324
9.55612
9.51866
9.49699
9.49081
9.5093
9.54517
9.59687
9.66147
9.73108
9.7938
9.84122
9.86111
9.8588
9.8419
9.81259
9.7795
9.74552
9.71219
9.65639
9.5778
9.48035
9.36066
9.22798
9.09753
8.97277
8.85882
8.7569
8.67039
8.61215
8.57873
8.57983
8.61546
8.67526
8.75972
8.84938
8.93454
9.01001
9.07766
9.13511
9.19811
9.27568
9.35331
9.43891
9.51661
9.56583
9.57507
9.54264
9.46961
9.36943
9.24191
9.10416
8.97856
8.87011
8.78399
8.74587
8.76063
8.8168
8.90796
9.02615
9.14656
9.24872
9.34289
9.41411
9.4569
9.48845
9.50275
9.49933
9.48645
9.4643
9.43578
9.40976
9.37981
9.3449
9.31585
9.292
9.27079
9.25144
9.24468
9.24232
9.24794
9.26231
9.28242
9.3089
9.34151
9.37043
9.40645
9.43611
9.46596
9.4859
9.47922
9.44472
9.38265
9.28495
9.15651
9.00299
8.83195
8.66374
8.51363
8.40414
8.34682
8.35204
8.4182
8.54498
8.71149
8.89969
9.09463
9.27926
9.43355
9.55124
9.64081
9.6939
9.70971
9.68708
9.61622
9.49591
9.33999
9.17119
9.01343
8.8863
8.81197
8.78991
8.812
8.87222
8.95654
9.05036
9.14683
9.24886
9.34779
9.44714
9.53368
9.59584
9.61647
9.59751
9.54057
9.46172
9.36135
9.25409
9.14352
9.04017
8.94922
8.8826
8.84005
8.83167
8.85786
8.90892
8.98754
9.07652
9.18314
9.28518
9.39042
9.48066
9.5614
9.61304
9.63044
9.62296
9.57893
9.51139
9.42993
9.35459
9.2899
9.25152
9.23724
9.2433
9.27281
9.30794
9.33388
9.3475
9.34208
9.30928
9.25178
9.18042
9.09749
9.01919
8.94843
8.88922
8.84105
8.81892
8.82788
8.866
8.94104
9.04681
9.1706
9.30138
9.41592
9.49986
9.55426
9.58414
9.60504
9.62328
9.6495
9.67585
9.6958
9.70201
9.69059
9.66231
9.62476
9.5771
9.52248
9.46322
9.38979
9.30251
9.2055
9.09793
8.9927
8.89291
8.80142
8.72445
8.65553
8.61389
8.59336
8.60315
8.64036
8.708
8.79993
8.90673
9.02812
9.16385
9.3013
9.42657
9.53056
9.58894
9.60159
9.58129
9.53071
9.47265
9.41789
9.38167
9.36616
9.36733
9.37436
9.3714
9.35921
9.32403
9.27192
9.20776
9.13732
9.07462
9.02564
8.98808
8.97316
8.98081
9.02034
9.08159
9.1602
9.2458
9.33908
9.4198
9.47532
9.49939
9.49808
9.47184
9.43916
9.40543
9.37905
9.36218
9.35234
9.35535
9.36577
9.37638
9.38338
9.38677
9.37543
9.35183
9.31012
9.24775
9.17547
9.09353
9.02427
8.97719
8.9539
8.95181
8.96959
8.99916
9.02715
9.06023
9.09181
9.13052
9.18457
9.24711
9.32422
9.41114
9.48204
9.51945
9.51149
9.4493
9.33776
9.19595
9.04268
8.89882
8.79824
8.74
8.73595
8.77816
8.87132
8.98257
9.10722
9.22706
9.32989
9.40952
9.45356
9.45306
9.40342
9.31309
9.19765
9.07691
8.9622
8.86386
8.82222
8.82246
8.87348
8.97235
9.11063
9.27567
9.44101
9.5938
9.71278
9.79905
9.8424
9.85716
9.84011
9.79022
9.71724
9.62497
9.51132
9.39868
9.29616
9.2171
9.16285
9.13771
9.12
9.09887
9.06992
9.02514
8.96479
8.89946
8.82234
8.74404
8.67954
8.63357
8.61171
8.61909
8.6536
8.72098
8.81206
8.9167
9.04185
9.17601
9.31267
9.45373
9.58724
9.69307
9.76448
9.79809
9.79152
9.74682
9.67545
9.58954
9.50003
9.40339
9.31719
9.22356
9.13636
9.05597
8.98229
8.91399
8.87009
8.85587
8.87509
8.91517
8.97738
9.05068
9.12461
9.21381
9.30661
9.40869
9.51914
9.62261
9.71263
9.7806
9.79962
9.76392
9.68027
9.54029
9.35983
9.15978
8.96668
8.80245
8.68118
8.61684
8.62206
8.69682
8.83181
9.00149
9.19906
9.40414
9.59513
9.7544
9.87979
9.95059
9.97638
9.94972
9.88418
9.79443
9.69084
9.59187
9.50618
9.44016
9.39589
9.38206
9.38658
9.40034
9.40878
9.38723
9.33661
9.24988
9.14166
9.02306
8.90086
8.78042
8.67759
8.59224
8.53287
8.50881
8.51385
8.55464
8.63935
8.75403
8.89249
9.03163
9.15147
9.24616
9.29783
9.31442
9.31613
9.3101
9.29951
9.29556
9.29177
9.28422
9.26565
9.24403
9.22292
9.20274
9.18662
9.17182
9.16899
9.1699
9.1718
9.18014
9.19016
9.21364
9.23198
9.24305
9.24583
9.24248
9.23181
9.21228
9.18187
9.14632
9.12234
9.10838
9.11526
9.15233
9.22138
9.32546
9.45236
9.58704
9.71934
9.83343
9.91647
9.9526
9.93318
9.84749
9.7132
9.54904
9.37715
9.21314
9.0774
8.97877
8.90928
8.87873
8.87136
8.8838
8.91635
8.95166
8.9941
9.03954
9.08692
9.12906
9.17376
9.21639
9.26267
9.30325
9.33214
9.3595
9.36614
9.35598
9.32059
9.25893
9.18505
9.11183
9.04807
9.0058
8.987
8.9912
9.02137
9.0612
9.09847
9.1312
9.16119
9.18182
9.20253
9.22422
9.2474
9.28048
9.32055
9.36739
9.41212
9.44479
9.45744
9.45406
9.4288
9.38047
9.32262
9.2722
9.23603
9.22067
9.23268
9.26895
9.31769
9.37255
9.41012
9.43738
9.45571
9.45728
9.45037
9.43501
9.41592
9.38362
9.34147
9.29709
9.25027
9.20042
9.15998
9.12747
9.11018
9.11493
9.12992
9.166
9.22358
9.28575
9.3579
9.44037
9.53157
9.62852
9.73066
9.83828
9.94047
10.0114
10.0382
9.99585
9.86704
9.65928
9.40043
9.12012
8.84745
8.6118
8.4331
8.31871
8.27816
8.29849
8.37851
8.5152
8.68585
8.87634
9.07804
9.24812
9.37286
9.43744
9.44145
9.39912
9.32699
9.24889
9.18636
9.1626
9.18963
9.26757
9.37935
9.51199
9.62843
9.71822
9.75376
9.73418
9.66385
9.56013
9.44965
9.33908
9.2411
9.16756
9.10695
9.05013
8.99321
8.91823
8.82459
8.72013
8.61614
8.53204
8.48154
8.46488
8.47582
8.52198
8.59362
8.6771
8.77036
8.8775
8.98082
9.07986
9.17644
9.27233
9.36189
9.44709
9.51601
9.57035
9.61267
9.64436
9.67608
9.70362
9.72762
9.73499
9.71217
9.6561
9.56469
9.45791
9.3367
9.21556
9.10733
9.02383
8.96085
8.92233
8.9093
8.92219
8.96083
9.0153
9.07427
9.12984
9.18886
9.2408
9.27995
9.30159
9.30091
9.27066
9.21381
9.12961
