-6.6481
-6.64187
-6.62099
-6.60652
-6.59602
-6.58832
-6.58033
-6.57696
-6.575
-6.57401
-6.57443
-6.5753
-6.57538
-6.57699
-6.57837
-6.57882
-6.57839
-6.57814
-6.57658
-6.57546
-6.57425
-6.57403
-6.57358
-6.57231
-6.57093
-6.5717
-6.57237
-6.57391
-6.5724
-6.57332
-6.57305
-6.57608
-6.57618
-6.57814
-6.57961
-6.58216
-6.5825
-6.58161
-6.58211
-6.58404
-6.58262
-6.58084
-6.582
-6.58098
-6.58302
-6.58328
-6.58469
-6.58335
-6.58215
-6.58135
-6.57963
-6.57858
-6.57719
-6.57935
-6.58052
-6.57943
-6.58062
-6.57987
-6.57883
-6.5794
-6.57704
-6.57852
-6.57831
-6.57834
-6.5786
-6.57976
-6.5812
-6.58035
-6.58144
-6.58287
-6.58335
-6.58483
-6.58536
-6.583
-6.5826
-6.58353
-6.58416
-6.58352
-6.58356
-6.58331
-6.58178
-6.58124
-6.58137
-6.5815
-6.58131
-6.58141
-6.5808
-6.57978
-6.5793
-6.58035
-6.58005
-6.57908
-6.5788
-6.5786
-6.57854
-6.58057
-6.58014
-6.57819
-6.5779
-6.5776
-6.57693
-6.5765
-6.57823
-6.57533
-6.57654
-6.57735
-6.57647
-6.57588
-6.57595
-6.57381
-6.57532
-6.57599
-6.57584
-6.57583
-6.57658
-6.57708
-6.57727
-6.57902
-6.58131
-6.58476
-6.58578
-6.58664
-6.58768
-6.58795
-6.58781
-6.58663
-6.58933
-6.5888
-6.58573
-6.58468
-6.58405
-6.58421
-6.58354
-6.58527
-6.58359
-6.58234
-6.58439
-6.58517
-6.58489
-6.5822
-6.58356
-6.58641
-6.58592
-6.58441
-6.58259
-6.58078
-6.5803
-6.57984
-6.58072
-6.58034
-6.57936
-6.57909
-6.57888
-6.57743
-6.57928
-6.5789
-6.58179
-6.58146
-6.58176
-6.58198
-6.58143
-6.58233
-6.58048
-6.58238
-6.5813
-6.58154
-6.58057
-6.58133
-6.58093
-6.57934
-6.5791
-6.57597
-6.57804
-6.58078
-6.5813
-6.58156
-6.58317
-6.58253
-6.58413
-6.58438
-6.58519
-6.58686
-6.59006
-6.58959
-6.58515
-6.58451
-6.58447
-6.58342
-6.58173
-6.58104
-6.58139
-6.58215
-6.58173
-6.58337
-6.58417
-6.58604
-6.58539
-6.58737
-6.58673
-6.58701
-6.58623
-6.58567
-6.58502
-6.58365
-6.58353
-6.58564
-6.58548
-6.58306
-6.58326
-6.58414
-6.5857
-6.58697
-6.58662
-6.58497
-6.58526
-6.58262
-6.58226
-6.5832
-6.57997
-6.58064
-6.58264
-6.58433
-6.58506
-6.58386
-6.58428
-6.58375
-6.58387
-6.58368
-6.58058
-6.57909
-6.58047
-6.58214
-6.58243
-6.58102
-6.58213
-6.58158
-6.58132
-6.58174
-6.58026
-6.58081
-6.58079
-6.5805
-6.5822
-6.58423
-6.58529
-6.58406
-6.58413
-6.58323
-6.58591
-6.58538
-6.5842
-6.58368
-6.58378
-6.58482
-6.58454
-6.5823
-6.58296
-6.58331
-6.58401
-6.58311
-6.58318
-6.5826
-6.5846
-6.5853
-6.58502
-6.58635
-6.58571
-6.58535
-6.58688
-6.58672
-6.59072
-6.58981
-6.59212
-6.58957
-6.58704
-6.58681
-6.58532
-6.58484
-6.5831
-6.58367
-6.58331
-6.58332
-6.58176
-6.58255
-6.58016
-6.58077
-6.57981
-6.5805
-6.58182
-6.5821
-6.58259
-6.58195
-6.58115
-6.57957
-6.57824
-6.57818
-6.57722
-6.57767
-6.58025
-6.58108
-6.58111
-6.57932
-6.58114
-6.58164
-6.58269
-6.58361
-6.58662
-6.58557
-6.58533
-6.58301
-6.58189
-6.58137
-6.58115
-6.57997
-6.58015
-6.58105
-6.57753
-6.57642
-6.57646
-6.57474
-6.57739
-6.5779
-6.57654
-6.57549
-6.57697
-6.5764
-6.57636
-6.57878
-6.57882
-6.57908
-6.57731
-6.57965
-6.57999
-6.57965
-6.58061
-6.58001
-6.58174
-6.57933
-6.58058
-6.57897
-6.5784
-6.57948
-6.5809
-6.58103
-6.58115
-6.58353
-6.58298
-6.58274
-6.5828
-6.58446
-6.58349
-6.58344
-6.584
-6.58159
-6.58208
-6.57965
-6.57917
-6.58099
-6.57991
-6.57786
-6.57677
-6.57536
-6.57429
-6.5765
-6.57716
-6.57728
-6.57622
-6.57752
-6.57629
-6.57701
-6.57964
-6.58025
-6.58011
-6.57988
-6.5802
-6.57882
-6.58224
-6.58171
-6.58179
-6.58346
-6.58155
-6.58094
-6.57937
-6.57979
-6.58026
-6.57985
-6.58147
-6.58289
-6.58248
-6.58473
-6.58411
-6.58574
-6.58663
-6.5845
-6.58322
-6.58312
-6.58296
-6.58341
-6.5842
-6.58308
-6.58396
-6.58423
-6.58357
-6.5826
-6.58261
-6.5813
-6.58029
-6.58117
-6.58234
-6.58348
-6.58235
-6.58127
-6.58319
-6.5833
-6.58228
-6.58011
-6.58127
-6.58146
-6.58382
-6.58601
-6.58606
-6.58464
-6.58567
-6.58403
-6.58559
-6.58489
-6.58615
-6.58551
-6.58296
-6.5824
-6.58156
-6.5814
-6.58194
-6.58091
-6.58092
-6.58165
-6.58118
-6.57921
-6.57797
-6.58007
-6.58027
-6.58239
-6.58119
-6.58145
-6.5799
-6.58074
-6.58044
-6.58035
-6.58086
-6.58204
-6.58234
-6.5792
-6.57816
-6.57757
-6.57707
-6.57856
-6.57877
-6.57832
-6.58013
-6.57967
-6.58175
-6.58405
-6.58199
-6.583
-6.58422
-6.58443
-6.5811
-6.57949
-6.57999
-6.57874
-6.57865
-6.57937
-6.57985
-6.58165
-6.58373
-6.58572
-6.5863
-6.5845
-6.58485
-6.58283
-6.58395
-6.58275
-6.58184
-6.58222
-6.58232
-6.58214
-6.58041
-6.58165
-6.5826
-6.58261
-6.58134
-6.58137
-6.58172
-6.58174
-6.5843
-6.58393
-6.58385
-6.58505
-6.58528
-6.58262
-6.58288
-6.58284
-6.58349
-6.58547
-6.58718
-6.58699
-6.58587
-6.58474
-6.58519
-6.58395
-6.58424
-6.58511
-6.58366
-6.58381
-6.58299
-6.58024
-6.5814
-6.58097
-6.57994
-6.57896
-6.57869
-6.57978
-6.5777
-6.57795
-6.57694
-6.57658
-6.57844
-6.57961
-6.58101
-6.58234
-6.58424
-6.58447
-6.58174
-6.57997
-6.5808
-6.58036
-6.57965
-6.57866
-6.57739
-6.57903
-6.57969
-6.57902
-6.57994
-6.57825
-6.57786
-6.57748
-6.57841
-6.58066
-6.581
-6.58234
-6.58405
-6.58517
-6.58695
-6.58647
-6.58561
-6.58533
-6.5856
-6.58516
-6.58374
-6.58526
-6.58396
-6.584
-6.58504
-6.5867
-6.58669
-6.58662
-6.58582
-6.58303
-6.58439
-6.58251
-6.58227
-6.58048
-6.58141
-6.58088
-6.58211
-6.58471
-6.58309
-6.58495
-6.58636
-6.58698
-6.58846
-6.58597
-6.58636
-6.58416
-6.58362
-6.58088
-6.58114
-6.5815
-6.58294
-6.58319
-6.58351
-6.58351
-6.58445
-6.5853
-6.58282
-6.58316
-6.58345
-6.58304
-6.58293
-6.58121
-6.58209
-6.58203
-6.58266
-6.58427
-6.58167
-6.58165
-6.58128
-6.58316
-6.58341
-6.5843
-6.58359
-6.58418
-6.58316
-6.58214
-6.58209
-6.58204
-6.58041
-6.58011
-6.58018
-6.58064
-6.58114
-6.58133
-6.58087
-6.58199
-6.58175
-6.58275
-6.58403
-6.58169
-6.58094
-6.58242
-6.58192
-6.58205
-6.58184
-6.58359
-6.58278
-6.583
-6.58169
-6.58142
-6.57992
-6.58073
-6.58121
-6.58168
-6.58211
-6.58153
-6.58222
-6.58227
-6.58071
-6.58048
-6.5819
-6.58137
-6.58277
-6.58379
-6.58444
-6.58472
-6.58369
-6.58134
-6.58156
-6.58079
-6.58194
-6.58113
-6.58321
-6.58169
-6.58046
-6.57857
-6.57798
-6.57871
-6.57821
-6.57782
-6.57692
-6.57518
-6.57681
-6.57755
-6.57864
-6.57967
-6.57996
-6.58143
-6.58149
-6.58179
-6.58174
-6.58136
-6.58032
-6.58056
-6.57978
-6.5793
-6.57654
-6.57837
-6.57868
-6.57945
-6.58098
-6.58262
-6.583
-6.58305
-6.58206
-6.58161
-6.58299
-6.58392
-6.58507
-6.5858
-6.58743
-6.5861
-6.58635
-6.58884
-6.58743
-6.58699
-6.58496
-6.58623
-6.58403
-6.58456
-6.58201
-6.58287
-6.5813
-6.58178
-6.58005
-6.5822
-6.58235
-6.58467
-6.58458
-6.58629
-6.58719
-6.58601
-6.58635
-6.58597
-6.58429
-6.58233
-6.58045
-6.57964
-6.57829
-6.57961
-6.57941
-6.57928
-6.57858
-6.57888
-6.57918
-6.58007
-6.58116
-6.58243
-6.58358
-6.58206
-6.58407
-6.58516
-6.58374
-6.58435
-6.58311
-6.58385
-6.58169
-6.5824
-6.58208
-6.58171
-6.58099
-6.58126
-6.5832
-6.5836
-6.58279
-6.58268
-6.58291
-6.58247
-6.58097
-6.5813
-6.58053
-6.58062
-6.58128
-6.58029
-6.58094
-6.58297
-6.58188
-6.58187
-6.581
-6.58021
-6.58011
-6.5823
-6.58319
-6.58311
-6.58336
-6.58295
-6.58512
-6.58464
-6.58344
-6.58438
-6.58358
-6.58526
-6.58393
-6.58644
-6.58603
-6.58466
-6.58432
-6.58373
-6.58389
-6.58515
-6.58363
-6.58419
-6.58324
-6.58301
-6.58471
-6.58376
-6.58465
-6.58118
-6.5821
-6.58062
-6.58099
-6.58034
-6.57842
-6.57948
-6.57904
-6.57904
-6.58014
-6.5794
-6.57873
-6.57972
-6.57976
-6.58073
-6.58197
-6.57955
-6.57832
-6.57763
-6.57878
-6.57887
-6.58052
-6.58214
-6.58117
-6.58379
-6.58453
-6.58372
-6.58492
-6.58229
-6.58229
-6.58327
-6.58196
-6.58289
-6.58285
-6.58443
-6.58476
-6.5845
-6.5827
-6.58227
-6.58287
-6.58383
-6.58446
-6.58246
-6.58332
-6.58443
-6.58514
-6.58677
-6.58739
-6.58737
-6.58669
-6.58537
-6.58659
-6.58548
-6.58622
-6.58493
-6.58617
-6.58773
-6.58804
-6.58615
-6.58565
-6.58493
-6.58333
-6.58181
-6.58067
-6.58086
-6.58173
-6.58132
-6.58091
-6.58081
-6.5807
-6.58186
-6.58201
-6.58179
-6.5828
-6.58342
-6.58268
-6.58382
-6.58363
-6.58344
-6.58395
-6.58356
-6.58359
-6.58178
-6.582
-6.58291
-6.58481
-6.58505
-6.58486
-6.58523
-6.58548
-6.58565
-6.58446
-6.58423
-6.58237
-6.58212
-6.58187
-6.58162
-6.58105
-6.57921
-6.57968
-6.57956
-6.57985
-6.58053
-6.58191
-6.58202
-6.58018
-6.57864
-6.57804
-6.57678
-6.57843
-6.57687
-6.57566
-6.57709
-6.57823
-6.57909
-6.57801
-6.57987
-6.58204
-6.58128
-6.58277
-6.58261
-6.58241
-6.58572
-6.58702
-6.58663
-6.58715
-6.58601
-6.58517
-6.58562
-6.58737
-6.58849
-6.58962
-6.5911
-6.59034
-6.58966
-6.58906
-6.58727
-6.58879
-6.58904
-6.58827
-6.58674
-6.58765
-6.58485
-6.58582
-6.58477
-6.58503
-6.58374
-6.58451
-6.58476
-6.58288
-6.58241
-6.58135
-6.58061
-6.58047
-6.58055
-6.5789
-6.5778
-6.57795
-6.57748
-6.5797
-6.58076
-6.58099
-6.58327
-6.58427
-6.58328
-6.5835
-6.58394
-6.5859
-6.58842
-6.58638
-6.5882
-6.58612
-6.58662
-6.5868
-6.58566
-6.58548
-6.58627
-6.5871
-6.58864
-6.58862
-6.58934
-6.58591
-6.58414
-6.5843
-6.58153
-6.58194
-6.58457
-6.58491
-6.58816
-6.58689
-6.5863
-6.58734
-6.58613
-6.5862
-6.58592
-6.58721
-6.58651
-6.58837
-6.58793
-6.58878
-6.58801
-6.58854
-6.5891
-6.58547
-6.58544
-6.01953
-6.02136
-6.01795
-6.01584
-6.01406
-6.01479
-6.01538
-6.01283
-6.01293
-6.01434
-6.01378
-6.01314
-6.014
-6.01408
-6.01376
-6.01314
-6.01461
-6.01438
-6.01471
-6.01546
-6.01358
-6.01278
-6.01268
-6.01328
-6.01465
-6.01392
-6.01409
-6.01328
-6.01288
-6.01294
-6.01385
-6.01498
-6.01399
-6.01535
-6.01504
-6.01723
-6.01509
-6.01446
-6.01474
-6.01562
-6.0155
-6.01405
-6.0145
-6.01361
-6.01367
-6.01179
-6.01027
-6.00978
-6.00904
-6.00902
-6.00841
-6.00852
-6.00933
-6.00825
-6.01109
-6.01131
-6.01213
-6.01221
-6.01156
-6.01309
-6.01554
-6.01345
-6.01329
-6.0125
-6.01205
-6.0113
-6.01155
-6.0128
-6.01211
-6.0137
-6.0153
-6.01726
-6.01503
-6.01671
-6.01482
-6.01551
-6.01489
-6.01652
-6.01298
-6.01269
-6.01438
-6.01478
-6.01323
-6.01199
-6.01333
-6.01174
-6.01146
-6.01184
-6.01063
-6.01007
-6.01144
-6.01215
-6.01476
-6.01313
-6.01341
-6.01431
-6.01456
-6.01512
-6.01568
-6.01462
-6.01551
-6.01287
-6.01478
-6.0154
-6.01701
-6.01797
-6.01731
-6.01762
-6.01567
-6.01309
-6.01218
-6.01234
-6.01098
-6.01067
-6.01138
-6.01431
-6.01355
-6.01389
-6.01304
-6.01359
-6.01076
-6.01077
-6.01207
-6.01052
-6.01197
-6.00904
-6.00954
-6.01029
-6.01096
-6.01248
-6.01247
-6.01569
-6.0149
-6.01394
-6.01249
-6.01381
-6.01405
-6.01263
-6.01251
-6.01404
-6.01334
-6.01365
-6.0143
-6.01139
-6.01105
-6.01098
-6.01217
-6.01269
-6.01323
-6.01319
-6.00969
-6.01048
-6.01103
-6.01195
-6.01286
-6.01407
-6.01521
-6.01464
-6.01492
-6.01282
-6.01348
-6.0124
-6.01351
-6.01168
-6.01153
-6.01052
-6.01161
-6.00994
-6.0097
-6.01054
-6.01142
-6.01101
-6.00896
-6.01077
-6.01193
-6.0128
-6.01341
-6.01378
-6.01387
-6.01649
-6.01635
-6.01692
-6.01821
-6.0177
-6.01716
-6.01667
-6.01502
-6.01576
-6.01627
-6.01685
-6.01556
-6.01437
-6.01331
-6.01434
-6.01479
-6.01231
-6.01359
-6.01275
-6.0114
-6.01192
-6.01147
-6.01207
-6.01276
-6.01446
-6.0148
-6.01664
-6.01736
-6.01901
-6.01844
-6.01604
-6.01443
-6.01485
-6.01399
-6.0144
-6.01483
-6.01634
-6.01646
-6.01748
-6.01925
-6.01793
-6.01821
-6.01716
-6.01846
-6.01606
-6.01876
-6.01784
-6.01684
-6.01579
-6.01633
-6.01462
-6.0146
-6.01505
-6.01477
-6.01509
-6.01319
-6.01295
-6.01456
-6.01353
-6.01247
-6.01065
-6.01113
-6.01027
-6.01145
-6.01183
-6.01167
-6.01026
-6.01045
-6.01025
-6.01191
-6.01346
-6.01232
-6.01175
-6.00886
-6.00922
-6.01027
-6.00849
-6.01037
-6.01011
-6.01033
-6.01005
-6.00989
-6.00786
-6.00873
-6.01115
-6.01245
-6.01324
-6.01416
-6.01521
-6.01416
-6.01461
-6.01534
-6.0151
-6.01397
-6.01233
-6.01057
-6.01065
-6.00835
-6.01039
-6.01406
-6.01504
-6.01488
-6.01583
-6.01531
-6.01372
-6.01501
-6.017
-6.01551
-6.01285
-6.01194
-6.00985
-6.01173
-6.01137
-6.0129
-6.01104
-6.01029
-6.00935
-6.00828
-6.00655
-6.00591
-6.00547
-6.0082
-6.01052
-6.01011
-6.01432
-6.01429
-6.01378
-6.01627
-6.01784
-6.01559
-6.0164
-6.01326
-6.01373
-6.01309
-6.01336
-6.01521
-6.0163
-6.01905
-6.01872
-6.01874
-6.01876
-6.01759
-6.01606
-6.01531
-6.01513
-6.01651
-6.01518
-6.01588
-6.01914
-6.01809
-6.01951
-6.01756
-6.01614
-6.01687
-6.01688
-6.01556
-6.01494
-6.01507
-6.01377
-6.01427
-6.01433
-6.01453
-6.01383
-6.01406
-6.01382
-6.01594
-6.01523
-6.01494
-6.0158
-6.01595
-6.01547
-6.01379
-6.01453
-6.0132
-6.01238
-6.01072
-6.01037
-6.01189
-6.01067
-6.00926
-6.00966
-6.00806
-6.0078
-6.00637
-6.00802
-6.00919
-6.01082
-6.01249
-6.01248
-6.01171
-6.01373
-6.01342
-6.01372
-6.01205
-6.01066
-6.00983
-6.01052
-6.01081
-6.0124
-6.01021
-6.0124
-6.01251
-6.01243
-6.01205
-6.01256
-6.01454
-6.01213
-6.0109
-6.00997
-6.00782
-6.00747
-6.00764
-6.00962
-6.01203
-6.01215
-6.01216
-6.0152
-6.01444
-6.01415
-6.01537
-6.01335
-6.01176
-6.01291
-6.01068
-6.01023
-6.0112
-6.01226
-6.01141
-6.01281
-6.01348
-6.01368
-6.01211
-6.01136
-6.01112
-6.0124
-6.01296
-6.01447
-6.01276
-6.01275
-6.01156
-6.01405
-6.01503
-6.01643
-6.01401
-6.01612
-6.01627
-6.0157
-6.01472
-6.01465
-6.01326
-6.01446
-6.01504
-6.01406
-6.016
-6.01435
-6.01035
-6.00981
-6.01143
-6.013
-6.01333
-6.0122
-6.01097
-6.01098
-6.00964
-6.01013
-6.01171
-6.01232
-6.01344
-6.01561
-6.01844
-6.01738
-6.01925
-6.017
-6.01622
-6.0167
-6.01469
-6.01515
-6.01267
-6.01342
-6.01441
-6.01424
-6.01598
-6.01562
-6.0137
-6.01184
-6.01137
-6.01079
-6.01056
-6.01017
-6.0094
-6.0105
-6.01303
-6.01268
-6.01067
-6.01248
-6.01132
-6.01144
-6.0135
-6.01626
-6.0162
-6.01947
-6.01954
-6.02183
-6.01911
-6.01781
-6.01632
-6.01631
-6.01655
-6.01611
-6.01407
-6.0147
-6.01316
-6.0127
-6.01427
-6.01398
-6.0131
-6.01584
-6.01445
-6.01411
-6.01385
-6.01428
-6.0137
-6.01204
-6.01276
-6.0149
-6.01426
-6.01252
-6.01105
-6.01155
-6.00922
-6.00894
-6.00944
-6.01166
-6.01365
-6.01445
-6.01405
-6.01175
-6.01073
-6.01287
-6.01392
-6.01682
-6.0161
-6.0138
-6.01384
-6.01333
-6.01388
-6.01574
-6.01561
-6.01633
-6.01656
-6.01597
-6.01524
-6.01377
-6.01363
-6.01264
-6.01156
-6.01335
-6.01277
-6.0123
-6.0131
-6.01539
-6.0169
-6.01641
-6.01625
-6.01582
-6.0183
-6.01844
-6.01908
-6.01825
-6.01501
-6.0149
-6.0154
-6.01394
-6.01254
-6.01159
-6.01276
-6.01252
-6.01408
-6.01482
-6.014
-6.01508
-6.01509
-6.01461
-6.01234
-6.01217
-6.01284
-6.01344
-6.01302
-6.01327
-6.01488
-6.01205
-6.0142
-6.01387
-6.01394
-6.01375
-6.01262
-6.01187
-6.0112
-6.0113
-6.01053
-6.01015
-6.01036
-6.01138
-6.01115
-6.0129
-6.01407
-6.01186
-6.01253
-6.01296
-6.01514
-6.01361
-6.01352
-6.01449
-6.01357
-6.01397
-6.01373
-6.01482
-6.01272
-6.01327
-6.01484
-6.01448
-6.01248
-6.0114
-6.01185
-6.01027
-6.0099
-6.01237
-6.01382
-6.01427
-6.0134
-6.01252
-6.01357
-6.01432
-6.01384
-6.01314
-6.01193
-6.01348
-6.01452
-6.01399
-6.01375
-6.01435
-6.01474
-6.0133
-6.01266
-6.01355
-6.01315
-6.01121
-6.01005
-6.01063
-6.00972
-6.00985
-6.01132
-6.01349
-6.0144
-6.01465
-6.01454
-6.01533
-6.01573
-6.01672
-6.01572
-6.01564
-6.01387
-6.01458
-6.01257
-6.00888
-6.01071
-6.0156
-6.01712
-6.01594
-6.01292
-6.01249
-6.01135
-6.01076
-6.01012
-6.0101
-6.01105
-6.01039
-6.0107
-6.01137
-6.0108
-6.01065
-6.01059
-6.01127
-6.01264
-6.01498
-6.015
-6.01524
-6.01373
-6.01371
-6.01195
-6.01334
-6.0137
-6.01243
-6.01376
-6.01509
-6.01349
-6.01318
-6.01351
-6.01195
-6.01111
-6.01005
-6.00842
-6.00651
-6.00885
-6.00993
-6.00946
-6.00907
-6.00941
-6.01174
-6.01341
-6.01436
-6.0129
-6.01386
-6.01108
-6.01141
-6.01299
-6.01368
-6.0136
-6.01314
-6.01326
-6.01314
-6.01163
-6.01311
-6.01368
-6.01438
-6.01429
-6.01316
-6.01395
-6.01056
-6.00883
-6.00785
-6.00668
-6.00762
-6.00842
-6.01132
-6.01175
-6.01287
-6.01331
-6.01563
-6.01527
-6.01579
-6.01559
-6.01533
-6.01534
-6.01564
-6.01461
-6.01486
-6.01539
-6.01556
-6.01344
-6.01325
-6.01371
-6.01452
-6.017
-6.01691
-6.01523
-6.01419
-6.01474
-6.0156
-6.01546
-6.01729
-6.01536
-6.01747
-6.01649
-6.01621
-6.01587
-6.01607
-6.01422
-6.01259
-6.01252
-6.01273
-6.01164
-6.01215
-6.01462
-6.01483
-6.01413
-6.01285
-6.01555
-6.01439
-6.0132
-6.01543
-6.01624
-6.01534
-6.01476
-6.01654
-6.01713
-6.01653
-6.01695
-6.0167
-6.01641
-6.01415
-6.01288
-6.01234
-6.01159
-6.01193
-6.01171
-6.0131
-6.01474
-6.01328
-6.01551
-6.01366
-6.01391
-6.01339
-6.01347
-6.01485
-6.01371
-6.01201
-6.01109
-6.01
-6.011
-6.01085
-6.01084
-6.01325
-6.01348
-6.01313
-6.01242
-6.01159
-6.01249
-6.01346
-6.01355
-6.01414
-6.01437
-6.01466
-6.01311
-6.01296
-6.01291
-6.01492
-6.01541
-6.01176
-6.01261
-6.01466
-6.01267
-6.01181
-6.01148
-6.01044
-6.00948
-6.00869
-6.00946
-6.01116
-6.01307
-6.01306
-6.01323
-6.0138
-6.01477
-6.01494
-6.01504
-6.01605
-6.01479
-6.01416
-6.0132
-6.01323
-6.01264
-6.01501
-6.01353
-6.01437
-6.01302
-6.0134
-6.01325
-6.01516
-6.01581
-6.01479
-6.01529
-6.01506
-6.0138
-6.01257
-6.01334
-6.01418
-6.01438
-6.0139
-6.01526
-6.01458
-6.01543
-6.01328
-6.01366
-6.01499
-6.01535
-6.01578
-6.01626
-6.01519
-6.01546
-6.01382
-6.01513
-6.01455
-6.01531
-6.0145
-6.01696
-6.01586
-6.01638
-6.01464
-6.01419
-6.01504
-6.01844
-6.0195
-6.01945
-6.01924
-6.01982
-6.01933
-6.0182
-6.0165
-6.0169
-6.01554
-6.01501
-6.01496
-6.01469
-6.01508
-6.01507
-6.01455
-6.01413
-6.01486
-6.01427
-6.01538
-6.01534
-6.01643
-6.01733
-6.01638
-6.01706
-6.01442
-6.01357
-6.01386
-6.01172
-6.01143
-6.01109
-6.0114
-6.01272
-6.01089
-6.01208
-6.01045
-6.01312
-6.01227
-6.01502
-6.01554
-6.01447
-6.01411
-6.01152
-6.01121
-6.0128
-6.01269
-6.01472
-6.01466
-6.01348
-6.01347
-6.01305
-6.01386
-6.01336
-6.01323
-6.01289
-6.0127
-6.01235
-6.01054
-6.0111
-6.01266
-6.01427
-6.01269
-6.01442
-6.01554
-6.01598
-6.01631
-6.01615
-6.01937
-6.01856
-6.01962
-6.01581
-6.01592
-6.01672
-6.01496
-6.01157
-6.0114
-6.01378
-6.01094
-6.01197
-6.01139
-6.00889
-6.00931
-6.01102
-6.01082
-6.01103
-6.01072
-6.0096
-6.01025
-6.0123
-6.01053
-6.01108
-6.01064
-6.01176
-6.01111
-6.01092
-6.01182
-6.01189
-6.00929
-6.01092
-6.013
-6.01399
-6.01486
-6.01616
-6.01641
-6.01643
-6.01521
-6.01668
-6.01485
-6.0131
-6.0112
-6.01106
-6.01006
-6.01137
-6.01044
-6.01117
-6.01389
-6.01407
-6.01528
-6.01227
-6.01441
-6.01258
-6.01065
-6.01089
-6.01234
-6.0115
-6.01387
-6.01462
-6.0167
-6.01498
-6.01563
-5.69984
-5.70002
-5.6998
-5.69693
-5.69624
-5.69578
-5.69575
-5.69438
-5.69443
-5.69454
-5.69309
-5.69114
-5.69265
-5.68933
-5.68972
-5.68971
-5.69035
-5.68931
-5.68938
-5.69034
-5.69303
-5.69484
-5.69555
-5.69657
-5.696
-5.69572
-5.69527
-5.69687
-5.69893
-5.69928
-5.69935
-5.69759
-5.69632
-5.69847
-5.69557
-5.69536
-5.69517
-5.69432
-5.69406
-5.69533
-5.69847
-5.69766
-5.6946
-5.69613
-5.69648
-5.696
-5.69599
-5.69972
-5.69909
-5.69957
-5.69814
-5.69753
-5.69955
-5.69994
-5.69844
-5.70035
-5.69866
-5.69769
-5.6978
-5.69829
-5.69979
-5.69933
-5.69719
-5.6982
-5.6975
-5.69904
-5.6993
-5.70097
-5.70279
-5.70023
-5.69967
-5.69938
-5.69798
-5.69607
-5.69497
-5.69446
-5.69468
-5.69442
-5.69375
-5.69039
-5.68882
-5.68769
-5.68891
-5.68889
-5.68984
-5.68942
-5.68981
-5.69096
-5.69094
-5.69146
-5.6907
-5.69393
-5.6944
-5.69306
-5.696
-5.69699
-5.69821
-5.69892
-5.69878
-5.69872
-5.7001
-5.69879
-5.69714
-5.69622
-5.69608
-5.69642
-5.69917
-5.69943
-5.70075
-5.70022
-5.69885
-5.69795
-5.69618
-5.69638
-5.69589
-5.69692
-5.69782
-5.69727
-5.69716
-5.69781
-5.69538
-5.69323
-5.69176
-5.69073
-5.69114
-5.69004
-5.6913
-5.69228
-5.69008
-5.68957
-5.69175
-5.69077
-5.69244
-5.69252
-5.69356
-5.69195
-5.68928
-5.69069
-5.68875
-5.68903
-5.69031
-5.69069
-5.69083
-5.69261
-5.69336
-5.69563
-5.69647
-5.69493
-5.69527
-5.69754
-5.69691
-5.69792
-5.6954
-5.69484
-5.69425
-5.69426
-5.69515
-5.6963
-5.69842
-5.69772
-5.69432
-5.69345
-5.69349
-5.69247
-5.69291
-5.69344
-5.69592
-5.69864
-5.69698
-5.69866
-5.69947
-5.69874
-5.6997
-5.69947
-5.69913
-5.6985
-5.69902
-5.69818
-5.69823
-5.69939
-5.69801
-5.6972
-5.69663
-5.69855
-5.69622
-5.69746
-5.69674
-5.69731
-5.69752
-5.69833
-5.69745
-5.69556
-5.69559
-5.69629
-5.69671
-5.69429
-5.69619
-5.69497
-5.69519
-5.69524
-5.69475
-5.69361
-5.69137
-5.69152
-5.69117
-5.69271
-5.69174
-5.69127
-5.69162
-5.69463
-5.69464
-5.69641
-5.69539
-5.69653
-5.69803
-5.69929
-5.69965
-5.69903
-5.6983
-5.69771
-5.69758
-5.697
-5.69801
-5.69649
-5.69415
-5.69295
-5.6942
-5.69397
-5.69351
-5.69342
-5.69527
-5.69707
-5.69622
-5.69501
-5.69509
-5.69494
-5.69561
-5.69748
-5.69757
-5.69926
-5.69907
-5.70165
-5.70241
-5.69921
-5.69839
-5.69828
-5.69751
-5.69691
-5.69657
-5.69415
-5.69486
-5.69775
-5.69775
-5.69897
-5.69658
-5.69487
-5.69461
-5.69464
-5.69348
-5.69349
-5.69305
-5.69244
-5.69257
-5.69272
-5.69351
-5.69334
-5.69156
-5.69398
-5.69507
-5.69385
-5.6942
-5.69259
-5.69291
-5.69418
-5.69572
-5.69586
-5.69562
-5.69569
-5.69841
-5.69991
-5.69988
-5.69961
-5.69783
-5.69746
-5.6985
-5.69668
-5.69741
-5.69771
-5.69656
-5.6952
-5.69399
-5.69456
-5.69467
-5.69341
-5.69309
-5.69088
-5.69047
-5.69258
-5.69244
-5.692
-5.69377
-5.69666
-5.69501
-5.69515
-5.69602
-5.69761
-5.6977
-5.69599
-5.69802
-5.69924
-5.69835
-5.69768
-5.69733
-5.69551
-5.69681
-5.69605
-5.69444
-5.69513
-5.69418
-5.69612
-5.69613
-5.6959
-5.69575
-5.69731
-5.69602
-5.69505
-5.69757
-5.69767
-5.69727
-5.69411
-5.69541
-5.69741
-5.69471
-5.69544
-5.6963
-5.69752
-5.69769
-5.69638
-5.69518
-5.6938
-5.69426
-5.69245
-5.68975
-5.68944
-5.69022
-5.68953
-5.68998
-5.69065
-5.69061
-5.68985
-5.69182
-5.69312
-5.6955
-5.6969
-5.69857
-5.69897
-5.70042
-5.69816
-5.69646
-5.6954
-5.69438
-5.69477
-5.69601
-5.69491
-5.69569
-5.69568
-5.69506
-5.69695
-5.69739
-5.69742
-5.69259
-5.69304
-5.69335
-5.69482
-5.69575
-5.69764
-5.69708
-5.69845
-5.69975
-5.69843
-5.69784
-5.69557
-5.69437
-5.69245
-5.68995
-5.69276
-5.6934
-5.69429
-5.69485
-5.69551
-5.69714
-5.69685
-5.69505
-5.69472
-5.6937
-5.69435
-5.69515
-5.69516
-5.69665
-5.69498
-5.69652
-5.696
-5.69629
-5.6974
-5.69648
-5.69619
-5.69561
-5.69641
-5.69665
-5.69861
-5.69839
-5.69758
-5.69681
-5.697
-5.6952
-5.69428
-5.69424
-5.69479
-5.69464
-5.69286
-5.69239
-5.69324
-5.69345
-5.69433
-5.69426
-5.69357
-5.69259
-5.69328
-5.69435
-5.69385
-5.69596
-5.69647
-5.69669
-5.69662
-5.69723
-5.69554
-5.69441
-5.69443
-5.69527
-5.69407
-5.69512
-5.6946
-5.69546
-5.69321
-5.69432
-5.69586
-5.69489
-5.69615
-5.69856
-5.69818
-5.70114
-5.69939
-5.70079
-5.69894
-5.69781
-5.69775
-5.69717
-5.69897
-5.69827
-5.69764
-5.69737
-5.69646
-5.69589
-5.69316
-5.69384
-5.69473
-5.69515
-5.69594
-5.69372
-5.69357
-5.69614
-5.69404
-5.6954
-5.69472
-5.69483
-5.69601
-5.6937
-5.69318
-5.69332
-5.69299
-5.69517
-5.69597
-5.69758
-5.69772
-5.69899
-5.70008
-5.69997
-5.69983
-5.6989
-5.69774
-5.69861
-5.69667
-5.69783
-5.69732
-5.69622
-5.69494
-5.6961
-5.69584
-5.69511
-5.69386
-5.69494
-5.69534
-5.69666
-5.69921
-5.69686
-5.69511
-5.69488
-5.6945
-5.69491
-5.69547
-5.69563
-5.69838
-5.69639
-5.69552
-5.69416
-5.69327
-5.69313
-5.69176
-5.69267
-5.69196
-5.69286
-5.69309
-5.69231
-5.6954
-5.69554
-5.69467
-5.69569
-5.69374
-5.69591
-5.69576
-5.69688
-5.69674
-5.6973
-5.69656
-5.69604
-5.69503
-5.69418
-5.69294
-5.69368
-5.6936
-5.6944
-5.69487
-5.69668
-5.69726
-5.69879
-5.69881
-5.69768
-5.69777
-5.6964
-5.69651
-5.6956
-5.69571
-5.6963
-5.6965
-5.69805
-5.69495
-5.69317
-5.69148
-5.69338
-5.69225
-5.69185
-5.69148
-5.69274
-5.69329
-5.69404
-5.69367
-5.69738
-5.69775
-5.69902
-5.70086
-5.69969
-5.69936
-5.69923
-5.69863
-5.69693
-5.6955
-5.69508
-5.69485
-5.69169
-5.69117
-5.69198
-5.69207
-5.6942
-5.69341
-5.69193
-5.69334
-5.69533
-5.69594
-5.69537
-5.69453
-5.69372
-5.69297
-5.69333
-5.69296
-5.69358
-5.69137
-5.69057
-5.69053
-5.68834
-5.68916
-5.68908
-5.68874
-5.69037
-5.69235
-5.69181
-5.693
-5.69302
-5.69284
-5.69304
-5.69456
-5.6957
-5.6964
-5.69724
-5.69915
-5.70048
-5.6993
-5.6996
-5.69732
-5.6942
-5.6929
-5.69147
-5.69144
-5.69145
-5.69278
-5.69251
-5.69358
-5.69402
-5.6938
-5.69229
-5.68883
-5.69088
-5.69201
-5.69284
-5.69274
-5.69333
-5.69461
-5.69237
-5.69076
-5.69354
-5.69281
-5.69178
-5.69087
-5.69191
-5.69181
-5.69326
-5.69267
-5.69222
-5.69374
-5.69326
-5.6943
-5.69203
-5.69132
-5.69192
-5.69226
-5.69299
-5.69446
-5.69473
-5.69572
-5.69576
-5.69867
-5.69821
-5.69722
-5.69764
-5.69856
-5.69811
-5.69639
-5.6957
-5.69865
-5.69875
-5.69662
-5.69675
-5.6943
-5.69482
-5.69449
-5.6927
-5.69555
-5.69422
-5.69448
-5.69402
-5.69253
-5.69326
-5.69006
-5.69174
-5.69287
-5.69416
-5.69434
-5.69372
-5.69318
-5.69581
-5.70077
-5.70011
-5.6993
-5.69745
-5.69506
-5.69551
-5.69347
-5.69425
-5.69176
-5.68963
-5.68915
-5.68965
-5.69003
-5.69046
-5.69207
-5.69409
-5.69322
-5.69335
-5.6949
-5.69376
-5.69331
-5.69333
-5.69421
-5.69531
-5.69562
-5.69409
-5.6952
-5.69533
-5.69635
-5.6953
-5.69572
-5.69566
-5.69481
-5.69512
-5.69438
-5.69422
-5.69243
-5.69195
-5.69255
-5.69167
-5.69135
-5.6913
-5.69249
-5.69329
-5.69525
-5.69599
-5.69791
-5.69857
-5.69783
-5.69633
-5.69678
-5.69744
-5.69846
-5.69705
-5.69675
-5.69492
-5.69601
-5.69672
-5.69837
-5.69616
-5.69664
-5.69566
-5.69643
-5.69534
-5.69616
-5.6943
-5.6949
-5.69345
-5.69517
-5.69526
-5.69373
-5.69642
-5.69488
-5.69401
-5.69193
-5.69223
-5.69239
-5.69371
-5.69424
-5.69649
-5.69741
-5.69589
-5.69409
-5.69391
-5.6928
-5.69247
-5.69109
-5.69142
-5.69002
-5.68925
-5.68977
-5.69023
-5.6918
-5.69211
-5.69207
-5.69165
-5.69155
-5.69176
-5.69124
-5.69311
-5.69303
-5.69421
-5.69445
-5.6929
-5.69293
-5.69179
-5.69195
-5.69289
-5.69237
-5.69446
-5.69566
-5.69448
-5.69311
-5.69446
-5.69561
-5.69364
-5.69438
-5.69402
-5.69523
-5.69584
-5.69462
-5.69739
-5.69537
-5.69854
-5.70101
-5.69952
-5.69699
-5.69832
-5.69935
-5.69687
-5.69576
-5.69595
-5.69516
-5.69241
-5.69227
-5.69159
-5.69048
-5.6906
-5.69193
-5.69268
-5.69202
-5.69269
-5.69556
-5.69421
-5.69459
-5.6949
-5.6956
-5.69581
-5.69428
-5.69365
-5.692
-5.69059
-5.69027
-5.69081
-5.69039
-5.6896
-5.69081
-5.68835
-5.68823
-5.68666
-5.68854
-5.68872
-5.69075
-5.69037
-5.68978
-5.69338
-5.69521
-5.6955
-5.6939
-5.69239
-5.69332
-5.69253
-5.69266
-5.69249
-5.68976
-5.68876
-5.68952
-5.69144
-5.69096
-5.69228
-5.69211
-5.69525
-5.69641
-5.69741
-5.69877
-5.70078
-5.69989
-5.69721
-5.69518
-5.69429
-5.69211
-5.69288
-5.69334
-5.69371
-5.69226
-5.69111
-5.69401
-5.69665
-5.69766
-5.69669
-5.6954
-5.69554
-5.69465
-5.69385
-5.69391
-5.69457
-5.69325
-5.69316
-5.69193
-5.69105
-5.69363
-5.69213
-5.69238
-5.6941
-5.69415
-5.69427
-5.69262
-5.69315
-5.69295
-5.69424
-5.69302
-5.69368
-5.69576
-5.69596
-5.69654
-5.69366
-5.6925
-5.69247
-5.69236
-5.69431
-5.69565
-5.69582
-5.69575
-5.69557
-5.69829
-5.69761
-5.69476
-5.69587
-5.69544
-5.69597
-5.69587
-5.69651
-5.69255
-5.69068
-5.68976
-5.69119
-5.69209
-5.6937
-5.6946
-5.69465
-5.69729
-5.70043
-5.70173
-5.70143
-5.70179
-5.69961
-5.70075
-5.70014
-5.70012
-5.69853
-5.69638
-5.69595
-5.69365
-5.69463
-5.69592
-5.69559
-5.69534
-5.69459
-5.69372
-5.69338
-5.69284
-5.69331
-5.69375
-5.69348
-5.69508
-5.69371
-5.69324
-5.69235
-5.69426
-5.69279
-5.68992
-5.68931
-5.68753
-5.68822
-5.69139
-5.6927
-5.69555
-5.69565
-5.69334
-5.6929
-5.69377
-5.6931
-5.69415
-5.69557
-5.69502
-5.69372
-5.69554
-5.6943
-5.69493
-5.69592
-5.69611
-5.6969
-5.69769
-5.69836
-5.69902
-5.70077
-5.70215
-5.70088
-5.70024
-5.69971
-5.69877
-5.65866
-5.6553
-5.65577
-5.65594
-5.65455
-5.65451
-5.65476
-5.65613
-5.65483
-5.65616
-5.65744
-5.65671
-5.65506
-5.65263
-5.65153
-5.65157
-5.65054
-5.65068
-5.65128
-5.65189
-5.65145
-5.65284
-5.65356
-5.65176
-5.6566
-5.65735
-5.65612
-5.655
-5.65739
-5.65645
-5.65646
-5.6543
-5.65437
-5.65395
-5.65191
-5.65001
-5.64865
-5.64783
-5.65293
-5.65405
-5.65512
-5.65687
-5.65817
-5.65867
-5.66134
-5.66015
-5.65845
-5.65801
-5.65569
-5.65384
-5.65343
-5.65347
-5.65391
-5.65308
-5.6532
-5.65303
-5.65164
-5.6504
-5.65197
-5.65377
-5.65483
-5.65571
-5.65697
-5.65912
-5.65719
-5.65853
-5.6589
-5.65995
-5.65945
-5.65846
-5.65607
-5.65464
-5.65492
-5.65242
-5.65397
-5.65371
-5.65514
-5.65432
-5.65381
-5.65463
-5.65297
-5.65603
-5.65509
-5.65596
-5.65694
-5.65694
-5.65746
-5.66039
-5.66086
-5.66053
-5.66271
-5.6616
-5.66146
-5.66071
-5.65967
-5.65899
-5.65831
-5.65724
-5.6554
-5.65539
-5.65435
-5.65335
-5.65251
-5.65226
-5.65068
-5.65289
-5.65297
-5.654
-5.6552
-5.6552
-5.65464
-5.65357
-5.65561
-5.65594
-5.65459
-5.65578
-5.65564
-5.65385
-5.65272
-5.6526
-5.65354
-5.65396
-5.65099
-5.65176
-5.65039
-5.65102
-5.65164
-5.6522
-5.65276
-5.65076
-5.65172
-5.65268
-5.65417
-5.65547
-5.65363
-5.65581
-5.65305
-5.65455
-5.65267
-5.65295
-5.6544
-5.65465
-5.6536
-5.65505
-5.65413
-5.65282
-5.65343
-5.65054
-5.64904
-5.65152
-5.65501
-5.65527
-5.65324
-5.65349
-5.65606
-5.6571
-5.65559
-5.65466
-5.65871
-5.65797
-5.65958
-5.66066
-5.65997
-5.65951
-5.6597
-5.65868
-5.65464
-5.65572
-5.65568
-5.65632
-5.65594
-5.65556
-5.65501
-5.65563
-5.6564
-5.65662
-5.65557
-5.65713
-5.65804
-5.65886
-5.65885
-5.65989
-5.65773
-5.65822
-5.65722
-5.65582
-5.65606
-5.65706
-5.65468
-5.65345
-5.65206
-5.65015
-5.65127
-5.64992
-5.65164
-5.65388
-5.65434
-5.65587
-5.65539
-5.65533
-5.6572
-5.65706
-5.65526
-5.65578
-5.65614
-5.65489
-5.65476
-5.65364
-5.65422
-5.65555
-5.6582
-5.66071
-5.66159
-5.66296
-5.66276
-5.66293
-5.66352
-5.66201
-5.66333
-5.66303
-5.6618
-5.65934
-5.65822
-5.66002
-5.6608
-5.65892
-5.65891
-5.65855
-5.65792
-5.65965
-5.66086
-5.66086
-5.65764
-5.65666
-5.65759
-5.65694
-5.65804
-5.65836
-5.65883
-5.65934
-5.65847
-5.65938
-5.65721
-5.65359
-5.65572
-5.65722
-5.65846
-5.65721
-5.65601
-5.6577
-5.65737
-5.65565
-5.65417
-5.65455
-5.65588
-5.65557
-5.65403
-5.65256
-5.65343
-5.6537
-5.65334
-5.65429
-5.65266
-5.65171
-5.65338
-5.65571
-5.65545
-5.65424
-5.65533
-5.65616
-5.65317
-5.65447
-5.65616
-5.65496
-5.657
-5.65475
-5.6556
-5.6553
-5.65415
-5.65669
-5.65744
-5.65677
-5.65639
-5.65475
-5.65427
-5.65471
-5.65647
-5.65597
-5.6547
-5.65609
-5.65671
-5.65583
-5.65405
-5.65403
-5.65454
-5.65468
-5.65418
-5.65499
-5.65384
-5.65265
-5.65109
-5.65142
-5.6514
-5.65362
-5.65487
-5.65651
-5.656
-5.65506
-5.65474
-5.65501
-5.65605
-5.65446
-5.65539
-5.65594
-5.65677
-5.65487
-5.65399
-5.65404
-5.65377
-5.65363
-5.65181
-5.65297
-5.65133
-5.64981
-5.65005
-5.64924
-5.6494
-5.64956
-5.65095
-5.65145
-5.65282
-5.65366
-5.65677
-5.65723
-5.65639
-5.65511
-5.65328
-5.65563
-5.65738
-5.65649
-5.65637
-5.65559
-5.65536
-5.65569
-5.65589
-5.6572
-5.65698
-5.65717
-5.65688
-5.6559
-5.65825
-5.65365
-5.6535
-5.65168
-5.65366
-5.65326
-5.65557
-5.65467
-5.65594
-5.65602
-5.65776
-5.65861
-5.65894
-5.65723
-5.65843
-5.65641
-5.65512
-5.65875
-5.65724
-5.65929
-5.65838
-5.6574
-5.65699
-5.65558
-5.65326
-5.65109
-5.65304
-5.65267
-5.65357
-5.65341
-5.65532
-5.65496
-5.65609
-5.6563
-5.65777
-5.65788
-5.65727
-5.65673
-5.6555
-5.6567
-5.65536
-5.65672
-5.65586
-5.65589
-5.65723
-5.65745
-5.6564
-5.65696
-5.65819
-5.65827
-5.65637
-5.65465
-5.65422
-5.65282
-5.65194
-5.65329
-5.65408
-5.65461
-5.65661
-5.65725
-5.65474
-5.654
-5.65312
-5.65367
-5.65626
-5.65659
-5.65556
-5.65475
-5.65315
-5.654
-5.65406
-5.65499
-5.65424
-5.65185
-5.65371
-5.65406
-5.65495
-5.65325
-5.65414
-5.65656
-5.65547
-5.65811
-5.65918
-5.65896
-5.65877
-5.66027
-5.65963
-5.65884
-5.65768
-5.65595
-5.65378
-5.65453
-5.65472
-5.65307
-5.65372
-5.65428
-5.65418
-5.65581
-5.65545
-5.6553
-5.65503
-5.65375
-5.65154
-5.6498
-5.64935
-5.65129
-5.65346
-5.65333
-5.65319
-5.65235
-5.65401
-5.65321
-5.65213
-5.65329
-5.65079
-5.65078
-5.6497
-5.64956
-5.65107
-5.65162
-5.65342
-5.65347
-5.65364
-5.65232
-5.65283
-5.65142
-5.65209
-5.652
-5.64989
-5.65253
-5.65405
-5.65505
-5.65446
-5.65729
-5.65719
-5.65686
-5.65497
-5.6555
-5.65517
-5.6524
-5.65176
-5.65157
-5.65357
-5.65405
-5.65482
-5.65541
-5.65616
-5.65736
-5.65844
-5.65786
-5.65501
-5.65321
-5.65449
-5.65348
-5.65261
-5.65135
-5.65045
-5.65188
-5.65332
-5.65369
-5.6548
-5.65553
-5.65546
-5.65653
-5.65655
-5.66017
-5.66001
-5.66055
-5.6613
-5.66336
-5.66374
-5.66247
-5.66062
-5.66214
-5.65998
-5.65714
-5.65439
-5.65256
-5.65343
-5.65291
-5.65394
-5.65412
-5.65682
-5.65562
-5.65774
-5.65947
-5.66045
-5.66265
-5.66163
-5.66073
-5.65806
-5.65692
-5.6567
-5.65517
-5.65498
-5.65329
-5.65019
-5.65223
-5.64906
-5.65229
-5.65084
-5.65137
-5.65219
-5.6526
-5.65034
-5.64901
-5.65029
-5.65198
-5.65185
-5.65187
-5.65298
-5.65479
-5.65723
-5.65823
-5.65864
-5.65838
-5.65708
-5.65799
-5.657
-5.6575
-5.65773
-5.65653
-5.65789
-5.65856
-5.65847
-5.65689
-5.6554
-5.65462
-5.65553
-5.65454
-5.65518
-5.65447
-5.65529
-5.65661
-5.65587
-5.65406
-5.65381
-5.65192
-5.65432
-5.65424
-5.65431
-5.65452
-5.65642
-5.65798
-5.65716
-5.65455
-5.65372
-5.65407
-5.65177
-5.65336
-5.65239
-5.65149
-5.65037
-5.65101
-5.65053
-5.65217
-5.65298
-5.65449
-5.65401
-5.65113
-5.65198
-5.65269
-5.65201
-5.65258
-5.65537
-5.65459
-5.65413
-5.65433
-5.65133
-5.65062
-5.64959
-5.64889
-5.64948
-5.65139
-5.65202
-5.65104
-5.65003
-5.65089
-5.65035
-5.65036
-5.65068
-5.65042
-5.64969
-5.64858
-5.65135
-5.65147
-5.65333
-5.65385
-5.65515
-5.65612
-5.6574
-5.65742
-5.65916
-5.65625
-5.65685
-5.65421
-5.65359
-5.65442
-5.65386
-5.65518
-5.65389
-5.65477
-5.65483
-5.65457
-5.65614
-5.65685
-5.65927
-5.66111
-5.65753
-5.65664
-5.65495
-5.65482
-5.65278
-5.65154
-5.65277
-5.6523
-5.65269
-5.65255
-5.65344
-5.65332
-5.65413
-5.65425
-5.65341
-5.65396
-5.65721
-5.65569
-5.65323
-5.65169
-5.65167
-5.65546
-5.65494
-5.65692
-5.65719
-5.65801
-5.65552
-5.65686
-5.65721
-5.65725
-5.65537
-5.65314
-5.65284
-5.64991
-5.64925
-5.65028
-5.65177
-5.65315
-5.65286
-5.65382
-5.65337
-5.65556
-5.65568
-5.65688
-5.6575
-5.65883
-5.65766
-5.65691
-5.65401
-5.65292
-5.6531
-5.65308
-5.65265
-5.65324
-5.65422
-5.65619
-5.65803
-5.66022
-5.65966
-5.65914
-5.65896
-5.65976
-5.65836
-5.6561
-5.65404
-5.65551
-5.65607
-5.65386
-5.65603
-5.65547
-5.65507
-5.6545
-5.65635
-5.65674
-5.65465
-5.65162
-5.6524
-5.65205
-5.65345
-5.65238
-5.65149
-5.65116
-5.65053
-5.64835
-5.64692
-5.6482
-5.64956
-5.64938
-5.65158
-5.651
-5.65381
-5.65315
-5.65311
-5.65387
-5.65173
-5.6515
-5.65059
-5.64943
-5.64947
-5.64696
-5.64916
-5.6487
-5.6479
-5.64898
-5.6493
-5.65172
-5.65134
-5.65298
-5.6537
-5.65246
-5.65239
-5.65337
-5.65629
-5.65627
-5.65662
-5.65619
-5.65449
-5.65198
-5.65235
-5.65175
-5.65177
-5.65131
-5.65189
-5.65469
-5.65477
-5.65761
-5.6564
-5.65637
-5.6566
-5.65427
-5.65623
-5.65408
-5.65396
-5.65387
-5.65503
-5.65702
-5.65912
-5.66067
-5.65979
-5.66012
-5.65878
-5.65647
-5.65417
-5.65352
-5.65267
-5.65299
-5.65134
-5.65231
-5.65553
-5.65377
-5.65529
-5.65572
-5.65463
-5.65424
-5.65329
-5.65345
-5.65446
-5.65446
-5.65281
-5.65248
-5.65285
-5.65136
-5.65035
-5.65213
-5.65349
-5.6547
-5.65564
-5.65649
-5.65521
-5.65531
-5.65487
-5.65524
-5.65519
-5.65447
-5.65538
-5.65439
-5.65378
-5.65486
-5.65507
-5.65281
-5.65489
-5.65417
-5.65546
-5.65578
-5.65539
-5.65392
-5.65357
-5.65403
-5.65438
-5.65375
-5.65194
-5.65324
-5.65538
-5.65633
-5.65564
-5.6549
-5.65736
-5.65917
-5.6574
-5.65653
-5.6565
-5.65341
-5.65312
-5.65636
-5.65644
-5.65539
-5.65486
-5.65675
-5.65765
-5.66069
-5.66063
-5.65818
-5.65822
-5.65818
-5.65707
-5.65489
-5.65589
-5.65853
-5.6561
-5.65487
-5.6533
-5.65331
-5.65225
-5.65356
-5.65489
-5.65484
-5.65372
-5.65343
-5.65434
-5.65259
-5.65275
-5.65385
-5.65359
-5.65289
-5.65276
-5.65552
-5.65673
-5.65809
-5.65925
-5.65691
-5.65743
-5.66035
-5.66007
-5.65949
-5.65866
-5.65737
-5.6564
-5.65462
-5.65537
-5.65646
-5.65399
-5.65281
-5.65422
-5.65462
-5.6548
-5.65551
-5.6575
-5.6575
-5.65781
-5.65594
-5.65489
-5.65347
-5.65435
-5.65593
-5.65397
-5.65555
-5.65582
-5.65522
-5.65616
-5.65548
-5.65414
-5.65196
-5.6552
-5.65687
-5.65691
-5.65569
-5.65719
-5.65472
-5.65515
-5.65658
-5.65519
-5.65426
-5.65482
-5.65361
-5.6535
-5.65472
-5.65592
-5.65482
-5.65468
-5.65621
-5.65615
-5.65734
-5.6578
-5.65752
-5.65657
-5.65725
-5.65826
-5.65668
-5.65571
-5.65469
-5.65557
-5.65775
-5.65803
-5.65807
-5.6566
-5.65815
-5.66008
-5.65906
-5.65924
-5.66084
-5.6583
-5.65837
-5.65584
-5.65371
-5.65408
-5.65498
-5.65411
-5.65489
-5.65405
-5.65419
-5.65684
-5.6572
-5.65717
-5.65656
-5.65555
-5.65559
-5.65479
-5.65507
-5.6541
-5.65342
-5.65201
-5.65212
-5.65251
-5.65352
-5.65193
-5.65191
-5.65439
-5.65287
-5.65318
-5.65503
-5.65297
-5.65256
-5.58572
-5.58701
-5.58918
-5.58832
-5.58959
-5.59256
-5.59483
-5.59408
-5.59449
-5.5955
-5.59427
-5.59476
-5.5957
-5.59449
-5.59331
-5.59464
-5.59804
-5.59954
-5.59852
-5.59835
-5.59623
-5.59317
-5.59139
-5.59244
-5.59012
-5.58774
-5.58487
-5.58431
-5.58686
-5.58574
-5.58821
-5.58884
-5.58929
-5.59167
-5.59168
-5.59293
-5.59191
-5.59327
-5.59031
-5.59157
-5.59132
-5.59188
-5.59167
-5.58997
-5.59029
-5.5887
-5.59072
-5.59059
-5.59127
-5.5937
-5.59135
-5.59062
-5.59081
-5.59092
-5.59219
-5.59231
-5.59353
-5.59292
-5.59247
-5.59122
-5.58794
-5.58623
-5.58549
-5.58421
-5.58638
-5.58623
-5.58736
-5.58838
-5.58945
-5.58949
-5.58789
-5.58926
-5.58951
-5.58993
-5.59041
-5.5911
-5.59023
-5.59225
-5.592
-5.59186
-5.59223
-5.59218
-5.59208
-5.58976
-5.58887
-5.59278
-5.58984
-5.58877
-5.58881
-5.5892
-5.59078
-5.59122
-5.59278
-5.59322
-5.58968
-5.58872
-5.58913
-5.58742
-5.58786
-5.58686
-5.58794
-5.58907
-5.58915
-5.59194
-5.5896
-5.59119
-5.59099
-5.59107
-5.58738
-5.58722
-5.58647
-5.58739
-5.58888
-5.58906
-5.58967
-5.58732
-5.58755
-5.5898
-5.58935
-5.58762
-5.58924
-5.59038
-5.5904
-5.59083
-5.59161
-5.59298
-5.59363
-5.59228
-5.5909
-5.59212
-5.5927
-5.59457
-5.59155
-5.59107
-5.58924
-5.58706
-5.58648
-5.58591
-5.58508
-5.58273
-5.5841
-5.58536
-5.58619
-5.58751
-5.58794
-5.58895
-5.5904
-5.59314
-5.5929
-5.59168
-5.59154
-5.58844
-5.58706
-5.5846
-5.58308
-5.5848
-5.58589
-5.585
-5.58557
-5.58836
-5.58895
-5.58851
-5.58895
-5.58812
-5.58745
-5.58778
-5.58729
-5.58834
-5.59091
-5.59173
-5.59326
-5.59442
-5.59286
-5.59246
-5.59227
-5.58977
-5.59083
-5.59194
-5.59151
-5.59092
-5.59054
-5.591
-5.59127
-5.59187
-5.59006
-5.58996
-5.59023
-5.59122
-5.58945
-5.58923
-5.58941
-5.59002
-5.58945
-5.59024
-5.59012
-5.5897
-5.58801
-5.58827
-5.58828
-5.58714
-5.58788
-5.5896
-5.58866
-5.58839
-5.59047
-5.59013
-5.59384
-5.59357
-5.59307
-5.59281
-5.5939
-5.59188
-5.59197
-5.59291
-5.59378
-5.59196
-5.59164
-5.59181
-5.59111
-5.59239
-5.59293
-5.59165
-5.59013
-5.58836
-5.58933
-5.58919
-5.58864
-5.58645
-5.58719
-5.5877
-5.58939
-5.58849
-5.58861
-5.5881
-5.58778
-5.58999
-5.58967
-5.59093
-5.59252
-5.59197
-5.59137
-5.59309
-5.59297
-5.59425
-5.59394
-5.59391
-5.5925
-5.59163
-5.59001
-5.58738
-5.58931
-5.58875
-5.59196
-5.59313
-5.59324
-5.59543
-5.59536
-5.59515
-5.59499
-5.59549
-5.59279
-5.59349
-5.5922
-5.59163
-5.58989
-5.58826
-5.58771
-5.58724
-5.58551
-5.58539
-5.58686
-5.58674
-5.5848
-5.58435
-5.58511
-5.58803
-5.58653
-5.58729
-5.58824
-5.58994
-5.59141
-5.5911
-5.59163
-5.5911
-5.59247
-5.59154
-5.59349
-5.59183
-5.59014
-5.58875
-5.58765
-5.5866
-5.585
-5.5839
-5.58397
-5.58621
-5.58802
-5.59095
-5.58971
-5.59258
-5.59396
-5.59615
-5.59719
-5.59551
-5.59625
-5.59425
-5.59314
-5.59429
-5.59392
-5.59146
-5.59209
-5.59124
-5.59272
-5.59037
-5.59094
-5.59053
-5.59235
-5.59382
-5.59494
-5.59448
-5.59609
-5.59558
-5.59675
-5.59709
-5.59508
-5.5932
-5.5912
-5.59061
-5.58839
-5.58921
-5.58794
-5.58749
-5.587
-5.58627
-5.58701
-5.5869
-5.58897
-5.58976
-5.58711
-5.59064
-5.59162
-5.59142
-5.59015
-5.58949
-5.59275
-5.59084
-5.59119
-5.59017
-5.59197
-5.5917
-5.59196
-5.59022
-5.59011
-5.59106
-5.59153
-5.59092
-5.5899
-5.58806
-5.58857
-5.58899
-5.58828
-5.58899
-5.59023
-5.59151
-5.59005
-5.59238
-5.59487
-5.59444
-5.5945
-5.59497
-5.59361
-5.59276
-5.59249
-5.59349
-5.59539
-5.59426
-5.59429
-5.59325
-5.59159
-5.59202
-5.5901
-5.58942
-5.58959
-5.59017
-5.59004
-5.59237
-5.59321
-5.59134
-5.59405
-5.59472
-5.59414
-5.59423
-5.59481
-5.59505
-5.59611
-5.59534
-5.59728
-5.59928
-5.59711
-5.59497
-5.59676
-5.59578
-5.59247
-5.59155
-5.59187
-5.5903
-5.59039
-5.59465
-5.59386
-5.59308
-5.59513
-5.59354
-5.59252
-5.59339
-5.59326
-5.59308
-5.59284
-5.58994
-5.58862
-5.5902
-5.59016
-5.58914
-5.58876
-5.58997
-5.58856
-5.58876
-5.58896
-5.58852
-5.58842
-5.588
-5.58693
-5.58912
-5.58875
-5.5907
-5.58984
-5.58785
-5.58893
-5.59047
-5.59016
-5.59085
-5.59116
-5.59131
-5.59282
-5.59333
-5.59409
-5.59319
-5.59232
-5.59101
-5.59071
-5.58867
-5.58828
-5.58927
-5.58909
-5.58697
-5.58632
-5.58762
-5.58693
-5.58818
-5.5902
-5.59046
-5.59082
-5.59238
-5.59394
-5.59435
-5.59391
-5.59402
-5.59163
-5.58959
-5.58968
-5.58944
-5.58886
-5.58913
-5.59013
-5.58947
-5.59075
-5.59053
-5.59057
-5.59023
-5.59233
-5.59409
-5.59635
-5.59549
-5.59571
-5.59447
-5.59404
-5.59346
-5.59402
-5.59351
-5.59453
-5.59391
-5.5917
-5.5912
-5.58889
-5.58963
-5.58695
-5.58796
-5.58617
-5.58708
-5.58521
-5.58639
-5.58997
-5.5897
-5.59129
-5.592
-5.59307
-5.59187
-5.59237
-5.59145
-5.59151
-5.593
-5.59114
-5.58952
-5.59007
-5.58984
-5.58875
-5.58929
-5.59103
-5.59163
-5.59367
-5.5933
-5.59215
-5.5909
-5.59213
-5.59161
-5.58966
-5.58925
-5.58753
-5.58594
-5.58593
-5.58506
-5.58496
-5.5854
-5.58477
-5.5851
-5.58546
-5.5873
-5.58689
-5.58628
-5.58552
-5.5852
-5.58586
-5.58774
-5.58889
-5.59096
-5.59272
-5.59229
-5.59287
-5.59379
-5.59398
-5.59599
-5.5966
-5.59678
-5.5969
-5.59537
-5.59667
-5.59429
-5.59373
-5.59278
-5.59315
-5.59201
-5.59
-5.58966
-5.58998
-5.58943
-5.59007
-5.59203
-5.59179
-5.59405
-5.59633
-5.59514
-5.59553
-5.59488
-5.59552
-5.59536
-5.59489
-5.59395
-5.59297
-5.59387
-5.59202
-5.59183
-5.59123
-5.59078
-5.59175
-5.59159
-5.59065
-5.59222
-5.59274
-5.59352
-5.59104
-5.58956
-5.58917
-5.59094
-5.58941
-5.58816
-5.58809
-5.58937
-5.5896
-5.59158
-5.59138
-5.5913
-5.59109
-5.59151
-5.59359
-5.59347
-5.59211
-5.59146
-5.59183
-5.59132
-5.59257
-5.59197
-5.59078
-5.59051
-5.58877
-5.59001
-5.58968
-5.5885
-5.58826
-5.58942
-5.5895
-5.58845
-5.58946
-5.58821
-5.58849
-5.58861
-5.58732
-5.5889
-5.58932
-5.58644
-5.58524
-5.58573
-5.58649
-5.58829
-5.59053
-5.59106
-5.59137
-5.59309
-5.59054
-5.59067
-5.59048
-5.59206
-5.58874
-5.5893
-5.58919
-5.59032
-5.59237
-5.59271
-5.59229
-5.59198
-5.59326
-5.59499
-5.59576
-5.5942
-5.59355
-5.5971
-5.59293
-5.59219
-5.59209
-5.59215
-5.5915
-5.58894
-5.58838
-5.58751
-5.58949
-5.58993
-5.59262
-5.59198
-5.59127
-5.59246
-5.59233
-5.59083
-5.59208
-5.59109
-5.59042
-5.58984
-5.59119
-5.59015
-5.59104
-5.59283
-5.59344
-5.59472
-5.5963
-5.59425
-5.594
-5.59452
-5.59353
-5.59304
-5.59312
-5.59254
-5.5923
-5.5892
-5.58645
-5.58733
-5.58668
-5.58743
-5.58992
-5.58998
-5.58866
-5.58958
-5.59041
-5.58938
-5.58763
-5.58728
-5.58768
-5.58787
-5.58663
-5.58821
-5.58618
-5.58935
-5.59125
-5.59154
-5.59112
-5.59312
-5.59265
-5.59076
-5.58723
-5.58674
-5.58576
-5.58592
-5.5894
-5.58835
-5.58822
-5.58677
-5.58373
-5.58345
-5.58377
-5.58184
-5.58314
-5.58527
-5.58352
-5.58417
-5.5861
-5.58855
-5.58955
-5.58914
-5.58967
-5.59124
-5.59146
-5.59013
-5.58776
-5.58932
-5.58935
-5.58816
-5.58732
-5.58805
-5.58606
-5.58743
-5.58653
-5.58809
-5.58975
-5.59046
-5.59185
-5.59137
-5.59004
-5.58887
-5.58956
-5.58866
-5.58926
-5.58988
-5.58959
-5.59252
-5.59394
-5.59687
-5.59796
-5.59716
-5.59646
-5.59754
-5.59654
-5.59641
-5.59584
-5.59292
-5.59252
-5.59302
-5.59095
-5.59065
-5.5897
-5.59048
-5.59267
-5.59125
-5.59144
-5.59232
-5.59091
-5.59021
-5.59233
-5.59258
-5.5923
-5.59146
-5.59258
-5.59267
-5.59171
-5.59101
-5.58998
-5.59022
-5.58721
-5.58516
-5.58567
-5.58621
-5.58839
-5.58577
-5.58549
-5.5869
-5.58901
-5.58985
-5.58971
-5.58956
-5.59098
-5.59295
-5.59086
-5.58984
-5.58958
-5.58921
-5.58916
-5.58695
-5.58493
-5.5851
-5.58591
-5.58738
-5.58791
-5.58807
-5.58739
-5.59021
-5.59241
-5.59351
-5.59349
-5.5947
-5.5947
-5.59302
-5.59397
-5.59178
-5.59133
-5.59134
-5.58887
-5.5894
-5.589
-5.58831
-5.58698
-5.58791
-5.58754
-5.58813
-5.5868
-5.58685
-5.58926
-5.58726
-5.58732
-5.58554
-5.58475
-5.58646
-5.58762
-5.58755
-5.58787
-5.58769
-5.58845
-5.58996
-5.58808
-5.5864
-5.58682
-5.58765
-5.58685
-5.58762
-5.58698
-5.58653
-5.58794
-5.58834
-5.58879
-5.58772
-5.5865
-5.58641
-5.58809
-5.58758
-5.58707
-5.5887
-5.59012
-5.58899
-5.58792
-5.58832
-5.58872
-5.58866
-5.58887
-5.58674
-5.58865
-5.5893
-5.58796
-5.58914
-5.58994
-5.59073
-5.58926
-5.58974
-5.59085
-5.58997
-5.5887
-5.58928
-5.58815
-5.58792
-5.58697
-5.58369
-5.58459
-5.58486
-5.58328
-5.58568
-5.58752
-5.58744
-5.58602
-5.58519
-5.58531
-5.58458
-5.58347
-5.58604
-5.58785
-5.59013
-5.59453
-5.59899
-5.60026
-5.59947
-5.59896
-5.59827
-5.59699
-5.59624
-5.59292
-5.59195
-5.59144
-5.58884
-5.58881
-5.58982
-5.58583
-5.58557
-5.58571
-5.587
-5.58885
-5.58939
-5.58979
-5.58998
-5.59097
-5.59098
-5.58956
-5.58695
-5.58629
-5.58453
-5.58692
-5.58659
-5.58783
-5.58839
-5.58962
-5.59106
-5.58948
-5.58984
-5.59165
-5.59122
-5.59195
-5.59359
-5.59259
-5.59303
-5.59408
-5.5949
-5.59634
-5.59647
-5.59446
-5.59273
-5.59398
-5.59276
-5.59071
-5.59108
-5.59188
-5.58889
-5.58854
-5.59015
-5.59242
-5.59376
-5.59521
-5.59354
-5.59229
-5.59035
-5.58829
-5.58835
-5.58799
-5.58931
-5.58922
-5.58876
-5.58916
-5.58929
-5.59122
-5.58998
-5.59073
-5.59222
-5.59288
-5.5905
-5.58934
-5.58909
-5.58981
-5.59058
-5.58953
-5.58829
-5.58881
-5.59171
-5.59145
-5.59094
-5.59084
-5.59089
-5.59045
-5.59073
-5.59034
-5.59235
