-7.83801
-7.79754
-7.72002
-7.62901
-7.5253
-7.41237
-7.29314
-7.17964
-7.07624
-6.98967
-6.92595
-6.88716
-6.87205
-6.8802
-6.90499
-6.9399
-6.97906
-7.01836
-7.05223
-7.07959
-7.09839
-7.10931
-7.11169
-7.1062
-7.09531
-7.08341
-7.07045
-7.05962
-7.04904
-7.04598
-7.0482
-7.0611
-7.07871
-7.10535
-7.13746
-7.17465
-7.21127
-7.24563
-7.27787
-7.30592
-7.32349
-7.33272
-7.33686
-7.33132
-7.32251
-7.30716
-7.28991
-7.26859
-7.24762
-7.22837
-7.21021
-7.19505
-7.18193
-7.1746
-7.16837
-7.16192
-7.15981
-7.15798
-7.15825
-7.16263
-7.16649
-7.17631
-7.18599
-7.19668
-7.20747
-7.21819
-7.2276
-7.23277
-7.23782
-7.24124
-7.24196
-7.24212
-7.24003
-7.23397
-7.22904
-7.22482
-7.21999
-7.21388
-7.20866
-7.20368
-7.19825
-7.19478
-7.19317
-7.19286
-7.19359
-7.1958
-7.19803
-7.19983
-7.20121
-7.20218
-7.19905
-7.19208
-7.1827
-7.17097
-7.15799
-7.14715
-7.13533
-7.12466
-7.11907
-7.11707
-7.11802
-7.12186
-7.12957
-7.13333
-7.14087
-7.14677
-7.14902
-7.14905
-7.14713
-7.14067
-7.13625
-7.13049
-7.1248
-7.12162
-7.1229
-7.12861
-7.1391
-7.15605
-7.17767
-7.20332
-7.22793
-7.25213
-7.27474
-7.29341
-7.30747
-7.31555
-7.3221
-7.32001
-7.3103
-7.2981
-7.28278
-7.26583
-7.24701
-7.23099
-7.21336
-7.19927
-7.19253
-7.18902
-7.18865
-7.18896
-7.19487
-7.20223
-7.20508
-7.20504
-7.20256
-7.19812
-7.19324
-7.18693
-7.18082
-7.17268
-7.16361
-7.15544
-7.14813
-7.14097
-7.13905
-7.13736
-7.14178
-7.14609
-7.15415
-7.16481
-7.1764
-7.18966
-7.19868
-7.20849
-7.21136
-7.21127
-7.2062
-7.20013
-7.19142
-7.18125
-7.173
-7.16286
-7.15912
-7.15739
-7.15514
-7.15487
-7.15881
-7.16377
-7.17421
-7.18612
-7.20069
-7.21725
-7.23545
-7.24909
-7.25686
-7.26577
-7.2719
-7.27317
-7.2698
-7.26358
-7.25499
-7.24421
-7.23065
-7.21873
-7.20676
-7.19787
-7.18935
-7.18691
-7.18535
-7.18784
-7.19168
-7.19717
-7.20302
-7.20778
-7.21277
-7.2186
-7.22057
-7.21872
-7.21811
-7.21705
-7.21593
-7.21408
-7.21036
-7.20511
-7.20144
-7.19443
-7.18924
-7.18501
-7.17647
-7.17199
-7.16924
-7.16678
-7.16414
-7.16046
-7.15937
-7.15839
-7.15925
-7.16107
-7.16133
-7.16454
-7.17175
-7.17995
-7.1869
-7.19147
-7.1971
-7.19897
-7.19866
-7.19654
-7.19044
-7.18492
-7.17819
-7.17123
-7.16683
-7.16361
-7.16031
-7.15551
-7.15269
-7.14961
-7.1509
-7.14997
-7.14956
-7.15103
-7.15427
-7.15933
-7.16366
-7.16635
-7.1721
-7.17773
-7.18411
-7.18947
-7.19651
-7.20361
-7.21391
-7.22345
-7.23253
-7.24362
-7.25297
-7.26252
-7.27334
-7.28123
-7.29145
-7.29438
-7.2978
-7.29351
-7.28649
-7.27926
-7.26864
-7.25731
-7.24332
-7.23059
-7.21631
-7.20224
-7.18696
-7.17498
-7.16152
-7.15346
-7.14694
-7.14562
-7.14856
-7.15367
-7.16128
-7.16867
-7.17527
-7.17896
-7.17964
-7.17784
-7.17154
-7.16401
-7.15746
-7.14992
-7.14419
-7.14079
-7.14606
-7.15521
-7.16956
-7.18726
-7.20897
-7.2268
-7.24387
-7.25581
-7.2647
-7.2692
-7.26862
-7.26173
-7.25113
-7.23683
-7.21466
-7.19277
-7.17145
-7.14959
-7.13506
-7.12284
-7.11424
-7.11178
-7.1173
-7.12543
-7.13755
-7.15437
-7.16983
-7.18544
-7.19796
-7.21261
-7.22246
-7.22838
-7.23223
-7.23139
-7.23036
-7.22343
-7.21918
-7.21187
-7.20603
-7.20274
-7.20096
-7.19919
-7.19869
-7.20161
-7.20266
-7.20493
-7.20823
-7.21365
-7.21666
-7.22039
-7.22408
-7.22363
-7.22456
-7.22092
-7.21767
-7.21532
-7.20892
-7.20045
-7.19184
-7.18173
-7.17085
-7.16244
-7.15223
-7.14212
-7.13256
-7.12814
-7.12478
-7.12737
-7.1357
-7.14531
-7.15659
-7.16919
-7.1828
-7.19431
-7.20948
-7.219
-7.22689
-7.23377
-7.23427
-7.23315
-7.22826
-7.22278
-7.21527
-7.20553
-7.19735
-7.18958
-7.18171
-7.17922
-7.17717
-7.18084
-7.18676
-7.19164
-7.19816
-7.20549
-7.21146
-7.21624
-7.21947
-7.21912
-7.21953
-7.21858
-7.21636
-7.21376
-7.21224
-7.2094
-7.20658
-7.20502
-7.20271
-7.19895
-7.19131
-7.18229
-7.17554
-7.16732
-7.15981
-7.15462
-7.15746
-7.16454
-7.17857
-7.19587
-7.21262
-7.22753
-7.24296
-7.25267
-7.26193
-7.26513
-7.26659
-7.26274
-7.25397
-7.24458
-7.23273
-7.21981
-7.20622
-7.19019
-7.1749
-7.16074
-7.14667
-7.13337
-7.12416
-7.1226
-7.12416
-7.13282
-7.14285
-7.15783
-7.17276
-7.18986
-7.20373
-7.21423
-7.22091
-7.22371
-7.22161
-7.21311
-7.20517
-7.19757
-7.19111
-7.18838
-7.18638
-7.18575
-7.18938
-7.19262
-7.20007
-7.20868
-7.2126
-7.21765
-7.21952
-7.21612
-7.20482
-7.19151
-7.17792
-7.16195
-7.14846
-7.1389
-7.13351
-7.13439
-7.14044
-7.15063
-7.16265
-7.17432
-7.18904
-7.20115
-7.21518
-7.22486
-7.23234
-7.23847
-7.24182
-7.24284
-7.24083
-7.24088
-7.24026
-7.23862
-7.2359
-7.23481
-7.23434
-7.23375
-7.2357
-7.23436
-7.23269
-7.23143
-7.22825
-7.22134
-7.21664
-7.21114
-7.20613
-7.20261
-7.19946
-7.19553
-7.19218
-7.19057
-7.19205
-7.19282
-7.19525
-7.19759
-7.19631
-7.19497
-7.19088
-7.1832
-7.17793
-7.16986
-7.16034
-7.15049
-7.14151
-7.13471
-7.12629
-7.12239
-7.11989
-7.1209
-7.12683
-7.13431
-7.14358
-7.15354
-7.16406
-7.17224
-7.17628
-7.1798
-7.18441
-7.18645
-7.18731
-7.18748
-7.18739
-7.19049
-7.1928
-7.19373
-7.19591
-7.19486
-7.19443
-7.19339
-7.19318
-7.19399
-7.1928
-7.19289
-7.19405
-7.1958
-7.19975
-7.20314
-7.20762
-7.21349
-7.21987
-7.2247
-7.22729
-7.23168
-7.23268
-7.23517
-7.23922
-7.2445
-7.24834
-7.25174
-7.25331
-7.25113
-7.25086
-7.24472
-7.23765
-7.22693
-7.2178
-7.20751
-7.20084
-7.1985
-7.19529
-7.19847
-7.20304
-7.20733
-7.21164
-7.21016
-7.20917
-7.203
-7.1961
-7.18509
-7.17593
-7.16667
-7.1594
-7.15289
-7.14928
-7.14863
-7.15203
-7.15784
-7.16193
-7.16956
-7.17705
-7.18321
-7.1887
-7.19151
-7.19595
-7.19871
-7.20173
-7.20558
-7.20519
-7.20725
-7.20864
-7.21174
-7.21247
-7.21306
-7.21134
-7.21032
-7.2072
-7.20357
-7.2004
-7.19674
-7.19112
-7.18685
-7.18342
-7.1814
-7.18096
-7.18211
-7.18451
-7.1902
-7.19573
-7.20311
-7.21081
-7.21447
-7.21884
-7.22419
-7.22605
-7.22668
-7.22496
-7.22316
-7.21697
-7.21047
-7.20177
-7.19428
-7.18645
-7.18232
-7.17946
-7.17812
-7.17799
-7.17771
-7.17926
-7.18058
-7.18082
-7.18317
-7.18826
-7.19266
-7.20014
-7.20799
-7.21573
-7.22295
-7.22837
-7.23176
-7.23682
-7.23975
-7.24332
-7.24336
-7.24452
-7.24003
-7.23345
-7.22357
-7.21226
-7.19968
-7.18376
-7.16666
-7.14897
-7.13172
-7.12051
-7.11218
-7.10853
-7.10903
-7.11225
-7.11902
-7.12556
-7.13254
-7.13881
-7.14414
-7.14821
-7.15282
-7.15536
-7.15673
-7.15416
-7.15472
-7.15304
-7.15227
-7.15403
-7.15879
-7.16595
-7.17659
-7.18962
-7.20581
-7.22529
-7.24457
-7.26316
-7.2794
-7.29383
-7.30192
-7.30782
-7.31188
-7.30774
-7.30017
-7.28672
-7.2727
-7.25213
-7.2323
-7.20891
-7.19011
-7.17174
-7.1597
-7.15059
-7.15076
-7.15405
-7.16379
-7.17423
-7.18816
-7.20146
-7.21137
-7.22019
-7.22484
-7.22433
-7.21985
-7.21237
-7.2038
-7.19353
-7.18575
-7.17719
-7.17026
-7.16504
-7.16368
-7.16537
-7.17044
-7.17762
-7.18554
-7.19252
-7.19492
-7.19839
-7.19856
-7.19449
-7.19164
-7.18702
-7.18513
-7.18137
-7.18136
-7.18071
-7.17983
-7.17798
-7.17641
-7.17616
-7.1747
-7.17315
-7.17419
-7.17788
-7.18315
-7.18906
-7.19753
-7.20436
-7.21031
-7.21409
-7.21293
-7.21006
-7.20572
-7.19638
-7.1874
-7.178
-7.17009
-7.16493
-7.1644
-7.16505
-7.16719
-7.17211
-7.17882
-7.19045
-7.20146
-7.21311
-7.22727
-7.23884
-7.25084
-7.25674
-7.2627
-7.26161
-7.25548
-7.24665
-7.23447
-7.22085
-7.20729
-7.19119
-7.17881
-7.16782
-7.16135
-7.16098
-7.16184
-7.16753
-7.17061
-7.17834
-7.18254
-7.18625
-7.18591
-7.18111
-7.17656
-7.16869
-7.16062
-7.15427
-7.14783
-7.14414
-7.14534
-7.14913
-7.15734
-7.1688
-7.17884
-7.19133
-7.20452
-7.21862
-7.22976
-7.23983
-7.24678
-7.24791
-7.24953
-7.24658
-7.24005
-7.23422
-7.22391
-7.21605
-7.2092
-7.20007
-7.19295
-7.1844
-7.17705
-7.16826
-7.15919
-7.1496
-7.14314
-7.14019
-7.14053
-7.14364
-7.14704
-7.15576
-7.1665
-7.17783
-7.19045
-7.20203
-7.2127
-7.22246
-7.2313
-7.24225
-7.24988
-7.25754
-7.26043
-7.26237
-7.26078
-7.25427
-7.24248
-7.22983
-7.21565
-7.20029
-7.1856
-7.17253
-7.16252
-7.15526
-7.14896
-7.145
-7.14369
-7.14457
-7.14875
-7.15367
-7.15952
-7.16735
-7.17488
-7.18043
-7.18664
-7.18978
-7.19098
-7.19118
-7.18942
-7.18789
-7.1853
-7.18646
-7.19073
-7.19873
-7.2077
-7.21822
-7.23023
-7.242
-7.25255
-7.25994
-7.26606
-7.26818
-7.26944
-7.26821
-7.26447
-7.25793
-7.24775
-7.23784
-7.22583
-7.21341
-7.20139
-7.19064
-7.17959
-7.16765
-7.15694
-7.14784
-7.13845
-7.1323
-7.12333
-7.1154
-7.11117
-7.10816
-7.10674
-7.10559
-7.10964
-7.11635
-7.12237
-7.13269
-7.14318
-7.1551
-7.17148
-7.18625
-7.19907
-7.21187
-7.22153
-7.22967
-7.23715
-7.24395
-7.24825
-7.25085
-7.25225
-7.25014
-7.24732
-7.24459
-7.24162
-7.24386
-7.24726
-7.25199
-7.25752
-7.26572
-7.26888
-7.27315
-7.27174
-7.26765
-7.25839
-7.24849
-7.23664
-7.22256
-7.21106
-7.20104
-7.19375
-7.18919
-7.18623
-7.18186
-7.17728
-7.17242
-7.16525
-7.15971
-7.15315
-7.14733
-7.14637
-7.14762
-7.15028
-7.15684
-7.16531
-7.17597
-7.18698
-7.19259
-7.20091
-7.20402
-7.20833
-7.21088
-7.21052
-7.20939
-7.20742
-7.20385
-7.19979
-7.19366
-7.18849
-7.18018
-7.17504
-7.17356
-7.17067
-7.17213
-7.17648
-7.17883
-7.18421
-7.18523
-7.18729
-7.19159
-7.19443
-7.19935
-7.2045
-7.21145
-7.21616
-7.22275
-7.22603
-7.2294
-7.22991
-7.23054
-7.23013
-7.22471
-7.22239
-7.21108
-7.19265
-7.15927
-7.12044
-7.07855
-7.03876
-7.00059
-6.96241
-6.93082
-6.90487
-6.88128
-6.86139
-6.84577
-6.83085
-6.81594
-6.8008
-6.78863
-6.77756
-6.77231
-6.77461
-6.78175
-6.79613
-6.81494
-6.83545
-6.85532
-6.86982
-6.88078
-6.88587
-6.88684
-6.88482
-6.88192
-6.8796
-6.87749
-6.88125
-6.88708
-6.89842
-6.9073
-6.91845
-6.93038
-6.94229
-6.95218
-6.95935
-6.96667
-6.97048
-6.9727
-6.97034
-6.96588
-6.96047
-6.95343
-6.9465
-6.93905
-6.93302
-6.92903
-6.92502
-6.92724
-6.92923
-6.93388
-6.93909
-6.94397
-6.95055
-6.95694
-6.95733
-6.95807
-6.95666
-6.95425
-6.95042
-6.94671
-6.9434
-6.93769
-6.93388
-6.92985
-6.92614
-6.91849
-6.91523
-6.90899
-6.90584
-6.90175
-6.90012
-6.89345
-6.89027
-6.88957
-6.88828
-6.88581
-6.88432
-6.88587
-6.88487
-6.88549
-6.8873
-6.88821
-6.89065
-6.8959
-6.9012
-6.90878
-6.91219
-6.9172
-6.92226
-6.92595
-6.92913
-6.93143
-6.93123
-6.93218
-6.92895
-6.92984
-6.92914
-6.92921
-6.92852
-6.92611
-6.92456
-6.92061
-6.91598
-6.91338
-6.91287
-6.91288
-6.91695
-6.92566
-6.94032
-6.95414
-6.97035
-6.98452
-6.99704
-7.00131
-7.00236
-6.99825
-6.9851
-6.9695
-6.94527
-6.92193
-6.8985
-6.87715
-6.86106
-6.84945
-6.84747
-6.84723
-6.85113
-6.85713
-6.86686
-6.87526
-6.88098
-6.88677
-6.8931
-6.89646
-6.90051
-6.90488
-6.90575
-6.90914
-6.9124
-6.91604
-6.91781
-6.91842
-6.91767
-6.91346
-6.91454
-6.91726
-6.92283
-6.93109
-6.94219
-6.9553
-6.96797
-6.98177
-6.99221
-7.00315
-7.00867
-7.01167
-7.00648
-6.99781
-6.98403
-6.96938
-6.95064
-6.93348
-6.91876
-6.90621
-6.89478
-6.88402
-6.87917
-6.87555
-6.87363
-6.87393
-6.87724
-6.88418
-6.89764
-6.91118
-6.92613
-6.93982
-6.9475
-6.9498
-6.94691
-6.93855
-6.92958
-6.9185
-6.90644
-6.89214
-6.87844
-6.86652
-6.85972
-6.85655
-6.85498
-6.86099
-6.86714
-6.87323
-6.88021
-6.88484
-6.88956
-6.89436
-6.9009
-6.90668
-6.91358
-6.91762
-6.9198
-6.91691
-6.91023
-6.90369
-6.89972
-6.89556
-6.8937
-6.89273
-6.89427
-6.89755
-6.90739
-6.92557
-6.94805
-6.97686
-7.00545
-7.03439
-7.05574
-7.07726
-7.08949
-7.0953
-7.09408
-7.08697
-7.07007
-7.04778
-7.01993
-6.98715
-6.95339
-6.91904
-6.89172
-6.87478
-6.86483
-6.86253
-6.86307
-6.86565
-6.86482
-6.86426
-6.86249
-6.8613
-6.86078
-6.86394
-6.86833
-6.87542
-6.88231
-6.88538
-6.88694
-6.88345
-6.88021
-6.87494
-6.86471
-6.85694
-6.84701
-6.83888
-6.83312
-6.83169
-6.83366
-6.84417
-6.86142
-6.88169
-6.90393
-6.92681
-6.9484
-6.96469
-6.97788
-6.98587
-6.98717
-6.98226
-6.97258
-6.96023
-6.94932
-6.93782
-6.93424
-6.93665
-6.94033
-6.94552
-6.95259
-6.95715
-6.95814
-6.95885
-6.95713
-6.94951
-6.93932
-6.93079
-6.92227
-6.91993
-6.91816
-6.92094
-6.92204
-6.92429
-6.92442
-6.92082
-6.91215
-6.90069
-6.8871
-6.87667
-6.86837
-6.86204
-6.86642
-6.87299
-6.8846
-6.90282
-6.92116
-6.93396
-6.94581
-6.94845
-6.94933
-6.94485
-6.93929
-6.9361
-6.93549
-6.94126
-6.9482
-6.95741
-6.96534
-6.96794
-6.9646
-6.9569
-6.94658
-6.93731
-6.9272
-6.9225
-6.92403
-6.92428
-6.9289
-6.9308
-6.93262
-6.9348
-6.93351
-6.92755
-6.91897
-6.90859
-6.89566
-6.88525
-6.87714
-6.87375
-6.87511
-6.88321
-6.89578
-6.91382
-6.92974
-6.94439
-6.95655
-6.96329
-6.96444
-6.95996
-6.95476
-6.94608
-6.9384
-6.932
-6.92993
-6.9325
-6.93392
-6.93503
-6.93613
-6.93241
-6.92711
-6.91852
-6.91238
-6.90689
-6.90455
-6.90584
-6.90901
-6.91406
-6.92331
-6.93068
-6.93856
-6.94416
-6.94936
-6.95382
-6.95753
-6.95761
-6.95537
-6.94622
-6.93967
-6.93111
-6.92414
-6.91957
-6.9183
-6.91969
-6.91623
-6.91193
-6.90511
-6.89452
-6.88445
-6.87553
-6.87105
-6.87117
-6.87366
-6.88004
-6.89187
-6.90012
-6.90687
-6.91161
-6.90905
-6.90331
-6.89799
-6.88865
-6.88218
-6.87973
-6.88104
-6.8848
-6.89524
-6.90889
-6.92491
-6.94049
-6.95662
-6.9716
-6.98524
-6.99441
-7.00027
-6.99862
-6.99488
-6.98711
-6.98135
-6.97361
-6.96689
-6.95768
-6.95473
-6.95145
-6.94864
-6.94582
-6.94352
-6.93903
-6.93613
-6.9318
-6.92552
-6.92209
-6.91497
-6.90485
-6.8966
-6.88782
-6.8755
-6.8584
-6.83728
-6.81541
-6.79664
-6.78112
-6.7745
-6.77775
-6.78946
-6.81051
-6.83955
-6.8734
-6.9042
-6.93558
-6.95776
-6.97433
-6.98412
-6.98361
-6.97928
-6.96826
-6.95973
-6.95362
-6.95052
-6.95411
-6.95944
-6.96493
-6.96953
-6.97197
-6.96898
-6.9605
-6.94696
-6.93037
-6.91558
-6.90419
-6.89283
-6.88264
-6.87852
-6.87307
-6.87017
-6.87038
-6.87268
-6.87424
-6.88219
-6.89076
-6.90537
-6.91783
-6.93277
-6.94655
-6.95919
-6.96837
-6.97255
-6.9708
-6.96782
-6.95967
-6.95063
-6.94269
-6.93283
-6.923
-6.91798
-6.91067
-6.907
-6.90686
-6.91153
-6.91937
-6.92964
-6.94423
-6.96011
-6.97102
-6.97701
-6.97849
-6.97703
-6.96837
-6.95837
-6.94697
-6.93622
-6.92524
-6.91403
-6.90359
-6.89396
-6.88853
-6.8887
-6.88921
-6.89186
-6.89049
-6.88697
-6.88575
-6.88484
-6.88675
-6.89234
-6.89819
-6.90635
-6.914
-6.91912
-6.92077
-6.91713
-6.90985
-6.89756
-6.88279
-6.87111
-6.85983
-6.85317
-6.85276
-6.85801
-6.86538
-6.87257
-6.88168
-6.89237
-6.90817
-6.92351
-6.9401
-6.95437
-6.96374
-6.97246
-6.9772
-6.97513
-6.96849
-6.95853
-6.94844
-6.93661
-6.92828
-6.92256
-6.91978
-6.92353
-6.9301
-6.93875
-6.94652
-6.95555
-6.96312
-6.96723
-6.96638
-6.96204
-6.95535
-6.94131
-6.93039
-6.91629
-6.90296
-6.89039
-6.87833
-6.86854
-6.86142
-6.85861
-6.85966
-6.86673
-6.88015
-6.89907
-6.91925
-6.94106
-6.95914
-6.96858
-6.97473
-6.97469
-6.97156
-6.9614
-6.95103
-6.94128
-6.92992
-6.92048
-6.9112
-6.90423
-6.89549
-6.89134
-6.89068
-6.89094
-6.89234
-6.89713
-6.90523
-6.91216
-6.92025
-6.93035
-6.93799
-6.94279
-6.94417
-6.94326
-6.94191
-6.9379
-6.9307
-6.92214
-6.91318
-6.90864
-6.90679
-6.90757
-6.91301
-6.92282
-6.93423
-6.9435
-6.95129
-6.95698
-6.95728
-6.95239
-6.94562
-6.93928
-6.93139
-6.92545
-6.9224
-6.92207
-6.9229
-6.92566
-6.93046
-6.93796
-6.94616
-6.95546
-6.9627
-6.97039
-6.97528
-6.98064
-6.98008
-6.97361
-6.96813
-6.96192
-6.95028
-6.93593
-6.92148
-6.9119
-6.90352
-6.89676
-6.8903
-6.8844
-6.87925
-6.87228
-6.86612
-6.86035
-6.85379
-6.84884
-6.84615
-6.84728
-6.85288
-6.8635
-6.87553
-6.89074
-6.90604
-6.92335
-6.93817
-6.95426
-6.96671
-6.97462
-6.98217
-6.98683
-6.98565
-6.98269
-6.97719
-6.96683
-6.95485
-6.94121
-6.92648
-6.91157
-6.90147
-6.89098
-6.88029
-6.87179
-6.86697
-6.86784
-6.87195
-6.87883
-6.8857
-6.8958
-6.90121
-6.90717
-6.91096
-6.91051
-6.90725
-6.90399
-6.90443
-6.90964
-6.91849
-6.93357
-6.94837
-6.96157
-6.97054
-6.97399
-6.97442
-6.96571
-6.95408
-6.9393
-6.92157
-6.90473
-6.88827
-6.87619
-6.8653
-6.85964
-6.85793
-6.86226
-6.86727
-6.87563
-6.8849
-6.89502
-6.90577
-6.91673
-6.92602
-6.93592
-6.94514
-6.95271
-6.95637
-6.96008
-6.96252
-6.96355
-6.96486
-6.9626
-6.958
-6.9534
-6.94958
-6.94502
-6.93815
-6.93196
-6.92142
-6.91572
-6.90932
-6.90708
-6.90826
-6.91262
-6.91643
-6.92089
-6.92651
-6.93151
-6.93404
-6.9369
-6.94044
-6.9405
-6.93875
-6.93619
-6.93821
-6.93766
-6.93839
-6.94297
-6.94517
-6.94354
-6.93966
-6.93594
-6.92985
-6.92251
-6.91697
-6.91169
-6.90694
-6.90042
-6.89496
-6.89079
-6.88799
-6.88911
-6.89353
-6.90389
-6.91837
-6.9324
-6.95088
-6.964
-6.97608
-6.98284
-6.98473
-6.98223
-6.97182
-6.95629
-6.93811
-6.9177
-6.89884
-6.87979
-6.8633
-6.85309
-6.8458
-6.84384
-6.84766
-6.85674
-6.87127
-6.88723
-6.9012
-6.91258
-6.91955
-6.92263
-6.92074
-6.91815
-6.91463
-6.91321
-6.91141
-6.9075
-6.9104
-6.91617
-6.91829
-6.92031
-6.9201
-6.91556
-6.90742
-6.89699
-6.88786
-6.88224
-6.88196
-6.88618
-6.89639
-6.91084
-6.92702
-6.94166
-6.95427
-6.96527
-6.97115
-6.9747
-6.97482
-6.97288
-6.96748
-6.96257
-6.95176
-6.9417
-6.92848
-6.91684
-6.90581
-6.89917
-6.89439
-6.89103
-6.89152
-6.89262
-6.89332
-6.8945
-6.89855
-6.90423
-6.91128
-6.91953
-6.93088
-6.94043
-6.95073
-6.95642
-6.96228
-6.96626
-6.96638
-6.96395
-6.95963
-6.95242
-6.94575
-6.93679
-6.93075
-6.92322
-6.91795
-6.91251
-6.91205
-6.90995
-6.91142
-6.91263
-6.91717
-6.92501
-6.93728
-6.94855
-6.95902
-6.96809
-6.97502
-6.97647
-6.97228
-6.96298
-6.95245
-6.93852
-6.92564
-6.91512
-6.90759
-6.90468
-6.90506
-6.90723
-6.90971
-6.91165
-6.90964
-6.90696
-6.90191
-6.89833
-6.89639
-6.89561
-6.90003
-6.90438
-6.91263
-6.92252
-6.92889
-6.93467
-6.93719
-6.93691
-6.93442
-6.92618
-6.91934
-6.90906
-6.90339
-6.8952
-6.89204
-6.88838
-6.88521
-6.88529
-6.8862
-6.89274
-6.90441
-6.91696
-6.93323
-6.94762
-6.95965
-6.9702
-6.97654
-6.97958
-6.97638
-6.96873
-6.95681
-6.94225
-6.92642
-6.90965
-6.89706
-6.88798
-6.88183
-6.87581
-6.87704
-6.88222
-6.89137
-6.90438
-6.91945
-6.93868
-6.95302
-6.96726
-6.97418
-6.98267
-6.98992
-6.99302
-6.99305
-6.99471
-6.99701
-6.9918
-6.98788
-6.97975
-6.96729
-6.95542
-6.94254
-6.92553
-6.90725
-6.88785
-6.86851
-6.8534
-6.84346
-6.83439
-6.83284
-6.83575
-6.84535
-6.85732
-6.87214
-6.8884
-6.90221
-6.91035
-6.91935
-6.92623
-6.93108
-6.93699
-6.94614
-6.95729
-6.96978
-6.97998
-6.98926
-6.99011
-6.98599
-6.9779
-6.96946
-6.95932
-6.95142
-6.94158
-6.934
-6.92939
-6.92381
-6.92133
-6.91704
-6.92009
-6.92081
-6.92209
-6.92516
-6.92822
-6.92717
-6.92724
-6.92346
-6.91896
-6.90914
-6.90113
-6.88747
-6.86908
-6.84676
-6.82077
-6.7985
-6.78036
-6.76834
-6.76108
-6.76017
-6.76185
-6.76184
-6.75889
-6.75552
-6.74303
-6.73072
-6.71657
-6.70446
-6.69509
-6.6934
-6.69956
-6.71292
-6.72855
-6.7443
-6.76085
-6.77646
-6.79306
-6.80921
-6.82517
-6.83726
-6.84185
-6.84009
-6.83116
-6.81883
-6.80772
-6.79101
-6.77763
-6.76553
-6.75412
-6.74426
-6.73618
-6.72935
-6.71725
-6.70128
-6.68868
-6.67455
-6.66048
-6.64916
-6.64551
-6.64325
-6.64948
-6.66211
-6.68334
-6.71285
-6.74322
-6.77105
-6.79943
-6.82042
-6.83847
-6.85485
-6.86973
-6.88427
-6.89565
-6.90375
-6.91264
-6.91654
-6.91873
-6.91561
-6.91046
-6.90341
-6.89149
-6.88221
-6.87391
-6.86428
-6.85223
-6.83733
-6.81816
-6.79485
-6.76747
-6.73818
-6.70703
-6.68049
-6.65866
-6.64447
-6.63505
-6.63294
-6.63545
-6.64357
-6.65538
-6.66687
-6.67815
-6.68688
-6.69889
-6.70874
-6.71887
-6.73646
-6.7556
-6.778
-6.80161
-6.82408
-6.84411
-6.86092
-6.86883
-6.8696
-6.86462
-6.85504
-6.84202
-6.82905
-6.81241
-6.79659
-6.77961
-6.76357
-6.75114
-6.74232
-6.74059
-6.74325
-6.75182
-6.76357
-6.77574
-6.78841
-6.79976
-6.80399
-6.8033
-6.79802
-6.78871
-6.77769
-6.76331
-6.75044
-6.73717
-6.72103
-6.70759
-6.69865
-6.68929
-6.68601
-6.68504
-6.68903
-6.69408
-6.70103
-6.71382
-6.7239
-6.73598
-6.7487
-6.76069
-6.7734
-6.78929
-6.80556
-6.82395
-6.84031
-6.85244
-6.86371
-6.87372
-6.87765
-6.8803
-6.87675
-6.87273
-6.86619
-6.85737
-6.84592
-6.83033
-6.81092
-6.78433
-6.75224
-6.72218
-6.69525
-6.672
-6.657
-6.65026
-6.65415
-6.66654
-6.68156
-6.70504
-6.7305
-6.75495
-6.77908
-6.79759
-6.80985
-6.8152
-6.81616
-6.81241
-6.80873
-6.8074
-6.80575
-6.80679
-6.80929
-6.81456
-6.8152
-6.81876
-6.81969
-6.82117
-6.82137
-6.8208
-6.81663
-6.80892
-6.80031
-6.78948
-6.7758
-6.75733
-6.74216
-6.72395
-6.7086
-6.69603
-6.6872
-6.68258
-6.68116
-6.68474
-6.68842
-6.69337
-6.69527
-6.69848
-6.70512
-6.71835
-6.73252
-6.751
-6.76723
-6.78459
-6.80084
-6.81602
-6.83032
-6.84412
-6.85763
-6.86963
-6.87855
-6.88188
-6.88076
-6.87121
-6.85596
-6.83864
-6.82232
-6.80474
-6.78837
-6.7745
-6.7649
-6.75734
-6.74873
-6.74076
-6.73487
-6.72992
-6.72826
-6.73228
-6.74111
-6.75902
-6.78124
-6.80877
-6.832
-6.84396
-6.8478
-6.84098
-6.82391
-6.80143
-6.77914
-6.76034
-6.75408
-6.7602
-6.77163
-6.78893
-6.80341
-6.81593
-6.82484
-6.82793
-6.82406
-6.81711
-6.80746
-6.79727
-6.78865
-6.78144
-6.77637
-6.77182
-6.76724
-6.76844
-6.7697
-6.76964
-6.77166
-6.77189
-6.77411
-6.77718
-6.78004
-6.78023
-6.77791
-6.77339
-6.76922
-6.76222
-6.7529
-6.74339
-6.73337
-6.72695
-6.72529
-6.72499
-6.7316
-6.74142
-6.7521
-6.7631
-6.77282
-6.78118
-6.7844
-6.78047
-6.77111
-6.75363
-6.73275
-6.71139
-6.68771
-6.66713
-6.6554
-6.65359
-6.65684
-6.67067
-6.69204
-6.71843
-6.74527
-6.77039
-6.7977
-6.82109
-6.83762
-6.84812
-6.85213
-6.8485
-6.84365
-6.83453
-6.82412
-6.81632
-6.80717
-6.80098
-6.79288
-6.78499
-6.77848
-6.77584
-6.7733
-6.77439
-6.78194
-6.78903
-6.79583
-6.79826
-6.80223
-6.80385
-6.79881
-6.797
-6.79679
-6.79936
-6.80305
-6.80619
-6.80835
-6.80716
-6.80315
-6.79171
-6.77453
-6.7559
-6.73582
-6.71301
-6.69162
-6.67266
-6.65765
-6.64916
-6.65275
-6.66573
-6.68872
-6.71685
-6.74781
-6.77663
-6.8028
-6.8196
-6.83014
-6.83392
-6.83047
-6.82198
-6.80942
-6.79186
-6.77607
-6.7617
-6.75018
-6.74442
-6.73923
-6.73435
-6.72477
-6.72111
-6.71939
-6.72282
-6.73127
-6.74683
-6.76515
-6.78812
-6.81002
-6.82439
-6.83155
-6.82746
-6.81494
-6.79401
-6.76796
-6.74693
-6.72795
-6.71694
-6.71468
-6.72044
-6.73232
-6.74424
-6.7539
-6.76247
-6.76679
-6.76922
-6.76924
-6.76757
-6.76835
-6.76836
-6.77432
-6.7802
-6.78743
-6.79439
-6.79702
-6.79744
-6.79477
-6.79131
-6.78596
-6.78201
-6.77643
-6.7716
-6.76865
-6.76865
-6.76835
-6.76995
-6.77256
-6.77502
-6.77553
-6.77287
-6.77
-6.76706
-6.76233
-6.75726
-6.75039
-6.74226
-6.73358
-6.72672
-6.72096
-6.71485
-6.71293
-6.71119
-6.71117
-6.71321
-6.7186
-6.72446
-6.73307
-6.74382
-6.75489
-6.76213
-6.76923
-6.77244
-6.77543
-6.77477
-6.77817
-6.78392
-6.79002
-6.80147
-6.81637
-6.82908
-6.84353
-6.84963
-6.85385
-6.84927
-6.84017
-6.82778
-6.81159
-6.79574
-6.77636
-6.75689
-6.73816
-6.71931
-6.70149
-6.68273
-6.66995
-6.66189
-6.65991
-6.66606
-6.67674
-6.69555
-6.72115
-6.74442
-6.77231
-6.79839
-6.82421
-6.84797
-6.86265
-6.87141
-6.87234
-6.86516
-6.85502
-6.8405
-6.82588
-6.8104
-6.79814
-6.78942
-6.78444
-6.78475
-6.78876
-6.7952
-6.80394
-6.80781
-6.81084
-6.80726
-6.79823
-6.78512
-6.77212
-6.75722
-6.74333
-6.73199
-6.72698
-6.72553
-6.72878
-6.73645
-6.74185
-6.75005
-6.76129
-6.7727
-6.78349
-6.79123
-6.79402
-6.79444
-6.78572
-6.77508
-6.76246
-6.75033
-6.74022
-6.73106
-6.72676
-6.72351
-6.72445
-6.72712
-6.73094
-6.74047
-6.7486
-6.757
-6.76808
-6.77642
-6.78841
-6.79689
-6.80497
-6.81017
-6.81491
-6.81747
-6.81894
-6.81724
-6.81131
-6.79933
-6.78348
-6.76186
-6.73807
-6.71365
-6.69365
-6.67933
-6.6765
-6.68495
-6.70481
-6.73556
-6.77
-6.80622
-6.83751
-6.86266
-6.8788
-6.88385
-6.87942
-6.86077
-6.83659
-6.80954
-6.78708
-6.76546
-6.74991
-6.74028
-6.73834
-6.74162
-6.75012
-6.76108
-6.77827
-6.79313
-6.80901
-6.82488
-6.83628
-6.84597
-6.85201
-6.85232
-6.84491
-6.83017
-6.80871
-6.78074
-6.74556
-6.71228
-6.68333
-6.65979
-6.64617
-6.63802
-6.63734
-6.64724
-6.66507
-6.68815
-6.71528
-6.745
-6.77472
-6.80159
-6.82435
-6.83986
-6.84942
-6.84973
-6.846
-6.83876
-6.82629
-6.81481
-6.8013
-6.78706
-6.77469
-6.7629
-6.74928
-6.73893
-6.73018
-6.72524
-6.72567
-6.73281
-6.74483
-6.76087
-6.78004
-6.80123
-6.82031
-6.83282
-6.84076
-6.83934
-6.83099
-6.82008
-6.80666
-6.79383
-6.78099
-6.7697
-6.75725
-6.7469
-6.73698
-6.72754
-6.71784
-6.70722
-6.70315
-6.69947
-6.69721
-6.69606
-6.69798
-6.70344
-6.70868
-6.71807
-6.73465
-6.74847
-6.75971
-6.76617
-6.76863
-6.76475
-6.75929
-6.7512
-6.74454
-6.74207
-6.73966
-6.73999
-6.73733
-6.73587
-6.73514
-6.73389
-6.73348
-6.73508
-6.73766
-6.74401
-6.75298
-6.76834
-6.78298
-6.79806
-6.81339
-6.82622
-6.83353
-6.83509
-6.83363
-6.83253
-6.82603
-6.81526
-6.80483
-6.78991
-6.77632
-6.76112
-6.74512
-6.7358
-6.72513
-6.71885
-6.71414
-6.71001
-6.70919
-6.70502
-6.70614
-6.70771
-6.71172
-6.71862
-6.73058
-6.74982
-6.77963
-6.81762
-6.85235
-6.88463
-6.90913
-6.92316
-6.92862
-6.92027
-6.90499
-6.87935
-6.85024
-6.82253
-6.79907
-6.78151
-6.77138
-6.7696
-6.77361
-6.77739
-6.78182
-6.78473
-6.78047
-6.77204
-6.76014
-6.74696
-6.73416
-6.72272
-6.71308
-6.71053
-6.71159
-6.71774
-6.72506
-6.73564
-6.74598
-6.75425
-6.76101
-6.76295
-6.761
-6.75249
-6.74037
-6.72493
-6.70488
-6.6841
-6.66481
-6.65076
-6.64295
-6.64524
-6.65667
-6.67957
-6.70954
-6.74278
-6.77557
-6.8067
-6.83211
-6.85158
-6.86333
-6.87245
-6.87752
-6.88351
-6.88682
-6.88828
-6.88298
-6.87814
-6.87087
-6.86588
-6.8607
-6.85936
-6.85669
-6.85672
-6.85367
-6.85191
-6.84623
-6.83664
-6.82892
-6.81463
-6.79865
-6.77958
-6.76195
-6.74474
-6.73113
-6.72108
-6.71861
-6.72109
-6.72642
-6.73448
-6.74412
-6.74972
-6.75051
-6.74324
-6.73067
-6.7108
-6.68861
-6.66799
-6.65056
-6.6396
-6.63361
-6.63348
-6.63876
-6.64983
-6.66665
-6.68781
-6.71511
-6.7415
-6.76672
-6.78522
-6.79374
-6.79446
-6.78503
-6.77009
-6.75302
-6.73643
-6.72869
-6.72859
-6.7345
-6.74702
-6.76706
-6.78976
-6.81023
-6.83217
-6.85006
-6.86558
-6.87657
-6.88264
-6.89073
-6.89293
-6.89962
-6.90471
-6.90433
-6.90064
-6.89801
-6.89225
-6.88054
-6.86842
-6.85628
-6.84184
-6.82388
-6.8069
-6.78841
-6.77008
-6.75603
-6.74877
-6.74824
-6.75348
-6.76517
-6.78073
-6.79002
-6.79612
-6.79585
-6.78959
-6.77755
-6.7603
-6.74274
-6.72556
-6.71267
-6.70691
-6.70817
-6.71257
-6.71718
-6.721
-6.71642
-6.70927
-6.69692
-6.68618
-6.67421
-6.66695
-6.6623
-6.664
-6.67694
-6.69437
-6.71454
-6.7345
-6.75364
-6.77229
-6.78501
-6.79374
-6.79708
-6.79303
-6.78654
-6.77889
-6.77116
-6.76168
-6.7565
-6.75394
-6.75988
-6.76927
-6.78299
-6.79934
-6.81554
-6.82479
-6.82568
-6.81968
-6.8081
-6.79101
-6.77608
-6.76366
-6.75696
-6.75604
-6.76354
-6.78242
-6.8063
-6.83078
-6.85199
-6.86817
-6.87839
-6.87888
-6.87085
-6.85657
-6.83821
-6.81612
-6.79623
-6.77834
-6.76496
-6.75879
-6.75081
-6.74488
-6.73892
-6.72874
-6.71607
-6.70032
-6.68749
-6.67711
-6.67363
-6.67453
-6.68438
-6.70145
-6.72009
-6.73986
-6.75442
-6.76682
-6.77443
-6.77465
-6.7697
-6.75923
-6.74678
-6.73782
-6.73571
-6.74453
-6.75706
-6.77247
-6.79461
-6.81554
-6.83486
-6.84774
-6.85267
-6.84278
-6.82505
-6.80055
-6.77424
-6.74752
-6.72585
-6.71111
-6.70522
-6.71223
-6.72937
-6.75248
-6.77917
-6.80861
-6.83456
-6.86028
-6.87879
-6.89144
-6.89605
-6.89426
-6.88931
-6.8786
-6.86783
-6.85414
-6.83551
-6.81397
-6.79002
-6.76586
-6.7442
-6.72608
-6.71356
-6.70561
-6.70105
-6.70178
-6.70239
-6.70609
-6.71071
-6.71841
-6.72172
-6.72138
-6.72041
-6.71581
-6.71294
-6.71402
-6.71629
-6.72326
-6.7294
-6.73341
-6.73849
-6.74373
-6.74677
-6.75178
-6.75819
-6.76379
-6.76924
-6.77725
-6.78023
-6.78197
-6.78074
-6.77631
-6.77236
-6.77139
-6.77602
-6.78748
-6.80585
-6.8268
-6.84422
-6.85765
-6.86368
-6.86021
-6.84589
-6.82041
-6.79223
-6.76032
-6.72705
-6.69913
-6.67896
-6.66972
-6.66809
-6.67764
-6.69232
-6.70623
-6.71702
-6.7227
-6.72488
-6.72433
-6.72089
-6.71899
-6.71971
-6.72331
-6.7284
-6.73686
-6.7454
-6.75233
-6.76808
-6.78342
-6.80103
-6.82181
-6.84626
-6.86345
-6.87379
-6.8712
-6.8586
-6.83383
-6.7981
-6.75709
-6.71624
-6.68099
-6.66172
-6.65187
-6.65639
-6.67437
-6.70098
-6.73114
-6.76322
-6.78753
-6.80497
-6.81614
-6.81798
-6.81391
-6.80641
-6.79589
-6.78335
-6.7676
-6.75087
-6.73192
-6.71031
-6.68855
-6.67109
-6.65767
-6.64963
-6.64949
-6.6589
-6.67828
-6.70128
-6.73288
-6.76575
-6.79841
-6.82586
-6.84701
-6.8595
-6.86514
-6.865
-6.85574
-6.84574
-6.83067
-6.81506
-6.79539
-6.77425
-6.75272
-6.72765
-6.70763
-6.68598
-6.67061
-6.66142
-6.65788
-6.66082
-6.67058
-6.68039
-6.69016
-6.70195
-6.70927
-6.7162
-6.72129
-6.72521
-6.72901
-6.7325
-6.735
-6.73524
-6.7346
-6.72925
-6.72012
-6.70822
-6.69613
-6.68475
-6.68193
-6.68364
-6.69353
-6.71003
-6.72984
-6.75127
-6.77215
-6.79449
-6.81246
-6.82528
-6.83659
-6.84209
-6.84113
-6.83593
-6.82705
-6.81515
-6.79973
-6.77941
-6.76309
-6.74648
-6.73472
-6.72597
-6.71984
-6.71602
-6.71209
-6.71406
-6.7192
-6.72753
-6.73683
-6.74197
-6.74796
-6.74444
-6.7404
-6.72935
-6.71885
-6.71
-6.70202
-6.69532
-6.69325
-6.68986
-6.68624
-6.68423
-6.67861
-6.67504
-6.67704
-6.68242
-6.68714
-6.69208
-6.70167
-6.71628
-6.73278
-6.75091
-6.77375
-6.80443
-6.83083
-6.85751
-6.87932
-6.89326
-6.90007
-6.89963
-6.89038
-6.87208
-6.85536
-6.83634
-6.81785
-6.79798
-6.77748
-6.75684
-6.73924
-6.72553
-6.71623
-6.7112
-6.7146
-6.72325
-6.73737
-6.75489
-6.7755
-6.79228
-6.8083
-6.81707
-6.8182
-6.81344
-6.80258
-6.78294
-6.7609
-6.73691
-6.71212
-6.6912
-6.66981
-6.65486
-6.64552
-6.64141
-6.64677
-6.65878
-6.67849
-6.70454
-6.72928
-6.74926
-6.76517
-6.77235
-6.76849
-6.75699
-6.73801
-6.71783
-6.69973
-6.68822
-6.68462
-6.68844
-6.70091
-6.71779
-6.73826
-6.75975
-6.77778
-6.79605
-6.80965
-6.8195
-6.82582
-6.8318
-6.83931
-6.84417
-6.84413
-6.84296
-6.83795
-6.82928
-6.82033
-6.80931
-6.79666
-6.78095
-6.7676
-6.75587
-6.74221
-6.7308
-6.72081
-6.71493
-6.71407
-6.71661
-6.72452
-6.7312
-6.73662
-6.74681
-6.75501
-6.76205
-6.76654
-6.77177
-6.78074
-6.78809
-6.79358
-6.7979
-6.80188
-6.804
-6.80148
-6.7949
-6.78624
-6.77854
-6.76947
-6.75935
-6.7502
-6.73832
-6.72719
-6.71902
-6.71209
-6.70323
-6.6941
-6.68824
-6.68356
-6.67719
-6.67802
-6.68281
-6.6888
-6.70227
-6.71536
-6.73438
-6.75347
-6.77102
-6.78958
-6.80176
-6.80647
-6.80453
-6.79437
-6.77948
-6.76189
-6.74508
-6.72894
-6.71779
-6.7165
-6.72142
-6.73014
-6.74093
-6.75422
-6.76718
-6.77813
-6.78664
-6.79477
-6.79923
-6.80172
-6.8015
-6.80029
-6.79535
-6.78908
-6.77813
-6.76409
-6.74532
-6.72522
-6.70735
-6.69462
-6.68926
-6.68838
-6.69653
-6.71002
-6.72912
-6.74998
-6.77437
-6.79897
-6.81896
-6.83213
-6.83539
-6.8334
-6.82129
-6.80311
-6.78181
-6.75644
-6.73181
-6.7103
-6.69618
-6.68907
-6.69074
-6.6983
-6.71187
-6.72297
-6.72934
-6.7294
-6.72285
-6.71637
-6.7086
-6.70084
-6.69859
-6.70096
-6.70862
-6.72061
-6.73522
-6.75212
-6.76657
-6.77813
-6.78388
-6.7825
-6.77818
-6.76198
-6.74743
-6.73099
-6.72066
-6.71257
-6.71349
-6.71838
-6.73231
-6.75033
-6.77278
-6.79443
-6.81342
-6.82668
-6.83861
-6.8432
-6.84489
-6.84863
-6.84486
-6.84249
-6.8348
-6.8241
-6.81026
-6.79116
-6.76701
-6.7398
-6.71543
-6.69004
-6.6701
-6.65601
-6.65276
-6.65671
-6.671
-6.69128
-6.71661
-6.74057
-6.75979
-6.7717
-6.7739
-6.77003
-6.75781
-6.74655
-6.7355
-6.73096
-6.73475
-6.74379
-6.75571
-6.77014
-6.78294
-6.78979
-6.78869
-6.7824
-6.77447
-6.76608
-6.76149
-6.76329
-6.76736
-6.77136
-6.77487
-6.77393
-6.76685
-6.75974
-6.75241
-6.7481
-6.7486
-6.75015
-6.75342
-6.75913
-6.76503
-6.77291
-6.77806
-6.78095
-6.77818
-6.76941
-6.76057
-6.74653
-6.73095
-6.71338
-6.70238
-6.69976
-6.70206
-6.71608
-6.73435
-6.7541
-6.77351
-6.79149
-6.80194
-6.80509
-6.79969
-6.78562
-6.76438
-6.74197
-6.71863
-6.69733
-6.68622
-6.68594
-6.6972
-6.72137
-6.75173
-6.78645
-6.82078
-6.84973
-6.87001
-6.8807
-6.88162
-6.87438
-6.85857
-6.83434
-6.807
-6.77886
-6.75568
-6.73434
-6.71794
-6.70907
-6.70128
-6.69966
-6.69961
-6.70247
-6.70889
-6.71657
-6.72767
-6.7383
-6.74862
-6.75498
-6.75911
-6.75671
-6.75253
-6.74551
-6.7367
-6.73523
-6.7372
-6.74483
-6.75787
-6.78091
-6.80524
-6.82917
-6.84551
-6.85264
-6.84359
-6.81626
-6.77835
-6.73459
-6.69523
-6.66506
-6.65145
-6.65461
-6.6714
-6.69696
-6.72585
-6.75246
-6.77273
-6.78708
-6.79541
-6.79134
-6.77779
-6.75622
-6.7305
-6.70634
-6.68511
-6.66867
-6.66046
-6.65954
-6.66447
-6.67559
-6.68945
-6.7104
-6.73188
-6.75932
-6.792
-6.82895
-6.86365
-6.89236
-6.91303
-6.92732
-6.92667
-6.91324
-6.88798
-6.85342
-6.8148
-6.77302
-6.73671
-6.70875
-6.69618
-6.69391
-6.70794
-6.73141
-6.75972
-6.79068
-6.8163
-6.83728
-6.85
-6.85656
-6.8556
-6.84458
-6.82619
-6.79838
-6.76286
-6.72863
-6.68827
-6.65625
-6.62358
-6.59808
-6.5781
-6.56228
-6.54748
-6.53666
-6.53135
-6.52987
-6.53111
-6.53833
-6.55387
-6.5783
-6.61179
-6.65143
-6.69611
-6.74271
-6.78713
-6.82869
-6.85988
-6.88194
-6.89263
-6.89199
-6.88651
-6.8758
-6.86231
-6.84713
-6.83287
-6.82088
-6.81283
-6.80571
-6.80335
-6.8026
-6.80561
-6.81022
-6.81248
-6.81226
-6.81131
-6.80611
-6.80278
-6.79549
-6.78824
-6.78253
-6.78103
-6.78202
-6.7828
-6.7825
-6.78303
-6.78234
-6.77577
-6.76949
-6.75719
-6.742
-6.72452
-6.70796
-6.69101
-6.67864
-6.66961
-6.66649
-6.66663
-6.66872
-6.67739
-6.68724
-6.69589
-6.70522
-6.71581
-6.72154
-6.72621
-6.73019
-6.72991
-6.73119
-6.73157
-6.73169
-6.73256
-6.7343
-6.73447
-6.73289
-6.73112
-6.73052
-6.72694
-6.72131
-6.71272
-6.70047
-6.68586
-6.67125
-6.66383
-6.66007
-6.66641
-6.68025
-6.7025
-6.72946
-6.75844
-6.78463
-6.80844
-6.82179
-6.83188
-6.83171
-6.82691
-6.81804
-6.80408
-6.79081
-6.77656
-6.76887
-6.76673
-6.77144
-6.78467
-6.80213
-6.82414
-6.84591
-6.86009
-6.8725
-6.87773
-6.87696
-6.86656
-6.85016
-6.83122
-6.8078
-6.78476
-6.76248
-6.74339
-6.7256
-6.71058
-6.69626
-6.68222
-6.67127
-6.66579
-6.65934
-6.65638
-6.65866
-6.66608
-6.68
-6.69143
-6.70624
-6.71927
-6.73187
-6.73935
-6.7481
-6.75297
-6.75462
-6.75156
-6.74548
-6.7384
-6.72549
-6.71147
-6.69601
-6.67893
-6.6614
-6.64423
-6.63318
-6.62817
-6.63457
-6.64742
-6.66807
-6.69248
-6.71939
-6.7431
-6.76416
-6.77781
-6.78626
-6.78813
-6.7823
-6.77034
-6.75675
-6.74474
-6.73867
-6.7403
-6.75123
-6.76774
-6.79045
-6.8166
-6.84372
-6.86571
-6.88153
-6.89052
-6.89509
-6.89101
-6.8774
-6.86305
-6.84263
-6.82073
-6.79862
-6.7804
-6.7638
-6.74916
-6.73877
-6.73721
-6.73843
-6.7435
-6.74623
-6.74742
-6.74628
-6.74158
-6.73249
-6.72226
-6.71397
-6.70594
-6.69738
-6.69311
-6.6892
-6.69334
-6.69996
-6.71355
-6.73334
-6.75328
-6.77481
-6.79166
-6.80114
-6.80286
-6.79277
-6.77919
-6.75693
-6.73113
-6.70689
-6.68396
-6.66712
-6.65279
-6.6468
-6.64687
-6.65215
-6.66515
-6.68399
-6.70663
-6.72481
-6.73857
-6.74459
-6.74173
-6.73145
-6.71963
-6.70556
-6.69398
-6.68621
-6.68503
-6.6917
-6.70047
-6.71536
-6.72794
-6.74196
-6.75559
-6.76583
-6.78003
-6.79075
-6.80507
-6.8217
-6.8418
-6.86403
-6.88586
-6.90443
-6.91588
-6.92247
-6.92072
-6.91112
-6.89464
-6.87311
-6.84535
-6.81426
-6.77922
-6.74815
-6.72398
-6.7022
-6.69231
-6.68963
-6.69201
-6.69919
-6.70723
-6.71567
-6.72273
-6.72569
-6.72364
-6.71948
-6.71288
-6.70196
-6.69026
-6.68186
-6.67574
-6.67417
-6.67828
-6.68821
-6.70052
-6.71647
-6.73187
-6.74612
-6.75671
-6.76275
-6.76646
-6.76459
-6.75994
-6.75443
-6.74632
-6.73513
-6.72894
-6.72184
-6.71959
-6.71962
-6.72199
-6.72536
-6.73057
-6.73557
-6.73798
-6.73629
-6.7308
-6.72736
-6.72581
-6.72559
-6.72675
-6.73048
-6.73949
-6.74971
-6.75824
-6.76915
-6.78134
-6.78949
-6.79809
-6.80711
-6.81001
-6.81003
-6.8107
-6.81572
-6.82246
-6.83337
-6.8416
-6.84623
-6.85104
-6.85255
-6.8489
-6.83912
-6.8266
-6.80953
-6.78182
-6.7514
-6.71939
-6.69078
-6.66558
-6.64894
-6.63908
-6.63432
-6.63401
-6.63889
-6.6481
-6.65692
-6.66941
-6.68434
-6.69889
-6.71311
-6.72698
-6.74221
-6.75464
-6.76704
-6.78046
-6.79267
-6.81012
-6.83116
-6.84776
-6.85986
-6.8647
-6.86005
-6.84593
-6.82188
-6.7934
-6.76134
-6.72514
-6.69288
-6.6691
-6.65332
-6.64849
-6.65534
-6.67239
-6.69273
-6.71502
-6.73381
-6.75012
-6.76177
-6.77131
-6.77763
-6.77694
-6.77629
-6.77061
-6.76062
-6.7504
-6.73975
-6.73287
-6.73194
-6.74353
-6.75889
-6.77487
-6.7886
-6.80156
-6.80566
-6.80727
-6.80457
-6.7943
-6.78088
-6.76702
-6.75135
-6.73833
-6.729
-6.72205
-6.71488
-6.71056
-6.71
-6.71034
-6.71444
-6.7196
-6.72491
-6.72983
-6.73661
-6.74412
-6.74949
-6.75569
-6.76164
-6.76879
-6.77633
-6.78121
-6.78576
-6.7897
-6.79869
-6.81088
-6.82316
-6.83899
-6.85717
-6.86993
-6.88118
-6.88253
-6.87395
-6.85569
-6.82619
-6.78648
-6.74594
-6.70821
-6.68111
-6.66761
-6.66072
-6.65842
-6.65711
-6.65529
-6.65441
-6.65367
-6.6563
-6.66076
-6.66868
-6.67844
-6.69131
-6.70533
-6.72049
-6.73338
-6.7479
-6.76435
-6.77518
-6.78509
-6.79277
-6.79218
-6.78894
-6.77804
-6.76724
-6.75507
-6.73989
-6.72888
-6.72297
-6.71998
-6.71678
-6.71632
-6.71704
-6.716
-6.71778
-6.72223
-6.72801
-6.73811
-6.75489
-6.77651
-6.79657
-6.81171
-6.82335
-6.82797
-6.82677
-6.82214
-6.81516
-6.79848
-6.77437
-6.74269
-6.70878
-6.67789
-6.64868
-6.6331
-6.62817
-6.63522
-6.65369
-6.67546
-6.70008
-6.72044
-6.73836
-6.74557
-6.74999
-6.74647
-6.73873
-6.72702
-6.71238
-6.69936
-6.68454
-6.6738
-6.66218
-6.65407
-6.65192
-6.65025
-6.65591
-6.66791
-6.6846
-6.70618
-6.72889
-6.75303
-6.77359
-6.79066
-6.80169
-6.80425
-6.80121
-6.79171
-6.77465
-6.75557
-6.73115
-6.70796
-6.68734
-6.67086
-6.65739
-6.64573
-6.64059
-6.63904
-6.64426
-6.65744
-6.67852
-6.70382
-6.73465
-6.76242
-6.78678
-6.80633
-6.81895
-6.82429
-6.82006
-6.81078
-6.80179
-6.7842
-6.76946
-6.75881
-6.75234
-6.7505
-6.74963
-6.75029
-6.74852
-6.74016
-6.73119
-6.72079
-6.70654
-6.69442
-6.68282
-6.67697
-6.67583
-6.67817
-6.68642
-6.69029
-6.69607
-6.69563
-6.68988
-6.67509
-6.66053
-6.64543
-6.63602
-6.63445
-6.64017
-6.65374
-6.66876
-6.68722
-6.70549
-6.71708
-6.72289
-6.72814
-6.73045
-6.73092
-6.73248
-6.73563
-6.74046
-6.74502
-6.7473
-6.74882
-6.7521
-6.75404
-6.75662
-6.75346
-6.75153
-6.74643
-6.73877
-6.73023
-6.71918
-6.70564
-6.68913
-6.6762
-6.66488
-6.65697
-6.65541
-6.66018
-6.67288
-6.69207
-6.7159
-6.73651
-6.75211
-6.76197
-6.76062
-6.75302
-6.73794
-6.71995
-6.7044
-6.69079
-6.68097
-6.68078
-6.69172
-6.70795
-6.7274
-6.74787
-6.76347
-6.7733
-6.77749
-6.77503
-6.77025
-6.76561
-6.75998
-6.75716
-6.75618
-6.75383
-6.75255
-6.75016
-6.74334
-6.73765
-6.72983
-6.71897
-6.70761
-6.69789
-6.69263
-6.69251
-6.69876
-6.70801
-6.72252
-6.73845
-6.75339
-6.76162
-6.76623
-6.76608
-6.76214
-6.75398
-6.74507
-6.73371
-6.72095
-6.70607
-6.6925
-6.67834
-6.66369
-6.65356
-6.65009
-6.65271
-6.6664
-6.69179
-6.72053
-6.75415
-6.78005
-6.79857
-6.8086
-6.81106
-6.80241
-6.78935
-6.77249
-6.75316
-6.73116
-6.71288
-6.69917
-6.69001
-6.68898
-6.69321
-6.70024
-6.70935
-6.71803
-6.7271
-6.73111
-6.72966
-6.72095
-6.70942
-6.69252
-6.67304
-6.64982
-6.62998
-6.61562
-6.61035
-6.6173
-6.6298
-6.64879
-6.66946
-6.6867
-6.70125
-6.71552
-6.7262
-6.73758
-6.74743
-6.75756
-6.76564
-6.77261
-6.77615
-6.77519
-6.77522
-6.76979
-6.76666
-6.76225
-6.75987
-6.76457
-6.7729
-6.7864
-6.80315
-6.82076
-6.83228
-6.84203
-6.84354
-6.83965
-6.82941
-6.81532
-6.79953
-6.78197
-6.76189
-6.74228
-6.72293
-6.70062
-6.67573
-6.65314
-6.63485
-6.62411
-6.61613
-6.61816
-6.62743
-6.64272
-6.66079
-6.67803
-6.6956
-6.71053
-6.72509
-6.73471
-6.74419
-6.74669
-6.74543
-6.74035
-6.73121
-6.71777
-6.70012
-6.68068
-6.66199
-6.64723
-6.63601
-6.63184
-6.63041
-6.63971
-6.6527
-6.66983
-6.68747
-6.70247
-6.71851
-6.72884
-6.7358
-6.74026
-6.73889
-6.73253
-6.72813
-6.72275
-6.72127
-6.7181
-6.72025
-6.72387
-6.73198
-6.74163
-6.75251
-6.7634
-6.77878
-6.7959
-6.81971
-6.84724
-6.87418
-6.8982
-6.91411
-6.92
-6.91165
-6.89438
-6.86461
-6.82691
-6.78263
-6.73497
-6.69022
-6.6509
-6.62365
-6.60636
-6.59594
-6.59952
-6.60541
-6.61244
-6.61903
-6.62627
-6.63746
-6.64379
-6.65268
-6.6602
-6.66965
-6.67499
-6.67758
-6.67397
-6.66755
-6.65819
-6.64561
-6.63112
-6.61769
-6.60699
-6.60338
-6.60447
-6.60795
-6.61454
-6.62168
-6.62835
-6.63279
-6.6437
-6.6595
-6.67793
-6.70163
-6.72854
-6.75411
-6.77883
-6.80173
-6.82308
-6.84208
-6.85392
-6.86146
-6.86118
-6.85313
-6.84086
-6.82185
-6.80232
-6.78436
-6.76897
-6.75526
-6.74541
-6.73377
-6.71751
-6.70337
-6.68598
-6.66923
-6.65875
-6.65711
-6.66424
-6.68043
-6.70124
-6.7291
-6.75902
-6.78408
-6.80554
-6.82442
-6.83162
-6.8263
-6.81334
-6.79354
-6.76704
-6.74119
-6.72182
-6.70182
-6.68697
-6.67977
-6.67284
-6.66959
-6.67076
-6.67305
-6.67699
-6.68202
-6.6849
-6.68932
-6.6963
-6.70128
-6.70485
-6.70852
-6.71309
-6.71402
-6.71533
-6.71537
-6.7136
-6.71112
-6.70732
-6.70188
-6.69881
-6.6925
-6.68823
-6.68171
-6.67586
-6.67654
-6.68269
-6.69319
-6.71151
-6.73613
-6.76627
-6.80142
-6.83618
-6.86806
-6.89119
-6.90393
-6.90362
-6.89122
-6.86515
-6.83155
-6.79405
-6.7544
-6.71584
-6.68442
-6.66152
-6.64291
-6.63215
-6.62866
-6.63148
-6.64409
-6.66779
-6.69932
-6.73336
-6.76497
-6.79066
-6.80403
-6.80673
-6.80156
-6.78869
-6.77129
-6.75322
-6.73579
-6.7168
-6.6996
-6.68121
-6.66517
-6.65362
-6.6518
-6.65779
-6.6716
-6.68773
-6.70827
-6.72884
-6.75003
-6.76928
-6.78641
-6.79788
-6.80532
-6.80503
-6.79702
-6.78519
-6.7671
-6.74905
-6.72593
-6.7062
-6.68455
-6.66766
-6.65122
-6.64243
-6.64196
-6.64452
-6.65569
-6.67124
-6.6897
-6.70534
-6.71921
-6.72624
-6.72823
-6.72633
-6.71747
-6.70753
-6.70083
-6.69657
-6.69618
-6.70284
-6.71569
-6.73114
-6.74997
-6.76665
-6.78146
-6.79393
-6.80564
-6.81108
-6.80925
-6.80201
-6.78599
-6.76309
-6.73674
-6.7081
-6.68338
-6.66595
-6.65489
-6.65001
-6.64705
-6.6451
-6.63979
-6.63396
-6.62919
-6.62755
-6.63027
-6.63728
-6.64578
-6.65671
-6.66867
-6.68015
-6.69499
-6.71287
-6.73242
-6.75519
-6.77672
-6.79686
-6.81525
-6.82983
-6.84455
-6.8519
-6.85609
-6.85391
-6.84679
-6.83267
-6.81323
-6.79179
-6.76764
-6.73973
-6.71161
-6.68626
-6.66392
-6.65264
-6.65136
-6.65557
-6.66726
-6.67995
-6.69231
-6.69975
-6.70193
-6.69968
-6.69571
-6.69474
-6.69441
-6.7002
-6.70984
-6.72261
-6.73789
-6.75128
-6.76166
-6.77122
-6.77565
-6.77554
-6.76684
-6.75382
-6.73729
-6.71993
-6.69872
-6.68
-6.66715
-6.66183
-6.66153
-6.66766
-6.67418
-6.68109
-6.68642
-6.69009
-6.69327
-6.69267
-6.68994
-6.68755
-6.68633
-6.68513
-6.6877
-6.69167
-6.69909
-6.71155
-6.72557
-6.74352
-6.7581
-6.76746
-6.77213
-6.77296
-6.7691
-6.76244
-6.75766
-6.75114
-6.74625
-6.74002
-6.72973
-6.71887
-6.70371
-6.68404
-6.66811
-6.65989
-6.6615
-6.67553
-6.70076
-6.73198
-6.76584
-6.79853
-6.81956
-6.83269
-6.83372
-6.8255
-6.8035
-6.77951
-6.75207
-6.72604
-6.70378
-6.68521
-6.67354
-6.67132
-6.68057
-6.69906
-6.72283
-6.74698
-6.77087
-6.79409
-6.80168
-6.80265
-6.7935
-6.77442
-6.74658
-6.71193
-6.67806
-6.64639
-6.62312
-6.60563
-6.598
-6.59416
-6.59646
-6.60631
-6.62017
-6.63755
-6.66146
-6.68462
-6.7064
-6.7236
-6.73661
-6.7421
-6.74705
-6.75331
-6.76067
-6.77174
-6.78615
-6.79952
-6.81627
-6.83362
-6.84723
-6.85716
-6.86234
-6.86108
-6.85444
-6.83951
-6.81992
-6.79944
-6.77367
-6.74653
-6.71942
-6.68957
-6.65996
-6.63695
-6.62091
-6.61185
-6.611
-6.61902
-6.63301
-6.6498
-6.6664
-6.68587
-6.7011
-6.72073
-6.7385
-6.75434
-6.76888
-6.78419
-6.79346
-6.79596
-6.79065
-6.7827
-6.77004
-6.75601
-6.74411
-6.72694
-6.70969
-6.68963
-6.66648
-6.64551
-6.62674
-6.61047
-6.60555
-6.61221
-6.62676
-6.65464
-6.69206
-6.73433
-6.7748
-6.8089
-6.83487
-6.84973
-6.84941
-6.83369
-6.80472
-6.77052
-6.72953
-6.68623
-6.64602
-6.61323
-6.58599
-6.57199
-6.56625
-6.57292
-6.58788
-6.60743
-6.63019
-6.65085
-6.66809
-6.6811
-6.69028
-6.69185
-6.68997
-6.68586
-6.68236
-6.68719
-6.6978
-6.71734
-6.74072
-6.76536
-6.79071
-6.81656
-6.83754
-6.85537
-6.8677
-6.87163
-6.87119
-6.86406
-6.84645
-6.82341
-6.79482
-6.76681
-6.74361
-6.72398
-6.71463
-6.71322
-6.71351
-6.71524
-6.71871
-6.71907
-6.71867
-6.71859
-6.72196
-6.7256
-6.72872
-6.73189
-6.73415
-6.73699
-6.73574
-6.73441
-6.73442
-6.73319
-6.73258
-6.7266
-6.72298
-6.72182
-6.72275
-6.72426
-6.72669
-6.73087
-6.73815
-6.74686
-6.75106
-6.75384
-6.75264
-6.74491
-6.73045
-6.70723
-6.67909
-6.65023
-6.62185
-6.59727
-6.57839
-6.56898
-6.57082
-6.58868
-6.61678
-6.6509
-6.68621
-6.72063
-6.74854
-6.76792
-6.78294
-6.78853
-6.79071
-6.7895
-6.78315
-6.77816
-6.77131
-6.76358
-6.75481
-6.74796
-6.73935
-6.73112
-6.72051
-6.71127
-6.70531
-6.69692
-6.69377
-6.69313
-6.69853
-6.71115
-6.72646
-6.74129
-6.75457
-6.76316
-6.76739
-6.76734
-6.76028
-6.75177
-6.74554
-6.7411
-6.73688
-6.73581
-6.73401
-6.73187
-6.7299
-6.72462
-6.7171
-6.70652
-6.69555
-6.68719
-6.68366
-6.68219
-6.68541
-6.69494
-6.70669
-6.71583
-6.72219
-6.725
-6.72196
-6.71348
-6.70263
-6.68953
-6.68269
-6.67775
-6.67387
-6.67494
-6.67743
-6.68135
-6.68445
-6.69105
-6.69981
-6.70778
-6.716
-6.72589
-6.73296
-6.73902
-6.74172
-6.73879
-6.73622
-6.72911
-6.71678
-6.70598
-6.69321
-6.67759
-6.65965
-6.64077
-6.62085
-6.5985
-6.57602
-6.56096
-6.55382
-6.56107
-6.5879
-6.63201
-6.68586
-6.74369
-6.80037
-6.8493
-6.88609
-6.90993
-6.91724
-6.91355
-6.89793
-6.86939
-6.83491
-6.79638
-6.75225
-6.71632
-6.68988
-6.67669
-6.67678
-6.68622
-6.70215
-6.7194
-6.7338
-6.73929
-6.7329
-6.7146
-6.68967
-6.65931
-6.6344
-6.61373
-6.60576
-6.6096
-6.62496
-6.64767
-6.67005
-6.69315
-6.71389
-6.72782
-6.73935
-6.75052
-6.76055
-6.77578
-6.79603
-6.81921
-6.84315
-6.86237
-6.87327
-6.877
-6.87632
-6.86674
-6.85132
-6.8347
-6.81628
-6.79285
-6.77155
-6.75202
-6.73306
-6.71338
-6.69469
-6.67499
-6.65893
-6.64576
-6.63527
-6.62825
-6.62088
-6.61502
-6.60886
-6.60591
-6.61002
-6.62148
-6.64198
-6.66455
-6.69164
-6.71936
-6.74408
-6.7621
-6.77658
-6.78649
-6.79159
-6.79119
-6.78424
-6.77364
-6.76278
-6.75356
-6.74143
-6.73001
-6.72077
-6.71458
-6.71237
-6.71661
-6.72622
-6.74327
