0 0.313666 0.00257585
1 1.51708 0.923637
2 1.87788 0.937674
3 -0.161062 1.0686
4 0.603786 1.02716
5 -0.417558 1.46012
6 2.03373 1.27754
7 1.61341 0.983353
8 0.813081 1.14016
9 -0.395889 0.994628
10 1.98314 1.06747
11 0.92426 1.24333
12 0.659316 0.915191
13 -0.732979 0.98941
14 -0.405887 0.998374
15 1.56525 0.859134
16 -1.28881 1.0136
17 2.00505 1.18222
18 -0.67705 0.929737
19 0.87039 1.09941
20 0.0945164 1.04691
21 2.53441 0.96665
22 0.468194 1.11141
23 1.28262 0.94322
24 -0.690824 0.653587
25 0.200457 0.837313
26 1.54614 1.13454
27 0.331834 0.84859
28 0.749412 1.03106
29 0.639837 0.86604
30 -0.433729 0.696845
31 -0.824951 0.785657
32 1.34484 0.960843
33 0.869284 1.04809
34 -1.55479 0.775346
35 0.264962 1.16987
36 0.905781 0.959592
37 -0.963679 0.951476
38 1.9228 0.6824
39 -0.147602 0.972622
40 -0.287746 0.687005
41 0.827208 0.817012
42 1.19834 0.844873
43 0.837054 0.889903
44 1.85622 1.20178
45 -0.949152 1.04693
46 2.31717 0.872315
47 -1.65692 0.852552
48 0.250568 0.854612
49 -1.08422 0.752805
50 -0.674032 0.813129
51 -0.320198 1.10387
52 -1.58593 0.879178
53 0.83783 1.03251
54 -0.158262 0.99972
55 -1.51994 0.95048
56 -0.203802 0.519639
57 1.10731 0.839509
58 0.349295 0.944632
59 0.462978 0.87591
60 1.62065 1.13773
61 2.62764 1.06808
62 1.62528 1.02098
63 -0.98248 0.758472
64 0.293626 0.813032
65 1.33909 0.889994
66 -0.226346 0.935816
67 0.0284028 0.892237
68 1.12202 0.963031
69 1.24437 0.994843
70 0.042855 0.946468
71 -0.387055 0.870897
72 -0.144605 0.968164
73 -0.0884845 0.667218
74 -0.0730242 0.736774
75 -0.741619 0.79821
76 -0.00382243 0.556419
77 0.450739 0.854947
78 -0.505415 0.960675
79 -0.361873 1.00026
80 0.359661 0.764066
81 0.103724 0.824144
82 1.38701 1.07563
83 0.207056 0.848684
84 -0.441906 0.675676
85 -0.511014 1.1197
86 1.05006 1.10711
87 0.0144345 0.804991
88 -0.666183 1.05113
89 -0.0340559 0.779317
90 -0.429362 0.881815
91 -1.54181 0.855128
92 0.723073 0.952751
93 0.598535 0.983758
94 0.638985 0.841079
95 -0.775063 0.835603
96 0.0337088 0.706987
97 2.69341 1.11267
98 0.868107 0.717742
99 0.0821159 0.871147
100 0.867604 0.924181
101 0.767467 1.28717
102 -0.182613 1.09203
103 1.57627 0.713274
104 0.685766 0.805334
105 0.49111 1.05619
106 0.14952 0.95756
107 0.973875 0.952492
108 0.62102 0.90565
109 0.524298 1.02829
110 -0.0339693 0.886359
111 -1.15513 0.84973
112 -0.632841 1.04408
113 1.66231 0.907896
114 0.790873 0.849405
115 0.410458 0.999844
116 0.216175 1.25699
117 1.5093 0.764725
118 0.753836 1.01071
119 1.9566 0.867541
120 0.371615 0.721781
121 -0.00505082 0.740022
122 0.191001 0.880984
123 0.238009 0.860102
124 1.21863 0.781382
125 0.105572 0.814749
126 2.75646 0.959386
127 -1.27352 0.904201
128 -0.611577 0.606125
129 0.946664 0.828333
130 1.00461 0.8382
131 -1.5122 1.12367
132 1.68717 0.908985
133 0.83781 0.951357
134 1.43505 1.01053
135 0.0761278 0.968899
136 1.61319 0.928157
137 0.306112 0.927352
138 -0.421675 0.959378
139 -1.12743 0.880052
140 1.16082 0.905092
141 -1.11303 0.983152
142 -0.156689 1.01212
143 -1.92943 1.05536
144 0.874408 0.961841
145 0.127884 0.75924
146 0.0218323 0.797143
147 1.46864 0.911376
148 -0.278013 0.793506
149 -0.292296 0.859966
150 0.468075 0.971692
151 -1.62812 1.16212
152 0.599622 0.807953
153 -0.208107 1.10024
154 0.271519 0.670514
155 1.20277 0.848814
156 -0.578583 0.974777
157 0.0774978 1.03314
158 0.293016 0.938581
159 0.684532 0.642884
160 0.699876 0.916195
161 -0.992697 1.00651
162 0.21903 0.870544
163 0.0667643 1.10998
164 -0.565643 0.855669
165 -0.301202 0.861749
166 1.0636 0.857615
167 -0.332901 0.751358
168 0.172849 1.03742
169 -0.770244 0.95823
170 0.492036 0.918343
171 -0.739858 0.714938
172 0.0119042 0.828525
173 0.677689 0.941753
174 -0.507678 1.01122
175 0.470489 1.01859
176 -0.690871 0.943594
177 0.33959 0.832535
178 -0.1384 0.857866
179 -0.548981 0.883798
180 1.28766 0.863344
181 0.872845 0.914757
182 0.415661 1.07242
183 0.444936 1.10199
184 0.798767 0.92724
185 2.76146 1.01297
186 -0.333398 1.06077
187 0.51949 0.999431
188 -0.751991 0.664341
189 1.07895 0.764602
190 0.17912 0.816296
191 -1.01908 0.822184
192 -0.0527134 0.884284
193 0.944031 0.779376
194 -1.50051 1.00937
195 0.700783 0.792937
196 -1.5535 0.817702
197 0.0565324 1.13558
198 1.59077 1.03751
199 0.450464 0.94897
200 -1.48037 0.764475
201 -0.371172 1.05959
202 0.484518 0.958495
203 3.19891 0.795954
204 -0.730673 0.716215
205 1.88631 0.798594
206 -1.17915 0.695511
207 -0.838405 1.09535
208 -0.515168 0.960703
209 2.40056 0.855496
210 -0.987503 0.895927
211 0.289537 1.15614
212 -0.895334 1.08578
213 -1.38882 0.730865
214 1.2373 0.82143
215 1.05897 0.788612
216 1.8206 1.00145
217 2.47889 0.873846
218 0.372751 1.32419
219 0.617525 0.858961
220 0.173942 1.08431
221 0.142644 0.899073
222 -0.0741743 0.812305
223 1.08633 0.894541
224 0.449913 0.941618
225 0.886251 1.4355
226 -0.480844 1.1763
227 0.883858 0.851424
228 -0.860849 0.951735
229 -1.22908 0.878315
230 0.978848 1.06674
231 -0.282093 0.805886
232 0.515828 0.793509
233 0.200216 0.963821
234 1.15993 0.977023
235 -0.408071 0.951352
236 0.429576 0.80864
237 1.9149 0.990946
238 0.748071 1.0987
239 2.07823 0.826939
240 -0.152213 0.783137
241 0.903683 0.837041
242 -0.0182252 1.05031
243 0.0392473 1.14493
244 1.15099 0.616306
245 -0.128737 0.701242
246 0.600767 0.799908
247 -1.93443 0.756647
248 1.86709 0.848526
249 -0.777659 0.624517
250 0.191258 1.0784
251 0.647346 0.809751
252 0.909735 0.779328
253 1.81081 1.00151
254 -1.50635 0.762453
255 -1.19451 1.07467
256 1.73926 1.19774
257 -0.595181 0.747788
258 -0.506478 1.16021
259 0.265291 0.9332
260 0.37818 1.10605
261 -0.58894 0.907092
262 0.178959 1.02131
263 0.464044 0.948096
264 1.6128 1.01433
265 0.952543 0.853731
266 -1.8097 0.879964
267 0.683933 0.811916
268 -1.18941 1.17056
269 1.44119 0.831198
270 -0.338089 0.749812
271 1.95647 1.09045
272 -0.246886 0.91963
273 -1.74559 1.00709
274 -1.11788 1.0329
275 0.17913 1.23424
276 2.21024 0.832184
277 -0.351327 0.911892
278 -0.513207 1.01692
279 0.531968 1.01545
280 1.2672 1.21626
281 2.25632 1.06381
282 -0.092597 1.01419
283 -0.195149 1.01569
284 0.687685 0.717076
285 -0.0873003 0.889706
286 0.996673 0.967781
287 0.279839 0.850876
288 1.68535 0.991189
289 0.652463 1.02351
290 -0.949853 1.08602
291 1.88378 1.08905
292 -0.402565 1.13443
293 0.28894 0.775126
294 -0.902035 1.0965
295 -0.23471 1.02733
296 1.09893 0.738656
297 0.262477 1.19253
298 1.53454 1.21346
299 0.310104 0.00459786
