0 0.309214 0.00498106
1 0.308276 0.191759
2 0.437526 0.172408
3 0.405473 0.188012
4 0.823105 0.173361
5 0.142148 0.296759
6 0.392736 0.17441
7 0.295621 0.180615
8 0.531963 0.198624
9 0.157894 0.205477
10 0.443004 0.179413
11 0.309915 0.211733
12 0.507196 0.192169
13 0.458176 0.142623
14 0.410769 0.168153
15 0.0666926 0.174195
16 0.180912 0.189143
17 0.654861 0.246426
18 0.409383 0.159709
19 0.438901 0.131932
20 0.444395 0.166607
21 0.8284 0.163954
22 0.246902 0.175438
23 0.322662 0.142054
24 0.121867 0.173499
25 0.327106 0.163047
26 0.26939 0.200636
27 0.420546 0.127109
28 0.323568 0.181963
29 0.266769 0.139093
30 0.372464 0.165172
31 0.34242 0.160637
32 0.4067 0.17996
33 0.500593 0.116337
34 -0.0149967 0.099856
35 0.625036 0.151391
36 0.298171 0.132947
37 -0.0596857 0.163074
38 0.57109 0.178672
39 0.409387 0.166327
40 0.196033 0.19114
41 0.442732 0.190197
42 0.27038 0.129577
43 0.360214 0.108827
44 0.719501 0.157392
45 0.237955 0.180279
46 0.426448 0.128351
47 0.16051 0.133815
48 0.637071 0.136075
49 0.189923 0.123824
50 0.412717 0.116824
51 0.362809 0.138581
52 0.0880598 0.15815
53 0.418912 0.124753
54 0.468525 0.11171
55 0.260832 0.143567
56 0.101347 0.137953
57 0.497326 0.122731
58 0.186276 0.0869858
59 0.423662 0.13635
60 0.36365 0.14104
61 0.370215 0.146092
62 0.441304 0.100758
63 0.106988 0.100001
64 0.505615 0.146825
65 0.471072 0.121399
66 0.256294 0.139855
67 0.371109 0.132403
68 0.22856 0.0784603
69 0.327634 0.136808
70 0.154525 0.154803
71 0.38198 0.131057
72 0.14736 0.103748
73 0.283352 0.114813
74 0.304272 0.137796
75 0.283584 0.155439
76 0.29715 0.0988597
77 0.244124 0.102193
78 0.290939 0.176907
79 0.165008 0.146167
80 0.211851 0.137333
81 0.30117 0.091279
82 0.258936 0.125463
83 0.13976 0.0824676
84 0.436971 0.118381
85 0.186577 0.150471
86 0.294813 0.122849
87 0.33339 0.0959867
88 0.414698 0.10216
89 0.33072 0.0914042
90 0.261951 0.141702
91 0.181708 0.102973
92 0.364775 0.122514
93 0.419259 0.140464
94 0.388507 0.11777
95 0.347691 0.118573
96 0.515576 0.143064
97 0.553952 0.13717
98 0.390725 0.112133
99 0.279638 0.120082
100 0.288183 0.11816
101 0.280632 0.147193
102 0.140366 0.10837
103 0.373052 0.176077
104 0.49647 0.120555
105 0.273166 0.113207
106 0.0121659 0.138431
107 0.268802 0.126675
108 0.241448 0.137541
109 0.272565 0.149072
110 0.255732 0.105931
111 0.136584 0.114229
112 0.295462 0.133667
113 0.180737 0.162968
114 0.348788 0.115068
115 0.389045 0.08094
116 0.241635 0.136494
117 0.559007 0.132913
118 0.294812 0.135414
119 0.361491 0.119595
120 0.521078 0.0758827
121 0.132321 0.13953
122 0.305435 0.123698
123 0.426934 0.100788
124 0.340112 0.124839
125 0.0945362 0.127333
126 0.364331 0.10427
127 0.218573 0.135346
128 0.183424 0.109292
129 0.353187 0.131668
130 0.191126 0.103283
131 0.256807 0.136264
132 0.357909 0.106165
133 0.401654 0.120326
134 0.278407 0.136027
135 0.287492 0.118281
136 0.327228 0.116876
137 0.275336 0.105108
138 0.354202 0.0909745
139 0.320794 0.112964
140 0.181135 0.105174
141 0.401769 0.128117
142 0.498593 0.111996
143 0.0126166 0.0943416
144 0.430888 0.111584
145 0.199433 0.108968
146 0.207269 0.136828
147 0.310125 0.13794
148 0.219068 0.108582
149 0.34007 0.081453
150 0.0945176 0.104653
151 0.224737 0.100837
152 0.314381 0.0828139
153 0.454327 0.0871557
154 0.25756 0.100304
155 0.26947 0.121693
156 0.278253 0.0856528
157 0.203427 0.110797
158 0.287425 0.125883
159 0.138834 0.13154
160 0.206184 0.101304
161 0.229365 0.116733
162 0.175191 0.122194
163 0.0696044 0.108054
164 0.614663 0.0786076
165 0.294893 0.122029
166 0.349974 0.168693
167 0.2635 0.14034
168 0.451317 0.118771
169 0.148528 0.101125
170 0.428296 0.109789
171 0.375813 0.0718718
172 0.492379 0.0903886
173 0.223816 0.118863
174 0.382278 0.0898669
175 0.323761 0.146734
176 0.238568 0.135037
177 0.369321 0.0964034
178 0.231563 0.10258
179 0.297043 0.11817
180 0.361283 0.115261
181 0.247361 0.118551
182 0.362669 0.10374
183 0.286662 0.103225
184 0.358143 0.136281
185 0.303919 0.13011
186 0.282417 0.145268
187 0.184548 0.111628
188 0.342975 0.10597
189 0.162454 0.110713
190 0.254767 0.146894
191 0.306108 0.110055
192 0.354282 0.137457
193 0.472265 0.0967983
194 0.0639432 0.119106
195 0.322057 0.156262
196 0.214493 0.138668
197 0.180888 0.18101
198 0.500784 0.0875869
199 0.393153 0.125219
200 0.31192 0.109213
201 0.24688 0.125231
202 0.284731 0.135646
203 0.487647 0.10619
204 0.158714 0.113195
205 0.383008 0.12311
206 0.333095 0.0722155
207 0.267643 0.0904974
208 0.38216 0.145001
209 0.460308 0.116406
210 0.291751 0.139281
211 0.17125 0.0845466
212 0.458234 0.107654
213 0.0216807 0.121793
214 0.191374 0.0882469
215 0.30281 0.115671
216 0.323203 0.15217
217 0.505286 0.165584
218 0.31405 0.119901
219 0.307937 0.103897
220 0.111619 0.128466
221 0.533186 0.157427
222 0.321034 0.101056
223 0.165182 0.108359
224 0.519747 0.104824
225 0.297727 0.127504
226 0.512453 0.131727
227 0.455494 0.132332
228 0.570092 0.106605
229 0.103907 0.134072
230 0.156507 0.160086
231 0.141345 0.122582
232 0.187561 0.119936
233 0.187773 0.140687
234 0.334406 0.13203
235 0.160908 0.14957
236 -0.0965749 0.119815
237 0.410335 0.124559
238 0.565349 0.117613
239 0.408604 0.184765
240 0.169888 0.121661
241 0.354874 0.132392
242 0.401518 0.14092
243 0.365339 0.113506
244 0.272149 0.128422
245 0.151355 0.155972
246 0.470837 0.153233
247 0.347447 0.137908
248 0.430063 0.101254
249 0.291606 0.16711
250 0.18781 0.147027
251 0.392979 0.115792
252 0.234843 0.124064
253 0.578255 0.127469
254 0.158345 0.123891
255 0.226453 0.141946
256 0.54388 0.132076
257 0.125216 0.162905
258 0.347113 0.0935201
259 0.450899 0.160889
260 0.235653 0.148115
261 0.309074 0.129661
262 0.308867 0.152903
263 0.300405 0.126527
264 0.452238 0.191454
265 0.4127 0.138878
266 0.132679 0.139213
267 0.523291 0.140761
268 0.285295 0.166198
269 0.403286 0.153767
270 0.203953 0.131049
271 0.588821 0.162787
272 0.348716 0.115063
273 0.278365 0.186072
274 0.354061 0.176869
275 0.416645 0.140755
276 0.431096 0.114258
277 0.355738 0.238759
278 -0.225788 0.150298
279 0.319083 0.156192
280 0.523652 0.222061
281 0.747305 0.113274
282 0.281306 0.145266
283 0.291721 0.171005
284 0.363892 0.166921
285 0.461705 0.194473
286 0.343175 0.125996
287 0.09195 0.209522
288 0.775124 0.195687
289 0.364801 0.233621
290 0.100259 0.138218
291 0.422236 0.189091
292 0.361882 0.21267
293 0.150211 0.143633
294 0.409693 0.15645
295 0.327211 0.16045
296 0.485955 0.189334
297 0.254103 0.156029
298 0.692673 0.191624
299 0.310054 0.0045221
