0 0.307654 0.00301081
1 1.32157 1.55459
2 2.03502 1.53548
3 -0.399594 1.71466
4 1.95686 1.37501
5 -1.24396 2.24897
6 3.93534 1.85729
7 2.02343 1.72543
8 0.597348 1.7597
9 0.272256 1.61184
10 0.99509 1.81079
11 0.754094 1.82354
12 2.35539 1.28982
13 -0.972282 1.39228
14 -0.0518486 1.39187
15 2.3228 1.37728
16 -1.81223 1.32503
17 3.1618 1.87052
18 -1.04055 1.65048
19 1.48456 1.71039
20 0.36509 1.64843
21 5.3755 1.53851
22 2.47976 1.65826
23 2.07807 1.51511
24 -1.07671 1.02088
25 -0.632867 1.23144
26 2.28131 1.73577
27 0.606365 1.3436
28 1.56556 1.81053
29 1.12958 1.27973
30 -1.34724 1.38832
31 -1.05648 1.19711
32 1.52305 1.765
33 1.49315 1.25717
34 -1.89223 1.04922
35 -0.205278 1.66824
36 1.07635 1.41384
37 -2.93743 1.64849
38 3.19844 1.17864
39 -2.52077 1.46904
40 -1.0055 1.01666
41 0.49206 1.28441
42 1.22425 1.34515
43 0.417232 1.29209
44 2.26542 1.67143
45 -0.337892 1.58471
46 3.12715 1.19666
47 -2.18179 1.25593
48 0.830519 1.40201
49 -1.40282 1.23464
50 -1.18849 1.3213
51 -0.383048 1.42213
52 -3.25698 1.36887
53 2.10416 1.48027
54 -0.690817 1.48088
55 -2.57041 1.35259
56 0.323204 1.0092
57 1.43565 1.41838
58 1.0564 1.60473
59 -0.551077 1.39925
60 3.20544 1.65555
61 3.67403 1.59158
62 2.31669 1.4369
63 -1.45645 1.40424
64 -0.0222415 1.25228
65 2.21105 1.27824
66 -0.301939 1.44507
67 0.931246 1.30122
68 2.1211 1.63576
69 1.02626 1.6425
70 0.269629 1.68545
71 -1.7952 1.44968
72 0.15937 1.38271
73 0.379899 1.20155
74 -0.931949 1.16863
75 -1.59337 1.25969
76 0.423601 0.798535
77 0.778743 1.60602
78 -1.27716 1.48454
79 -0.918889 1.45137
80 0.874819 1.35812
81 -0.44408 1.34479
82 1.63925 1.65685
83 -0.260753 1.29011
84 -1.2505 1.07394
85 -0.431912 1.89322
86 2.18447 1.60006
87 -0.337018 1.41138
88 -1.69213 1.65456
89 0.0230702 1.48017
90 -0.708765 1.53857
91 -3.19457 1.41112
92 0.217854 1.54807
93 0.718589 1.48141
94 1.07997 1.39419
95 -1.05937 1.45393
96 0.492797 1.16832
97 3.67855 1.78252
98 2.30553 1.17049
99 -0.353885 1.48396
100 1.20916 1.3587
101 0.365489 2.02183
102 -0.672008 1.74677
103 1.38455 1.1893
104 0.778895 1.27161
105 0.764431 1.67576
106 0.40717 1.60647
107 1.32782 1.40202
108 0.705886 1.29981
109 0.454396 1.73719
110 -0.247909 1.40609
111 -2.24308 1.38383
112 -1.44979 1.63878
113 2.0058 1.57849
114 0.606937 1.45149
115 -0.17544 1.71505
116 1.00221 1.97704
117 2.20359 1.3652
118 1.26955 1.70064
119 2.64261 1.50591
120 1.04265 1.14986
121 0.189578 1.26438
122 0.142964 1.33759
123 0.983807 1.21428
124 1.44527 1.13106
125 -0.363183 1.29676
126 4.80979 1.57147
127 -3.0592 1.28951
128 -1.61604 1.15386
129 1.55999 1.52685
130 1.23924 1.20475
131 -2.86167 1.60751
132 1.71271 1.45601
133 0.406553 1.41532
134 2.1269 1.67945
135 0.107568 1.68335
136 1.61578 1.6263
137 -0.392497 1.36133
138 -0.489063 1.38519
139 -1.13412 1.44273
140 1.22127 1.38345
141 -1.40259 1.59447
142 0.00792509 1.47762
143 -2.39957 1.75798
144 2.12215 1.41168
145 -0.155364 1.21985
146 -0.690781 1.09863
147 1.64997 1.50911
148 0.842636 1.48551
149 -0.406595 1.56258
150 0.758324 1.57208
151 -1.86393 1.80047
152 -0.3795 1.31215
153 -0.540423 1.6694
154 -0.336332 1.0823
155 0.884168 1.27769
156 -1.4019 1.65826
157 0.356827 1.55493
158 0.0756329 1.56031
159 1.41673 1.11337
160 -0.0116114 1.64474
161 -2.29987 1.69248
162 -0.0874513 1.40248
163 0.0153957 1.69391
164 -1.84878 1.44506
165 -0.185076 1.57686
166 2.12954 1.31404
167 -0.202916 1.07606
168 0.223504 1.80384
169 -0.695411 1.29159
170 0.771465 1.56856
171 -1.18251 1.01783
172 -0.290576 1.17036
173 1.53477 1.33664
174 -1.44731 1.55679
175 -0.0137674 1.6172
176 -1.53929 1.59867
177 0.526252 1.31063
178 -0.128422 1.44806
179 -1.47417 1.49265
180 2.35616 1.41127
181 1.84628 1.51648
182 0.217615 1.84682
183 0.816735 1.66595
184 0.94936 1.46525
185 2.91129 1.5812
186 -0.215353 1.55325
187 -0.137253 1.55287
188 -0.919832 1.23503
189 0.710467 1.20758
190 0.574242 1.37494
191 -2.0863 1.38303
192 -0.184532 1.45721
193 0.998604 1.21221
194 -1.18357 1.73239
195 1.12384 1.2582
196 -2.71871 1.47302
197 0.422892 1.74014
198 2.17199 1.52251
199 0.329188 1.41666
200 -1.86355 1.17349
201 -1.81502 1.6921
202 0.690019 1.58523
203 3.79313 1.40622
204 -1.26197 1.07921
205 1.83296 1.41278
206 -2.40376 1.29532
207 -1.1716 1.5339
208 -2.54664 1.39407
209 3.55435 1.21674
210 -1.73576 1.53594
211 0.665643 1.81342
212 -1.09538 1.7284
213 -1.50254 1.1216
214 1.69311 1.49453
215 1.55973 1.18978
216 2.67814 1.74266
217 3.40328 1.48193
218 0.357129 2.12337
219 0.0900713 1.3838
220 -0.273423 1.7119
221 1.00036 1.4982
222 -1.20325 1.20025
223 1.15462 1.43143
224 0.411019 1.47426
225 -0.157602 2.27296
226 -0.240356 1.98798
227 1.26566 1.46504
228 -0.846544 1.45958
229 -1.9231 1.4151
230 0.707516 1.61704
231 -0.559318 1.24124
232 0.94713 1.12799
233 0.0511498 1.60805
234 0.980277 1.59158
235 0.207073 1.67216
236 0.546397 1.35738
237 3.19083 1.54099
238 0.58952 1.95481
239 2.5274 1.45359
240 -0.956954 1.06661
241 1.15507 1.40058
242 -0.449251 1.64097
243 -0.182843 1.57182
244 0.981286 0.971315
245 -0.243677 1.19273
246 1.74708 1.37248
247 -2.24749 1.35575
248 1.72183 1.27955
249 -1.91769 1.10621
250 -0.180987 1.41266
251 2.35846 1.37485
252 0.67692 1.12638
253 2.4063 1.66465
254 -2.78978 1.22945
255 -1.5527 1.6506
256 2.73504 1.95558
257 -1.09079 1.1985
258 -0.668274 1.83015
259 0.988553 1.58663
260 1.05419 1.62012
261 -1.42612 1.35937
262 0.0288048 1.46745
263 0.783986 1.54545
264 3.36514 1.58983
265 0.575277 1.5184
266 -2.53155 1.44262
267 0.953532 1.28636
268 -2.66594 1.98295
269 2.62702 1.39795
270 -2.34424 1.52653
271 3.41519 1.64868
272 -0.459657 1.30415
273 -2.99998 1.64068
274 -1.20427 1.51453
275 0.687289 1.95126
276 1.85857 1.38897
277 0.42788 1.62456
278 -0.869984 1.39023
279 0.193268 1.35585
280 2.01995 1.83875
281 3.26682 1.94322
282 0.166904 1.59845
283 0.335428 1.60989
284 0.845167 1.22924
285 -1.05846 1.43159
286 0.785119 1.63488
287 1.4754 1.50066
288 2.39447 1.42007
289 1.59094 1.51259
290 -1.16954 1.67701
291 1.90045 1.81188
292 -0.772276 1.64753
293 1.3397 1.41177
294 -3.11389 1.80093
295 0.429995 1.55306
296 1.76396 1.60858
297 1.24211 1.3026
298 1.16731 1.99055
299 0.316051 0.00377829
