0 0.313316 0.00416073
1 2.90819 3.48914
2 4.27912 3.1588
3 1.05917 4.52663
4 3.69523 3.67088
5 -2.78323 5.17321
6 6.74174 4.51157
7 0.719334 4.11501
8 1.39693 3.87923
9 0.31121 4.34239
10 4.9139 4.05475
11 2.02879 4.19661
12 4.24203 2.48764
13 -2.8001 3.11563
14 -0.352401 3.09843
15 3.95803 3.29677
16 -4.17411 3.45927
17 6.22957 4.52721
18 -4.28738 4.02555
19 1.74132 4.31533
20 -2.86524 4.16291
21 10.9969 3.55064
22 3.36374 4.23711
23 2.1697 3.12989
24 -2.71049 2.17445
25 -1.4485 3.15375
26 4.4904 4.19265
27 0.0826212 3.35877
28 1.11156 4.59146
29 3.02425 3.52586
30 -5.6312 3.19862
31 -1.17018 3.05862
32 -0.188346 3.94777
33 3.0788 3.39715
34 -6.7277 2.61773
35 -0.453642 4.50127
36 4.15442 3.60498
37 -8.18337 3.51694
38 7.45287 3.26155
39 -5.5011 3.37952
40 -2.53001 2.63683
41 0.448483 3.07183
42 2.98655 3.3514
43 0.138842 3.38223
44 4.21677 4.40346
45 -2.79211 4.00293
46 7.45414 2.5793
47 -6.01116 3.27927
48 2.8762 3.38287
49 -3.78917 3.15774
50 -3.90657 3.13069
51 -1.16718 3.90459
52 -6.8387 3.44712
53 3.93665 3.93176
54 -0.634348 3.9159
55 -5.83675 3.46169
56 -0.108074 2.24507
57 2.94946 3.17206
58 0.136464 3.35389
59 -1.66004 3.65318
60 6.36581 4.25241
61 7.44173 3.82222
62 4.22677 3.75486
63 -4.6713 3.40256
64 -0.322954 2.81173
65 4.06525 3.37129
66 -2.33215 3.26904
67 1.7284 3.21974
68 3.16427 4.1042
69 2.17989 3.96246
70 0.456794 3.87439
71 -3.5937 3.38029
72 0.776773 3.33031
73 -0.145614 3.0557
74 -2.4152 2.91434
75 -4.75685 3.48134
76 -1.01429 2.27192
77 0.249152 3.99908
78 -2.14716 4.01486
79 -2.9912 3.61272
80 0.143016 2.8485
81 -1.45209 2.96851
82 3.34098 4.23185
83 -0.350047 3.00329
84 -2.8862 2.8603
85 0.0873411 4.8225
86 4.86455 4.1991
87 -0.757198 3.28831
88 -3.88883 3.92346
89 0.326511 3.87958
90 -0.968271 3.66179
91 -6.66664 3.52204
92 0.462509 3.82069
93 1.93478 3.49354
94 0.590416 3.32289
95 -2.90932 3.21092
96 0.48441 3.09292
97 7.93834 4.57006
98 4.56582 2.77618
99 0.291498 3.80604
100 1.19434 3.0703
101 -0.102345 5.04894
102 -2.34892 4.11237
103 3.72524 3.14485
104 2.03427 3.3047
105 3.44491 4.24934
106 1.08324 4.16075
107 5.14539 3.43717
108 1.75229 3.40764
109 0.839424 4.40695
110 -1.49752 3.90863
111 -5.94741 2.81861
112 -3.68924 4.27522
113 4.75733 3.94745
114 2.07589 3.49316
115 -0.728412 4.31435
116 1.48176 4.67629
117 4.10421 3.34364
118 1.78598 4.39384
119 5.25921 4.16774
120 2.425 2.81141
121 -0.589212 3.31534
122 0.914688 2.99495
123 1.59526 3.12735
124 4.1486 3.01222
125 -0.719026 3.34299
126 10.7052 3.64414
127 -6.4463 3.45825
128 -3.1967 2.806
129 4.68081 3.65376
130 2.91216 3.17355
131 -8.89749 3.88414
132 3.98146 3.4683
133 1.24544 3.71466
134 4.70939 4.16225
135 -0.430285 4.26014
136 1.9073 4.06628
137 -0.830345 3.2433
138 -1.49866 3.82079
139 -3.52355 3.46634
140 3.07012 3.51964
141 -4.2628 4.1874
142 -0.919802 3.80971
143 -7.0392 4.10877
144 4.13384 3.6126
145 -0.346752 3.17152
146 -0.435886 2.93949
147 4.07865 4.14737
148 0.31948 3.70168
149 -3.06761 3.9935
150 0.819459 3.74262
151 -6.74917 4.50964
152 0.0533582 3.43447
153 -2.54635 4.58322
154 0.326125 2.43875
155 1.55346 3.247
156 -3.38235 4.31232
157 0.33725 3.75213
158 -0.121176 3.74007
159 2.18966 2.67079
160 0.24172 3.99174
161 -5.30384 4.10431
162 -1.74505 3.51474
163 -1.33008 4.23383
164 -5.12887 3.7916
165 -3.36116 3.8657
166 2.48755 3.26954
167 -0.829902 2.99299
168 0.598756 4.4075
169 -3.42198 3.60661
170 1.84948 3.60641
171 -1.82587 2.59059
172 -1.27071 2.98863
173 4.38129 3.42413
174 -3.47636 3.82229
175 -0.039995 4.14883
176 -4.26573 3.79263
177 0.510994 3.43881
178 0.852227 3.24856
179 -4.33483 4.09884
180 4.88799 3.53612
181 3.32852 3.73918
182 0.369124 4.6609
183 3.00782 4.34957
184 0.628903 3.84808
185 7.74062 3.97331
186 -1.17393 3.85401
187 -1.66627 4.09006
188 -4.0322 3.25715
189 1.97806 2.92345
190 0.316034 3.15444
191 -6.30015 2.9087
192 0.443618 3.87959
193 2.29147 3.19608
194 -4.87722 4.56483
195 3.24108 3.385
196 -6.48841 3.19968
197 -0.057015 4.44994
198 6.13539 4.06884
199 0.196534 3.73275
200 -5.83815 3.40975
201 -3.96294 4.33231
202 0.653622 4.13639
203 10.4188 3.51328
204 -3.91031 3.03554
205 3.32303 3.07308
206 -4.74635 3.20405
207 -3.47206 3.8716
208 -5.21319 3.60412
209 8.25783 2.85363
210 -4.91925 3.76734
211 -0.0402065 4.57824
212 -0.637761 4.11894
213 -4.29307 2.81311
214 4.41111 3.57182
215 1.78318 3.02784
216 5.74722 4.27826
217 7.52151 3.78252
218 0.725928 5.38915
219 0.423923 3.05128
220 -1.64354 4.42288
221 1.65255 3.79353
222 -3.4298 3.29068
223 2.43987 3.64065
224 -0.056447 3.76999
225 -0.647926 5.4552
226 -0.599467 4.63056
227 2.44895 3.77294
228 -1.13345 3.31859
229 -5.03587 3.63396
230 1.70397 4.21532
231 -2.13523 2.90227
232 2.74826 3.42113
233 0.404826 3.73807
234 0.814988 3.86151
235 -1.18171 4.48113
236 1.40629 3.7665
237 7.92331 3.80351
238 1.38402 4.43273
239 4.36681 3.80652
240 -0.365837 2.79866
241 2.52925 3.0533
242 -0.0757269 4.31375
243 -0.0146319 4.05922
244 0.771134 2.34684
245 -1.04122 2.92512
246 1.0762 2.87906
247 -6.82 3.3431
248 3.80599 3.23703
249 -5.4319 2.94374
250 -0.485277 3.47831
251 4.12875 3.71862
252 -0.995764 2.87325
253 3.90136 4.26578
254 -9.14599 3.3097
255 -5.40547 3.78212
256 6.94232 4.67123
257 -1.17986 2.93595
258 -2.93209 4.37444
259 3.0986 3.68107
260 -0.746951 4.01583
261 -2.55538 3.41072
262 -0.166684 4.17745
263 1.67488 3.92202
264 5.62943 3.90409
265 1.16339 3.92683
266 -7.97579 3.39046
267 1.42764 3.26671
268 -8.22683 5.43615
269 6.94738 3.62761
270 -2.49864 3.78615
271 9.49357 3.84971
272 -0.554561 3.24495
273 -8.38116 3.91341
274 -3.0551 3.91424
275 0.367427 4.67734
276 4.70128 3.31917
277 0.464284 3.75099
278 -2.73864 3.89168
279 0.285888 3.5274
280 3.11161 3.95377
281 8.74112 4.71515
282 -0.493824 3.73221
283 1.36583 3.32918
284 1.70136 2.9855
285 -1.97232 3.93763
286 4.9185 3.69759
287 2.03774 4.1959
288 5.14921 3.39051
289 0.869183 3.91248
290 -2.23327 4.43099
291 5.57228 4.03848
292 -1.8799 3.66784
293 3.23193 3.08109
294 -5.68229 3.70278
295 -2.33383 3.72368
296 6.35993 3.74583
297 2.08665 3.62893
298 5.45092 4.46062
299 0.311992 0.00336892
