1	-0.48357584	0.21192169	1.48357053	0.021992
2	-0.48499072	0.210630586	1.52415158	0.023136
3	-0.484067547	0.210946165	1.52845895	0.0261773333
4	-0.48375774	0.210692747	1.51569579	0.026587
5	-0.483612848	0.211535202	1.52253053	0.0270424
6	-0.48343936	0.210362733	1.52004211	0.0263013333
7	-0.48360688	0.210453292	1.51398737	0.0257725714
8	-0.48323456	0.210209432	1.51397474	0.025428
9	-0.483668622	0.210421459	1.51897544	0.0264977778
10	-0.483627	0.21028167	1.52349937	0.02587
11	-0.483535847	0.210549263	1.52459139	0.0266469091
12	-0.483302747	0.210611144	1.52049754	0.026304
13	-0.483325532	0.210912921	1.51460567	0.0260612308
14	-0.483193451	0.211195759	1.51353985	0.0253582857
15	-0.483265509	0.211473071	1.51318933	0.0255688
16	-0.483168635	0.211751789	1.51358921	0.02660675
17	-0.483265774	0.212028416	1.51527406	0.0264651765
18	-0.483118591	0.212125876	1.51772187	0.0267295556
19	-0.483154126	0.212254631	1.51796898	0.0268852632
20	-0.48317822	0.212609504	1.51911221	0.026831
21	-0.48315864	0.21283922	1.52020551	0.0272462857
22	-0.483207102	0.212430029	1.5212534	0.0271005455
23	-0.483214824	0.212537629	1.52142059	0.0272977391
24	-0.483178287	0.212762341	1.52523965	0.0276643333
25	-0.48318457	0.212816093	1.52686855	0.02735648
26	-0.483233434	0.212844392	1.52616745	0.0278563077
27	-0.483131256	0.212561936	1.52526519	0.027985037
28	-0.4831586	0.21265545	1.52773684	0.0278728571
29	-0.483152808	0.212643061	1.53049887	0.0279990345
30	-0.483131965	0.212736662	1.53048014	0.0281982667
31	-0.483092715	0.212746751	1.529749	0.0278228387
32	-0.483132765	0.212603815	1.52805184	0.02777575
33	-0.48304537	0.212443683	1.52703502	0.0279048485
34	-0.482972405	0.212654795	1.52662737	0.0278790588
35	-0.483008359	0.212648125	1.52542737	0.0280750857
36	-0.483039164	0.212545932	1.52590035	0.0283026667
37	-0.483032886	0.212498517	1.52609821	0.02852
38	-0.483097549	0.212409826	1.52775269	0.0287722105
39	-0.483099573	0.212393478	1.52932923	0.0289581538
40	-0.483087144	0.212424527	1.52860021	0.0292972
41	-0.48298086	0.212554819	1.52834619	0.0295893659
42	-0.482969417	0.212581087	1.52744421	0.0294041905
43	-0.48302174	0.212559051	1.52783814	0.0293474419
44	-0.482948562	0.212566193	1.52774804	0.0295099091
45	-0.482990681	0.212652456	1.52805614	0.0296584889
46	-0.483039136	0.21264545	1.52742124	0.029522
47	-0.483023986	0.212686145	1.52773913	0.0295227234
48	-0.482985883	0.212709769	1.52632351	0.0295441667
49	-0.482979192	0.212615988	1.5257374	0.0296289796
50	-0.48296837	0.212725057	1.52651983	0.02979448
51	-0.482958238	0.212703608	1.5241084	0.0296766275
52	-0.482953262	0.212670682	1.52526364	0.0293938462
53	-0.482970011	0.212717455	1.52566213	0.029730717
54	-0.482989159	0.212597502	1.5256945	0.0298579259
55	-0.482968993	0.212578729	1.52559946	0.0297296727
56	-0.482993757	0.212640366	1.52626692	0.029545
57	-0.482970735	0.212540912	1.52574441	0.0296174737
58	-0.482972265	0.212600006	1.5259396	0.0295442759
59	-0.482964121	0.212686872	1.52549759	0.0293450169
60	-0.482995029	0.21266706	1.52539649	0.0293914667
61	-0.482968656	0.212600424	1.52626568	0.0294819672
62	-0.482992618	0.212581086	1.52657297	0.0295405806
63	-0.482969493	0.212548155	1.52665143	0.0295095873
64	-0.483008522	0.212549607	1.52792355	0.029532375
65	-0.483022644	0.212494327	1.52634377	0.0293844923
66	-0.482964225	0.212469825	1.52479617	0.0292779394
67	-0.482968408	0.212426827	1.52541612	0.0293219104
68	-0.482946744	0.212457667	1.52445461	0.0293371765
69	-0.482928334	0.21250317	1.5234076	0.0293094493
70	-0.482906049	0.212611198	1.52359489	0.0293138857
71	-0.48291094	0.212684028	1.52460341	0.0293385352
72	-0.482927678	0.212632626	1.52523544	0.0292505556
73	-0.482895427	0.212593345	1.52480813	0.0292809315
74	-0.482932667	0.212499546	1.52518048	0.0293684865
75	-0.482900016	0.212421557	1.52466779	0.0294594667
76	-0.482938601	0.212359195	1.52511729	0.0297668947
77	-0.482975221	0.212359723	1.52499609	0.0300337662
78	-0.482951933	0.212422849	1.52432901	0.0301146154
79	-0.482955096	0.212465326	1.52451896	0.0302256709
80	-0.48298158	0.212518721	1.52463358	0.030354
81	-0.482964895	0.212559146	1.52456546	0.0303632593
82	-0.482968661	0.212532879	1.52394875	0.0303745366
83	-0.482959144	0.212524852	1.52398498	0.0302800964
84	-0.482981935	0.212549449	1.52478867	0.0302872381
85	-0.482961084	0.212614171	1.52513843	0.0303648
86	-0.48295662	0.212584888	1.52506218	0.0303519535
87	-0.482926743	0.212644977	1.52507591	0.0303095632
88	-0.482883221	0.21270159	1.52486761	0.0301292273
89	-0.482920845	0.212715768	1.52508821	0.0300782022
90	-0.482851988	0.212681908	1.52394788	0.0299193778
91	-0.482877695	0.212625543	1.52401064	0.029788044
92	-0.482882268	0.212674575	1.52409062	0.0297438261
93	-0.482893646	0.212728044	1.52421501	0.0297274409
94	-0.48286304	0.212782736	1.52377209	0.0297051915
95	-0.482887798	0.212836409	1.52406276	0.0297414737
96	-0.482891395	0.212862364	1.52397693	0.0297530833
97	-0.482926886	0.212868546	1.52467477	0.0298494433
98	-0.482901893	0.212887442	1.52495136	0.0298864898
99	-0.482936788	0.212936603	1.52492219	0.0300353535
100	-0.482955016	0.212958657	1.52572177	0.0301068
1	-0.48297776	0.210513741	1.48784	0.022088
2	-0.48529536	0.210049534	1.52629474	0.023368
3	-0.484826373	0.209969896	1.52918035	0.0255853333
4	-0.48464224	0.209620123	1.51824842	0.026212
5	-0.48410496	0.210902703	1.52299453	0.026688
6	-0.483708853	0.210137995	1.51854316	0.0261093333
7	-0.483859566	0.210176754	1.51309594	0.0256068571
8	-0.48351973	0.210079888	1.51462895	0.0252365
9	-0.483997876	0.210395555	1.51954199	0.0263382222
10	-0.483724256	0.210373233	1.52457179	0.0258528
11	-0.483655687	0.210465864	1.52481722	0.0265661818
12	-0.483535333	0.210718411	1.52131649	0.0263
13	-0.483489471	0.210949893	1.5157166	0.0261043077
14	-0.483296034	0.211529745	1.51431579	0.0254302857
15	-0.483457515	0.211860841	1.51330863	0.0255957333
16	-0.48340445	0.211855737	1.51396211	0.0266475
17	-0.483434612	0.212179779	1.51524136	0.0264835294
18	-0.483345707	0.212494253	1.51882339	0.0267964444
19	-0.483268029	0.212559289	1.51906371	0.0270014737
20	-0.48324572	0.212962585	1.52031747	0.026906
21	-0.48319896	0.212966259	1.52087118	0.0272432381
22	-0.48319168	0.212629664	1.52199426	0.0271294545
23	-0.483180292	0.212857629	1.52255451	0.0273624348
24	-0.483165313	0.2128822	1.52683228	0.0276656667
25	-0.483155152	0.213027675	1.52816455	0.0273416
26	-0.483147738	0.213223293	1.52750883	0.0278792308
27	-0.483083215	0.21298967	1.52628912	0.0279237037
28	-0.483095849	0.21304059	1.52786692	0.0277924286
29	-0.483126924	0.21317858	1.53093285	0.02796
30	-0.483116389	0.213311147	1.53125586	0.0281794667
31	-0.483029383	0.213310434	1.53065453	0.0278175484
32	-0.48306381	0.21318801	1.52932105	0.027803
33	-0.482982218	0.213023079	1.52856561	0.0279593939
34	-0.482916936	0.213235822	1.52802378	0.0279174118
35	-0.482959223	0.21325737	1.52709245	0.0280868571
36	-0.482988098	0.213152939	1.52780936	0.028316
37	-0.483005658	0.213062614	1.52835243	0.0285531892
38	-0.483089827	0.213148353	1.52975911	0.0287966316
39	-0.483161042	0.213133656	1.53160702	0.0290162051
40	-0.483135976	0.213120046	1.53058632	0.0293588
41	-0.483034689	0.213148601	1.53026383	0.0296563902
42	-0.48300381	0.213140452	1.52921223	0.0294857143
43	-0.483058969	0.213116225	1.5299153	0.0294228837
44	-0.483016956	0.21309614	1.52971177	0.0295841818
45	-0.483070679	0.213132153	1.52998802	0.0297206222
46	-0.483094788	0.213149994	1.52925208	0.0295915652
47	-0.483083202	0.213228526	1.52931915	0.0295643404
48	-0.483041565	0.213346463	1.52806693	0.0295949167
49	-0.483016875	0.213313671	1.52732718	0.0296764082
50	-0.483030877	0.21327701	1.52797524	0.02987984
51	-0.483007147	0.213358101	1.52554336	0.0297455686
52	-0.483000186	0.21335624	1.52653028	0.0294477692
53	-0.482994353	0.213317062	1.52662888	0.0297931321
54	-0.483024652	0.213304967	1.52664733	0.0299362963
55	-0.483012785	0.213278116	1.5265231	0.0298101818
56	-0.483045327	0.213350218	1.52714203	0.0296163571
57	-0.483003175	0.213343038	1.52681012	0.0296745263
58	-0.483026223	0.213322369	1.52736581	0.0296284138
59	-0.483067505	0.213328464	1.52701409	0.0294227119
60	-0.483090487	0.213304237	1.52680049	0.0294443333
61	-0.483073785	0.213312517	1.52767786	0.0295253115
62	-0.483106097	0.213319656	1.52800441	0.0295629032
63	-0.483076366	0.213346951	1.5281481	0.0295325714
64	-0.483094596	0.21328785	1.52912099	0.0295485625
65	-0.483103938	0.21320467	1.52778403	0.0294061538
66	-0.483051716	0.213218944	1.52627203	0.0292949091
67	-0.483059919	0.213156825	1.52695013	0.0293541493
68	-0.483018136	0.213234937	1.5257844	0.0293656471
69	-0.482995043	0.213192646	1.52457489	0.0293347826
70	-0.482976458	0.2133127	1.52483687	0.0293600571
71	-0.482968948	0.213365928	1.52582766	0.0293938592
72	-0.482974691	0.213394592	1.52655006	0.0293012222
73	-0.482931618	0.213375051	1.52585396	0.0293370411
74	-0.482975757	0.213226884	1.52580945	0.0294256757
75	-0.482960608	0.213146531	1.525323	0.0295237333
76	-0.482997252	0.213166869	1.52592548	0.0298257368
77	-0.483017717	0.213158341	1.52587718	0.0300962597
78	-0.482987661	0.213212585	1.52516842	0.0301830256
79	-0.482990301	0.213248185	1.5252235	0.0302947848
80	-0.48300622	0.21326273	1.52533516	0.030431
81	-0.482993577	0.213252678	1.52520728	0.0304344198
82	-0.483003422	0.213275541	1.52471445	0.0304491707
83	-0.482990596	0.213254809	1.52491419	0.0303586988
84	-0.482999624	0.213254936	1.52585429	0.0303669048
85	-0.482977369	0.213327441	1.52612968	0.0304590588
86	-0.482976625	0.213310886	1.5261976	0.030435907
87	-0.482938018	0.213317604	1.52615981	0.030385977
88	-0.482903871	0.213318099	1.52583349	0.0301980909
89	-0.482937312	0.213347301	1.52597176	0.0301420225
90	-0.4828809	0.213287284	1.5248262	0.0299872
91	-0.482905225	0.213234421	1.52481208	0.0298502418
92	-0.4829123	0.213251239	1.52501771	0.0298236957
93	-0.482914993	0.213295268	1.5249461	0.0297969462
94	-0.482890646	0.213331787	1.52452367	0.0297748511
95	-0.482932948	0.213371495	1.52481693	0.0298010947
96	-0.48293988	0.213371126	1.52456912	0.0298148333
97	-0.482969263	0.213374444	1.52521754	0.0299105567
98	-0.482934113	0.213409375	1.52560675	0.0299587347
99	-0.482970335	0.213412703	1.52560987	0.0301046465
100	-0.482994279	0.213419899	1.52626312	0.03016996
101	-0.483029976	0.213418185	1.52704846	0.0302235644
102	-0.483029831	0.213431273	1.52661688	0.0302915294
103	-0.483038325	0.213448623	1.52680989	0.0303201165
104	-0.483011508	0.213436541	1.52663312	0.0302523077
105	-0.482983965	0.213431376	1.52686572	0.0302839619
106	-0.483023937	0.213437314	1.52736421	0.0302006038
107	-0.483037279	0.213453933	1.52775437	0.0302676636
108	-0.483023898	0.213425761	1.52768827	0.0302578519
109	-0.483043635	0.213407024	1.52789172	0.0302918532
110	-0.483032793	0.213415077	1.52752655	0.0302469455
111	-0.483023877	0.213395831	1.52758835	0.0302353153
112	-0.483013454	0.213374299	1.52794827	0.0302405714
113	-0.483046879	0.21338416	1.52802493	0.0302023717
114	-0.483052324	0.213319722	1.52780236	0.0302126667
115	-0.483028618	0.213305281	1.5279691	0.0302517565
116	-0.483042481	0.213285643	1.52734388	0.0301723448
117	-0.483057182	0.213270366	1.52778224	0.0301616752
118	-0.483050864	0.213319513	1.52813848	0.0300923729
119	-0.48306434	0.213324949	1.52815873	0.0301514622
120	-0.483059445	0.213375129	1.52793105	0.0301689
121	-0.483079648	0.213399559	1.52786182	0.0302964298
122	-0.483059699	0.213367256	1.52728935	0.0302242951
123	-0.48306343	0.213335594	1.52728418	0.0302348943
124	-0.48306245	0.213335404	1.52714584	0.0301418387
125	-0.483091142	0.213341267	1.52771099	0.03020832
126	-0.483090794	0.213377769	1.52739318	0.0302000317
127	-0.483107512	0.213354437	1.52742574	0.0302165354
128	-0.483100472	0.213342103	1.52729717	0.030211125
129	-0.483107235	0.213317696	1.52672493	0.0301834729
130	-0.483117537	0.213313417	1.52637163	0.0301630154
131	-0.48313255	0.213339106	1.52638862	0.0301450382
132	-0.483122386	0.213279031	1.52617075	0.0300435455
133	-0.483128066	0.213308179	1.52604404	0.0299852632
134	-0.483146597	0.213305295	1.52600358	0.0299925373
135	-0.483151217	0.213277623	1.52607414	0.0299519407
136	-0.483150551	0.213250373	1.52651975	0.0298922353
137	-0.483162585	0.213253599	1.52718091	0.0299715912
138	-0.483163003	0.213212326	1.52765696	0.030040029
139	-0.483182282	0.213214808	1.52839382	0.0301097842
140	-0.483180608	0.213195668	1.52812974	0.0300875429
141	-0.483176728	0.213165809	1.5283343	0.0300449078
142	-0.483162003	0.21317289	1.52874031	0.0300353521
143	-0.483185748	0.213214436	1.52936874	0.0300985734
144	-0.483188376	0.213241728	1.52938114	0.0300743611
145	-0.483158636	0.213263513	1.52862142	0.0300311172
146	-0.483155905	0.213280195	1.52873612	0.0300089589
147	-0.483143752	0.213259255	1.5286331	0.0299712925
148	-0.48315743	0.213282092	1.52922208	0.030058
149	-0.483173128	0.213289091	1.52982598	0.0300657987
150	-0.483174984	0.213278772	1.52948337	0.0300692
151	-0.483174456	0.21329455	1.52963374	0.0300393642
152	-0.483187677	0.213308505	1.52996033	0.0300943684
153	-0.483170902	0.213291568	1.52922587	0.0300666928
154	-0.483186674	0.213283465	1.52968883	0.030060961
155	-0.483179797	0.213294592	1.52887737	0.0300504774
156	-0.483162592	0.213310312	1.52905733	0.0300808718
157	-0.483168747	0.213317111	1.52902801	0.0300908535
158	-0.483176777	0.213324107	1.52937082	0.0301325063
159	-0.483205404	0.213309969	1.52942991	0.0301544906
160	-0.483201298	0.213312269	1.52981395	0.0301849
161	-0.483200483	0.213286337	1.52962981	0.0301384348
162	-0.48319946	0.213302116	1.52954433	0.0300939753
163	-0.483194778	0.213293781	1.52970785	0.0300702086
164	-0.483187936	0.213325984	1.52950834	0.0300358049
165	-0.483175484	0.213309987	1.52899884	0.0300081455
166	-0.483174996	0.213277956	1.52876254	0.0299883614
167	-0.483176915	0.213265237	1.52930236	0.0300122395
168	-0.48317281	0.213281693	1.52935366	0.0299952619
169	-0.483176223	0.213279984	1.529375	0.0299638107
170	-0.483165138	0.213290899	1.52944899	0.0299957412
171	-0.483148162	0.213307281	1.52984613	0.0298993216
172	-0.483144955	0.213306013	1.52979344	0.0298989302
173	-0.483157771	0.213323331	1.52997788	0.0298376879
174	-0.483167948	0.213278334	1.5297072	0.0299123218
175	-0.483167365	0.213282964	1.52993174	0.0298905143
176	-0.483171983	0.213298497	1.53036438	0.0299514318
177	-0.48318268	0.213329034	1.5303337	0.0299927458
178	-0.483191518	0.213346141	1.53011499	0.0299758876
179	-0.483180298	0.213350891	1.52990607	0.0299065028
180	-0.483191099	0.213371496	1.53022126	0.0299216222
181	-0.483189819	0.21338206	1.53010368	0.0299417901
182	-0.483209603	0.213347135	1.53067183	0.0299043077
183	-0.483225503	0.213360664	1.53074993	0.0298740328
184	-0.483218658	0.213319588	1.53133854	0.0298242174
185	-0.483221934	0.213319048	1.53141713	0.0298858811
186	-0.483232053	0.213328007	1.53141075	0.0299489032
187	-0.483261063	0.213275652	1.53159728	0.0298937754
188	-0.483268506	0.213285604	1.53159111	0.0298721064
189	-0.483247451	0.213308283	1.5313017	0.0298857778
190	-0.483259553	0.213330146	1.53115657	0.0298660632
191	-0.483264562	0.213338888	1.53110045	0.0298438115
192	-0.483263983	0.21332166	1.53115423	0.0298283125
193	-0.483261173	0.213329539	1.53119226	0.0298171813
194	-0.483269666	0.213332153	1.53096779	0.0298132165
195	-0.483271044	0.213379829	1.53105365	0.0297963077
196	-0.483298742	0.213412935	1.53163955	0.0298044694
197	-0.483290444	0.213436971	1.53132685	0.0298115533
198	-0.483288687	0.213437725	1.53126027	0.0298060606
199	-0.48328528	0.213449715	1.5308946	0.0297393769
200	-0.48328803	0.21345318	1.53074244	0.02977748
