1	-0.61434344	0.324585922	2.95242857	0.073172
2	-0.61556164	0.32007955	3.12762571	0.063882
3	-0.61513128	0.321856364	3.05467238	0.062164
4	-0.61483724	0.320075884	3.10749429	0.062662
5	-0.614779904	0.319989406	3.08410514	0.0576352
6	-0.61519916	0.320512383	3.07141619	0.0580246667
7	-0.615746309	0.320983155	3.09161796	0.0616011429
8	-0.61566933	0.320283488	3.07807071	0.0619165
9	-0.616177156	0.319977195	3.06859937	0.0630355556
10	-0.61661272	0.320432752	3.09702743	0.062796
11	-0.616450756	0.321753034	3.08195584	0.0606105455
12	-0.61634006	0.32235821	3.06913286	0.0595363333
13	-0.616081994	0.321785985	3.06182769	0.059792
14	-0.615713589	0.320852268	3.04312163	0.059508
15	-0.615458832	0.32091868	3.04898629	0.0595549333
16	-0.615724605	0.320491582	3.04947464	0.05835525
17	-0.615646428	0.320209467	3.04636034	0.0578743529
18	-0.615768409	0.320079015	3.05766413	0.0573315556
19	-0.615746505	0.320342088	3.05739158	0.0578094737
20	-0.615702788	0.320669746	3.06426543	0.0582394
21	-0.615660907	0.320486654	3.07134531	0.0581691429
22	-0.6154718	0.320211891	3.06874052	0.0579172727
23	-0.615534525	0.320154757	3.06992894	0.0581175652
24	-0.61541778	0.319845189	3.06864952	0.0581723333
25	-0.615443088	0.320038732	3.06299771	0.0580264
26	-0.615412062	0.31979802	3.0650233	0.0582030769
27	-0.615391979	0.319938638	3.06960529	0.0589026667
28	-0.615430083	0.319995702	3.07001735	0.0585612857
29	-0.615436063	0.320035575	3.06993399	0.0582169655
30	-0.615519344	0.320024516	3.06579162	0.0586072
31	-0.615495745	0.319958727	3.06788664	0.0585162581
32	-0.615643405	0.319719099	3.07020071	0.05938275
33	-0.615559455	0.319862702	3.07382459	0.0597909091
34	-0.615596682	0.32015705	3.0717442	0.05954
35	-0.615632309	0.319996599	3.06908131	0.0588954286
36	-0.615678436	0.320179091	3.07081587	0.0589773333
37	-0.615588515	0.320304849	3.06942301	0.0590473514
38	-0.615649017	0.320310103	3.07299233	0.0594087368
39	-0.615596673	0.320226424	3.07318388	0.0594849231
40	-0.615566098	0.320231093	3.07273271	0.0596549
41	-0.61550816	0.320452452	3.07297366	0.0597397073
42	-0.615519122	0.320382588	3.06978925	0.0597370476
43	-0.6154783	0.320638235	3.07048691	0.0597010233
44	-0.615520624	0.320781142	3.06844766	0.0598402727
45	-0.61553584	0.320881107	3.07181079	0.0594675556
46	-0.615586304	0.321041309	3.07165031	0.059323913
47	-0.615680597	0.320980157	3.08175964	0.0599532766
48	-0.615613762	0.320893578	3.08110107	0.0601464167
49	-0.615569473	0.32096765	3.08067335	0.0600409796
50	-0.615560954	0.321033324	3.08093029	0.06004768
51	-0.615515591	0.321031914	3.08198532	0.0600775686
52	-0.61548302	0.321041791	3.08182824	0.0606356154
53	-0.615521256	0.321170013	3.07970933	0.0607344906
54	-0.615509573	0.321258976	3.08057397	0.0605157037
55	-0.615521724	0.321209821	3.08233257	0.0605516364
56	-0.61545941	0.321236453	3.07712398	0.0603776429
57	-0.615490041	0.321393315	3.07905444	0.0606564211
58	-0.615489239	0.321269593	3.07453695	0.0603929655
59	-0.615520178	0.321241321	3.07612697	0.0601987119
60	-0.615537897	0.321505485	3.07599495	0.0604348667
61	-0.615505293	0.321490409	3.07660703	0.0605236721
62	-0.615502823	0.321468404	3.07864092	0.0604895484
63	-0.615488834	0.32145502	3.07931401	0.0604480635
64	-0.615445236	0.321341299	3.07630116	0.0603805625
65	-0.615471819	0.321400144	3.07224062	0.0603663385
66	-0.615489802	0.321318328	3.07226312	0.0605022424
67	-0.615449547	0.321204635	3.07010337	0.060310209
68	-0.615440066	0.321175062	3.0710405	0.0602562353
69	-0.61542477	0.321150708	3.07444704	0.0600558841
70	-0.615450346	0.32131431	3.07520269	0.0600316
71	-0.615478212	0.321311883	3.07879332	0.0600345352
72	-0.615458297	0.321265298	3.07935373	0.0599481667
73	-0.615455076	0.321393766	3.08020204	0.0601017534
74	-0.615490468	0.321405026	3.08142571	0.0598152973
75	-0.615444145	0.321484454	3.08306865	0.0597965867
76	-0.615409522	0.321427184	3.08545308	0.0595708421
77	-0.615402051	0.321397787	3.0839482	0.0591674805
78	-0.615411275	0.321377564	3.08430469	0.0591534872
79	-0.615431739	0.321486067	3.0856541	0.0593894684
80	-0.615468623	0.321647796	3.08940421	0.05915115
81	-0.615479125	0.321662733	3.08897467	0.0592056296
82	-0.615453699	0.321707915	3.08793526	0.059197122
83	-0.615458063	0.321786683	3.08787897	0.0590043373
84	-0.615436714	0.321833381	3.08801252	0.0588690476
85	-0.615441509	0.32179328	3.08816639	0.0587813176
86	-0.615460039	0.321809109	3.08718658	0.058932186
87	-0.615494426	0.32187388	3.08988585	0.0592868046
88	-0.615439375	0.321838339	3.08716994	0.0592915
89	-0.615451249	0.321838764	3.08716751	0.0591871461
90	-0.615427683	0.321874958	3.08746775	0.0591974667
91	-0.615409959	0.321794508	3.08741827	0.059042989
92	-0.615384475	0.321791088	3.08462199	0.0588715652
93	-0.615374522	0.32181474	3.08567336	0.0588981505
94	-0.615342583	0.321879563	3.08523897	0.0589121277
95	-0.615359892	0.321865755	3.08836331	0.0591146105
96	-0.61534077	0.321871457	3.08729571	0.0589926667
97	-0.615343985	0.321901163	3.08598315	0.0589023505
98	-0.615354722	0.321908937	3.08450117	0.0589279592
99	-0.61534033	0.32206385	3.08623573	0.0588871919
100	-0.615324247	0.32205919	3.08619011	0.05892436
1	-0.61462776	0.322330734	2.97301143	0.074988
2	-0.61652896	0.320495539	3.14312571	0.065048
3	-0.615873627	0.319314224	3.06303429	0.062748
4	-0.61538272	0.318480142	3.11400857	0.063036
5	-0.61518344	0.318744567	3.08541829	0.058052
6	-0.615485107	0.319395667	3.07287714	0.0584553333
7	-0.61600832	0.319680417	3.09031347	0.062016
8	-0.61601724	0.31912307	3.07630857	0.062212
9	-0.616533858	0.318765754	3.06901778	0.0632706667
10	-0.616674232	0.31928397	3.09626229	0.0629916
11	-0.616612509	0.320518435	3.08111377	0.0608072727
12	-0.616485987	0.32095545	3.0679419	0.0597993333
13	-0.616216689	0.320725989	3.06039209	0.0599729231
14	-0.615797811	0.320402556	3.04162816	0.0596905714
15	-0.615587819	0.320411503	3.04650819	0.0597109333
16	-0.615893515	0.319965686	3.04702036	0.05845075
17	-0.61582552	0.319476224	3.04558756	0.0579583529
18	-0.615946898	0.319657472	3.0585327	0.0574115556
19	-0.615891078	0.319935007	3.05724301	0.0578591579
20	-0.615826656	0.320594666	3.064276	0.0583128
21	-0.61576301	0.320312208	3.0724234	0.0582647619
22	-0.615547665	0.319866065	3.06887844	0.0580014545
23	-0.615623461	0.319622228	3.07115702	0.058233913
24	-0.61556748	0.319167576	3.06981905	0.058274
25	-0.615564326	0.319343088	3.0637056	0.05815232
26	-0.615561148	0.319218239	3.06513385	0.0583035385
27	-0.615555754	0.319192304	3.07063132	0.0589877037
28	-0.615596923	0.319352381	3.07204592	0.058689
29	-0.615604566	0.319608006	3.07217399	0.0583110345
30	-0.615634339	0.319735419	3.06772552	0.0586636
31	-0.61558769	0.319588163	3.06936332	0.0585845161
32	-0.615696127	0.319438589	3.07126875	0.059406375
33	-0.615604415	0.319488294	3.07401333	0.0598207273
34	-0.615668007	0.319635178	3.07178202	0.0595768235
35	-0.61569936	0.319728158	3.0697698	0.058968
36	-0.615750553	0.319849982	3.07177571	0.0590498889
37	-0.61567523	0.319954791	3.06952803	0.0590912432
38	-0.61573212	0.320072473	3.07311053	0.0594270526
39	-0.615684039	0.319987191	3.0735011	0.059484
40	-0.61565288	0.320092255	3.07337914	0.059654
41	-0.615598757	0.320285191	3.07326425	0.0597329756
42	-0.615607404	0.320272171	3.07003905	0.0597035238
43	-0.615553062	0.320573719	3.07094578	0.0596903256
44	-0.615610076	0.320611253	3.06850338	0.0598310909
45	-0.61563579	0.320645531	3.07233778	0.0594695111
46	-0.615686277	0.320746293	3.0719	0.0593312174
47	-0.615777043	0.320712316	3.08185179	0.0599670638
48	-0.615720963	0.320610448	3.08128024	0.0601815
49	-0.615675698	0.320761372	3.08141679	0.0600542857
50	-0.615670187	0.320890344	3.08166434	0.06004536
51	-0.615632229	0.320952799	3.08316168	0.0600898824
52	-0.615611298	0.320855207	3.08320264	0.0606495385
53	-0.615638136	0.321034868	3.08089844	0.0607369811
54	-0.615631006	0.32108832	3.0819254	0.0605280741
55	-0.615647616	0.321021285	3.08370556	0.0605626182
56	-0.615591887	0.321013853	3.07838643	0.0603943571
57	-0.615625564	0.321262366	3.08037975	0.0606746667
58	-0.615626041	0.321224215	3.07617557	0.0604124138
59	-0.615668719	0.32116962	3.07795758	0.0602088136
60	-0.615686455	0.321431837	3.07805914	0.0604560667
61	-0.615663112	0.321494971	3.07843663	0.0605260984
62	-0.615670182	0.321449928	3.08027346	0.0604897419
63	-0.615644145	0.321572077	3.08078277	0.0604421587
64	-0.615574072	0.321513816	3.07763643	0.060384875
65	-0.61560048	0.321506076	3.07318945	0.0603624615
66	-0.615616754	0.32147367	3.07291377	0.0605043636
67	-0.615570485	0.321265828	3.07060154	0.0603093134
68	-0.615538228	0.321251288	3.07145765	0.0602584706
69	-0.615528569	0.321237979	3.07470683	0.0600574493
70	-0.615542755	0.321395441	3.07514996	0.0600406286
71	-0.615572576	0.321364895	3.07896797	0.060048507
72	-0.615542694	0.321313788	3.07922452	0.0599680556
73	-0.615529471	0.321498102	3.07993456	0.0601228493
74	-0.615569596	0.321504058	3.08139228	0.0598419459
75	-0.615527965	0.321560338	3.08316015	0.0598275733
76	-0.615508257	0.321616484	3.08594752	0.0596128421
77	-0.615494614	0.321551033	3.0848374	0.0592138182
78	-0.615508921	0.321486788	3.08536249	0.0591947692
79	-0.615519146	0.321559622	3.08649816	0.0594256709
80	-0.615553902	0.321622477	3.09056043	0.0591951
81	-0.615551565	0.321620771	3.09004416	0.0592424691
82	-0.615539877	0.321649314	3.0890301	0.059232878
83	-0.615541925	0.321673354	3.08872558	0.0590287711
84	-0.61551713	0.321712113	3.08865925	0.0588898571
85	-0.615511051	0.32172136	3.08881976	0.0588043294
86	-0.615533723	0.321732188	3.08789422	0.058955907
87	-0.61556391	0.321785098	3.09053241	0.0593081379
88	-0.61550136	0.32172596	3.08781312	0.0593043636
89	-0.615512369	0.321736571	3.08768648	0.0592004944
90	-0.615488783	0.321840191	3.08803371	0.0591991556
91	-0.61546957	0.321701412	3.08793708	0.0590521319
92	-0.615453162	0.32166764	3.08528609	0.0588841739
93	-0.615443707	0.321738565	3.08661512	0.0589122151
94	-0.615416254	0.321779014	3.08641629	0.0589445957
95	-0.615445922	0.321768061	3.08926364	0.0591381895
96	-0.61543473	0.321722517	3.08809286	0.0590198333
97	-0.615453346	0.321771979	3.08657296	0.0589270928
98	-0.615462011	0.321706028	3.08510968	0.0589535918
99	-0.615445569	0.321850102	3.08685287	0.0589208889
100	-0.615434071	0.321818069	3.08678657	0.05895956
101	-0.615438019	0.321669831	3.0856331	0.0588395644
102	-0.615436365	0.321725182	3.08522157	0.0587045098
103	-0.615422972	0.321763895	3.08437126	0.0586514951
104	-0.615430985	0.321679926	3.08428505	0.0586723077
105	-0.615405508	0.321631413	3.08318623	0.0585687238
106	-0.615434232	0.321539648	3.08428528	0.058526717
107	-0.615437534	0.321510843	3.08407028	0.058344
108	-0.615449917	0.321564129	3.08463852	0.0583625185
109	-0.615442678	0.321555334	3.08398233	0.0585045505
110	-0.615408028	0.321519948	3.08404608	0.0584959636
111	-0.615393327	0.321485644	3.08250106	0.0584014775
112	-0.615381205	0.321464352	3.08168587	0.0582638214
113	-0.615422949	0.321472891	3.08268015	0.058287292
114	-0.615434435	0.321500975	3.08362025	0.0583568421
115	-0.615430783	0.321487766	3.08420169	0.0585339478
116	-0.615445839	0.32157036	3.08470837	0.0584367586
117	-0.615445078	0.321618734	3.08380601	0.0585000342
118	-0.615411256	0.32166371	3.08405472	0.0584441356
119	-0.615429343	0.321639468	3.08440394	0.0584116975
120	-0.615411607	0.321641784	3.08362743	0.0582803333
121	-0.6153853	0.321585982	3.08343093	0.0582732562
122	-0.615371693	0.321588348	3.08305321	0.0583485902
123	-0.615395903	0.321556024	3.0824728	0.0581984065
124	-0.615414848	0.321516	3.08387797	0.0584649677
125	-0.615419024	0.321541124	3.08396841	0.0584904
126	-0.615403168	0.32150443	3.08351002	0.0585044444
127	-0.615413197	0.321513741	3.08234088	0.058496063
128	-0.615405266	0.321501296	3.08385982	0.0584508125
129	-0.615419278	0.321508607	3.08256279	0.0584708527
130	-0.615421817	0.321519763	3.08409956	0.0583585538
131	-0.615413828	0.321583585	3.08573435	0.0584288244
132	-0.615431964	0.32161088	3.08679476	0.058607303
133	-0.615430122	0.321606173	3.08530363	0.0585587368
134	-0.61542307	0.321579248	3.08583079	0.0586490149
135	-0.615412133	0.321552336	3.08581884	0.0586599704
136	-0.615403689	0.321612562	3.08659416	0.0588256176
137	-0.615424034	0.321629103	3.08776901	0.058915562
138	-0.615408954	0.321706574	3.08805545	0.0588853623
139	-0.615395364	0.321818326	3.08601936	0.0587984173
140	-0.615394117	0.321884092	3.08645665	0.0588286857
141	-0.615373599	0.321897062	3.08572259	0.0587281986
142	-0.61534629	0.32184948	3.08523714	0.058858169
143	-0.615359078	0.321889256	3.08585574	0.0589804755
144	-0.61537406	0.321930704	3.08638857	0.0592168889
145	-0.615360297	0.32189851	3.08574329	0.0591376
146	-0.61535009	0.32203142	3.0871355	0.0593209315
147	-0.615336756	0.322060098	3.08696369	0.0592677279
148	-0.615317314	0.322092042	3.0864466	0.0592711081
149	-0.615326266	0.322116512	3.08683252	0.0591777181
150	-0.615332191	0.322184031	3.0878048	0.0590815467
151	-0.615327295	0.322196758	3.0871846	0.0589819603
152	-0.615325755	0.322258627	3.08727936	0.0592088158
153	-0.615306938	0.322266968	3.08675892	0.059244915
154	-0.615338892	0.322223941	3.08716171	0.059193974
155	-0.615336637	0.322264981	3.08610595	0.0591028129
156	-0.615315466	0.32229827	3.08577403	0.0590399744
157	-0.615327097	0.322323484	3.08672135	0.0590962293
158	-0.615333488	0.322345455	3.08686694	0.0590946582
159	-0.615341495	0.322344442	3.08655188	0.0591527547
160	-0.615323446	0.322374592	3.08560936	0.0592498
161	-0.615308247	0.322398293	3.08584969	0.0592111056
162	-0.615280786	0.322397332	3.0848134	0.0591578272
163	-0.615284102	0.322444768	3.08552806	0.059272589
164	-0.615277912	0.322464359	3.08458777	0.059261439
165	-0.615264814	0.322505496	3.0844801	0.0592649455
166	-0.6152794	0.32248316	3.08539212	0.0592687952
167	-0.615269356	0.3224856	3.08580989	0.0593073054
168	-0.61524515	0.322509872	3.0854651	0.0592646667
169	-0.61525699	0.322515544	3.08540744	0.0593346982
170	-0.615224953	0.322500485	3.08425523	0.0593464706
171	-0.615201525	0.322481383	3.08361825	0.059285614
172	-0.615185679	0.322419483	3.08356708	0.0593560233
173	-0.61517813	0.322415422	3.08369463	0.0593250173
174	-0.615185116	0.322374081	3.08375172	0.0593316782
175	-0.615190085	0.322360253	3.08436157	0.0594288229
176	-0.615191526	0.322325974	3.0834261	0.0593535909
177	-0.615202282	0.322349873	3.082361	0.0594542373
178	-0.615203868	0.322343946	3.08353881	0.0595304719
179	-0.615201729	0.322344275	3.08370688	0.0596216313
180	-0.615197128	0.322378984	3.0848199	0.0595342
181	-0.615200236	0.322445485	3.08460606	0.0595764199
182	-0.615222077	0.322429685	3.08480239	0.0595654066
183	-0.61521591	0.322421056	3.08547819	0.0595299454
184	-0.615196121	0.322360638	3.08432882	0.0593799565
185	-0.615200415	0.322370258	3.08588738	0.0593829189
186	-0.615228335	0.322387874	3.08615413	0.0593844946
187	-0.615245538	0.322408719	3.08637818	0.0594106096
188	-0.615265463	0.322424526	3.08716565	0.0595008085
189	-0.615267332	0.322404811	3.08701173	0.0594089101
190	-0.615273312	0.322486317	3.08746866	0.0594066316
191	-0.615284462	0.322499035	3.08866229	0.0594587016
192	-0.615304321	0.322516129	3.08781274	0.059549375
193	-0.615297856	0.322519163	3.08696823	0.0595663834
194	-0.615311782	0.322479466	3.08727255	0.0596179588
195	-0.615314623	0.322527944	3.08614517	0.0595362872
196	-0.615336692	0.322580035	3.08609668	0.0595284898
197	-0.615323973	0.322475062	3.08619887	0.0594940914
198	-0.615329092	0.322467943	3.08629772	0.0595030707
199	-0.615327762	0.322549425	3.08682909	0.0594393367
200	-0.61532637	0.322584209	3.08736351	0.0594445
