1	-0.610784	0.321016973	2.84814286
2	-0.612628	0.314563604	2.86122857
3	-0.612792	0.315608607	2.92915429
4	-0.612742	0.314740138	2.91351143
5	-0.6130032	0.315581976	2.90257257
6	-0.613314667	0.3160827	2.90004571
7	-0.613528	0.315141159	2.93192653
8	-0.613558	0.314595078	2.92700643
9	-0.613858667	0.314382366	2.92397143
10	-0.614164	0.31392715	2.91653886
11	-0.613907636	0.314973369	2.92101818
12	-0.613726667	0.315375644	2.9286519
13	-0.613601846	0.315173854	2.93353934
14	-0.613339429	0.315419444	2.93423224
15	-0.6133072	0.315664684	2.93245371
16	-0.6134515	0.315979488	2.94782429
17	-0.613422118	0.315959454	2.95745244
18	-0.613460444	0.315830941	2.95551079
19	-0.613491368	0.315984755	2.95680301
20	-0.6135172	0.31585115	2.96468771
21	-0.613454095	0.315964549	2.95010884
22	-0.613417818	0.315813824	2.96625143
23	-0.613478957	0.315697439	2.96888472
24	-0.613365333	0.315649071	2.965555
25	-0.61339616	0.31570606	2.96453623
26	-0.613491077	0.315563376	2.96399978
27	-0.613479704	0.315900883	2.95987513
28	-0.613470857	0.316052195	2.95977061
29	-0.613397793	0.31625118	2.96131429
30	-0.613445333	0.31633676	2.96182457
31	-0.613392258	0.316333501	2.96324442
32	-0.613456	0.316112822	2.96914393
33	-0.613320242	0.31599913	2.96140485
34	-0.613301412	0.316041786	2.95687025
35	-0.613321371	0.315911263	2.95714808
36	-0.613376889	0.316320656	2.95881698
37	-0.613364108	0.316376335	2.95754409
38	-0.613429684	0.316351896	2.95552962
39	-0.613402462	0.316494412	2.95988542
40	-0.6133558	0.316453098	2.95667529
41	-0.613290927	0.316781815	2.9563915
42	-0.613276571	0.316832184	2.9631917
43	-0.613307907	0.316944522	2.96684585
44	-0.613349818	0.31724301	2.97050922
45	-0.613399644	0.317396118	2.9717619
46	-0.613493043	0.317386249	2.97461503
47	-0.613485957	0.317326671	2.97678067
48	-0.613410333	0.317315093	2.97271607
49	-0.613369469	0.317450071	2.9724316
50	-0.61334688	0.317551326	2.97831954
51	-0.613305098	0.317643977	2.97862992
52	-0.613314769	0.317589471	2.97753462
53	-0.61339683	0.317601214	2.9817476
54	-0.613396	0.317711076	2.98499746
55	-0.613426764	0.317701131	2.98562545
56	-0.613405857	0.317916904	2.98469235
57	-0.613409684	0.318057991	2.98506677
58	-0.613446483	0.317972537	2.98658187
59	-0.613432407	0.317757937	2.98438877
60	-0.6133652	0.317752022	2.98443762
61	-0.613396721	0.317826829	2.9829526
62	-0.613379097	0.317806964	2.98091687
63	-0.613344889	0.31784337	2.98005206
64	-0.613323	0.317889336	2.98081705
65	-0.61332	0.317867984	2.97911763
66	-0.613302424	0.317822355	2.97923143
67	-0.613286567	0.317878229	2.97870107
68	-0.613254824	0.317760935	2.97811244
69	-0.613273275	0.31778823	2.97890617
70	-0.613263429	0.317871504	2.98022922
71	-0.613247662	0.317928518	2.97950753
72	-0.613214444	0.317867686	2.97754659
73	-0.613193973	0.318017305	2.97702442
74	-0.613240757	0.317968318	2.9780044
75	-0.613212267	0.318014857	2.9794736
76	-0.613197684	0.317915968	2.97854511
77	-0.613239169	0.317856346	2.9817361
78	-0.613264615	0.317801538	2.98079077
79	-0.613251646	0.317728083	2.97871986
80	-0.6132742	0.317767054	2.97944293
81	-0.613277728	0.317853014	2.98090631
82	-0.61326839	0.317907348	2.98050481
83	-0.613255518	0.317847277	2.97928344
84	-0.613265619	0.317858946	2.98250109
85	-0.613294776	0.317848542	2.98266339
86	-0.613283163	0.317828521	2.98061648
87	-0.613273103	0.317810026	2.98311297
88	-0.613265455	0.317916719	2.9859987
89	-0.613280629	0.317971166	2.98539666
90	-0.613265956	0.318115885	2.98656006
91	-0.613269626	0.318100169	2.98561557
92	-0.613278783	0.31812771	2.98457093
93	-0.613245075	0.31815543	2.98474347
94	-0.613229191	0.31810544	2.98361909
95	-0.613206232	0.318015442	2.98263519
96	-0.613206167	0.317988453	2.98074185
97	-0.613229196	0.318064989	2.97963323
98	-0.613228245	0.317991836	2.97834414
99	-0.61322198	0.31812453	2.97925466
100	-0.6132128	0.318147767	2.97721057
1	-0.60996	0.320032612	2.85508
2	-0.612752	0.31540794	2.86480571
3	-0.612912	0.314078373	2.92996
4	-0.612696	0.314714683	2.91768143
5	-0.6128016	0.316110552	2.90423314
6	-0.613053333	0.317283821	2.89705143
7	-0.613284571	0.316878015	2.92987429
8	-0.613382	0.315588556	2.92400571
9	-0.613711111	0.315414073	2.92058667
10	-0.613864	0.315383029	2.91282857
11	-0.613748364	0.316711477	2.91707481
12	-0.613594	0.316944545	2.92354286
13	-0.613507692	0.317091607	2.93024352
14	-0.613245143	0.317266645	2.93135143
15	-0.613251733	0.317156926	2.92928495
16	-0.613452	0.317148777	2.94533464
17	-0.613404235	0.316869302	2.95451765
18	-0.613454667	0.316750212	2.9533673
19	-0.613440842	0.317028734	2.95565414
20	-0.613434	0.316878883	2.96340571
21	-0.613367619	0.316835086	2.94901007
22	-0.613287636	0.316498397	2.96581273
23	-0.613361739	0.315989637	2.96776149
24	-0.613298	0.315897046	2.96398667
25	-0.61332288	0.316017566	2.96189874
26	-0.613428615	0.315935504	2.96154154
27	-0.613433778	0.316036673	2.95750053
28	-0.613420857	0.316317582	2.95784408
29	-0.613357241	0.31667517	2.9595935
30	-0.613381067	0.316750946	2.95930438
31	-0.613307097	0.316767222	2.96037327
32	-0.613322	0.316583618	2.96691018
33	-0.613191515	0.316366544	2.96007394
34	-0.613198588	0.316475858	2.95554605
35	-0.6132224	0.316358401	2.95535314
36	-0.613295111	0.316680854	2.95710048
37	-0.613318919	0.316693782	2.95625097
38	-0.613390316	0.316770648	2.95439023
39	-0.613395897	0.31677377	2.95926681
40	-0.6133446	0.316733171	2.95613643
41	-0.61328839	0.317111331	2.95548
42	-0.613269714	0.317116631	2.9626634
43	-0.61328614	0.317166144	2.96602937
44	-0.613340364	0.317454384	2.96957052
45	-0.613405156	0.317522235	2.97076229
46	-0.613497391	0.317513405	2.97371776
47	-0.613505191	0.317497764	2.97595805
48	-0.613459667	0.317498458	2.97212464
49	-0.613425143	0.317678995	2.97159079
50	-0.61339536	0.31772587	2.97766309
51	-0.613358588	0.317809721	2.97817289
52	-0.613376154	0.31774124	2.97742879
53	-0.613458566	0.317781409	2.98154792
54	-0.613468	0.317815585	2.98461651
55	-0.6135056	0.317729695	2.98535605
56	-0.613483857	0.317904951	2.98441316
57	-0.613487439	0.318092439	2.98507128
58	-0.613523448	0.31802622	2.98666404
59	-0.613521898	0.317862952	2.98424581
60	-0.6134548	0.317902951	2.98447771
61	-0.613489705	0.317948712	2.98272262
62	-0.613476645	0.317968046	2.98039456
63	-0.613429968	0.318175369	2.97899193
64	-0.613389625	0.318262584	2.97942804
65	-0.613387323	0.318279542	2.97784404
66	-0.613375394	0.318254389	2.97793325
67	-0.613348896	0.318295002	2.97774294
68	-0.613294118	0.31811318	2.97709538
69	-0.613318145	0.31805101	2.97780464
70	-0.613302743	0.31812921	2.97927894
71	-0.61328969	0.318128811	2.97873803
72	-0.613249111	0.318124423	2.97653087
73	-0.613211288	0.318246091	2.97577816
74	-0.613267027	0.318101102	2.97657938
75	-0.61324896	0.318206375	2.97814552
76	-0.613237158	0.318189074	2.97716226
77	-0.613265766	0.318063218	2.98008527
78	-0.613288923	0.318013753	2.9790485
79	-0.613267241	0.317937137	2.97695125
80	-0.613292	0.317887559	2.97752707
81	-0.613286914	0.317993213	2.97899132
82	-0.61329122	0.317947263	2.97867045
83	-0.61327653	0.317847144	2.9772736
84	-0.613267524	0.317890281	2.98077374
85	-0.613288	0.317894753	2.98103879
86	-0.613281767	0.317893778	2.9789695
87	-0.613275494	0.317936857	2.98130575
88	-0.613267091	0.317999532	2.98407409
89	-0.613277483	0.318097459	2.98351371
90	-0.613266578	0.318324088	2.98459822
91	-0.613260132	0.318295818	2.98372986
92	-0.613278435	0.318298912	2.98287764
93	-0.613249204	0.318300308	2.98292854
94	-0.613229617	0.318256671	2.98189982
95	-0.613220884	0.31811412	2.98067994
96	-0.61322625	0.318146382	2.97873786
97	-0.613266144	0.318191803	2.97769408
98	-0.613253878	0.318074409	2.97640484
99	-0.613250586	0.318169861	2.97755198
100	-0.6132412	0.318183942	2.97531349
101	-0.613267564	0.318147089	2.97706037
102	-0.613256	0.318192256	2.97585204
103	-0.613236427	0.318128269	2.97370308
104	-0.613247692	0.318120307	2.97227995
105	-0.613237257	0.318137939	2.97125801
106	-0.613246717	0.318057725	2.97132582
107	-0.613267888	0.318139509	2.97012085
108	-0.61328163	0.318123775	2.97124968
109	-0.613285945	0.318043554	2.96963691
110	-0.613241018	0.318040592	2.96828836
111	-0.613222919	0.318073377	2.96889097
112	-0.613202929	0.318097938	2.96875903
113	-0.613235044	0.318037519	2.96867944
114	-0.613256632	0.318010201	2.96988952
115	-0.613237913	0.318063755	2.97081595
116	-0.613247517	0.318075684	2.97077966
117	-0.613252923	0.31814934	2.97143121
118	-0.613246508	0.318196849	2.97024973
119	-0.613269311	0.318135033	2.97040514
120	-0.613257533	0.318145455	2.96923357
121	-0.613262678	0.318151603	2.96948406
122	-0.613253049	0.318113316	2.96989326
123	-0.613281236	0.318049968	2.97148135
124	-0.613298	0.318013997	2.97348926
125	-0.613275456	0.318016091	2.97392352
126	-0.613256381	0.317955427	2.97352599
127	-0.613279244	0.318015744	2.97420391
128	-0.613280312	0.317996267	2.97512509
129	-0.613296186	0.317981285	2.97540306
130	-0.613283569	0.317981833	2.97432897
131	-0.613274565	0.317973819	2.97518517
132	-0.613286364	0.317938738	2.97414009
133	-0.613291188	0.317939983	2.97465289
134	-0.613300836	0.317903778	2.97396443
135	-0.613275437	0.317911048	2.97357608
136	-0.613263882	0.317934927	2.97427937
137	-0.613266569	0.317969502	2.97473514
138	-0.613265739	0.31801234	2.97405636
139	-0.61326895	0.318062843	2.97457303
140	-0.613268286	0.318090877	2.97425131
141	-0.613252652	0.318095585	2.97573106
142	-0.613235606	0.318064923	2.97448286
143	-0.613255273	0.318122022	2.97378869
144	-0.613241	0.318148443	2.97290738
145	-0.613217931	0.318168191	2.97293237
146	-0.613182082	0.318191518	2.97225573
147	-0.613174313	0.318328268	2.97196175
148	-0.613164162	0.31832987	2.97158892
149	-0.613196349	0.318365952	2.9730558
150	-0.613198133	0.31839837	2.97385398
151	-0.613205616	0.318427383	2.97427883
152	-0.613199421	0.318443313	2.97550887
153	-0.613189752	0.318477858	2.97666368
154	-0.613194234	0.318443637	2.97632026
155	-0.613196955	0.318485943	2.97662101
156	-0.613195795	0.31850133	2.97644553
157	-0.613191134	0.31845818	2.97600164
158	-0.613205114	0.318443184	2.974826
159	-0.613203774	0.318453618	2.97441513
160	-0.6131902	0.318461531	2.97512382
161	-0.613167602	0.318480968	2.97478534
162	-0.613172741	0.31845686	2.97389418
163	-0.613187583	0.318481065	2.97618755
164	-0.613169415	0.318526482	2.97573178
165	-0.613164218	0.318517221	2.97565105
166	-0.613177494	0.318451993	2.9760358
167	-0.613174994	0.318494952	2.97566761
168	-0.613166238	0.318587775	2.97530806
169	-0.61315503	0.31858497	2.97564798
170	-0.613121176	0.318571343	2.97454252
171	-0.613107883	0.318566916	2.97489477
172	-0.613090558	0.318503271	2.97366435
173	-0.61309896	0.318483751	2.973825
174	-0.613105885	0.318530589	2.97367869
175	-0.613113874	0.318505242	2.97396114
176	-0.613108273	0.3184362	2.97345195
177	-0.613125062	0.318455918	2.97361052
178	-0.613125708	0.318461208	2.97457085
179	-0.613107978	0.318470101	2.97458385
180	-0.613102444	0.318524204	2.97427816
181	-0.613113105	0.318582323	2.97504133
182	-0.613128484	0.318553637	2.97421868
183	-0.613112262	0.318559463	2.97519566
184	-0.613115304	0.318564358	2.97575047
185	-0.613130984	0.318540806	2.97716454
186	-0.613148516	0.318565606	2.9776741
187	-0.613160556	0.318575585	2.97813253
188	-0.613180213	0.318542437	2.97724526
189	-0.613189757	0.31852114	2.97617902
190	-0.613196211	0.318566499	2.97614737
191	-0.61319933	0.318497653	2.97574304
192	-0.613206833	0.318503191	2.97656943
193	-0.613205596	0.318501153	2.97641445
194	-0.613217856	0.318496637	2.97721576
195	-0.6132368	0.318592351	2.97760158
196	-0.613252816	0.318631351	2.97744898
197	-0.613245401	0.318555981	2.97746222
198	-0.613259515	0.318576879	2.97748848
199	-0.613255558	0.318600271	2.97674409
200	-0.61325808	0.318602711	2.97626963
