1	-0.85930776	0.461942588	17.56955	0.259388
2	-0.85796036	0.458191247	17.449435	0.209218
3	-0.856977813	0.476981933	17.63846	0.243824
4	-0.85651018	0.495611616	17.3834075	0.262109
5	-0.85782312	0.506475288	17.969782	0.265956
6	-0.860040093	0.506017423	18.5893917	0.283204667
7	-0.860572183	0.50245077	18.6963	0.289809143
8	-0.86109511	0.506451024	19.0647388	0.3007555
9	-0.860435742	0.501565236	18.6659789	0.288498222
10	-0.860438224	0.501355411	18.737944	0.2842712
11	-0.860082393	0.49866984	18.6951827	0.280156
12	-0.860763973	0.498535665	18.8823383	0.283298667
13	-0.861013397	0.500903309	19.0160577	0.288731385
14	-0.861255726	0.503151476	19.0793429	0.294700571
15	-0.861011216	0.501792732	18.946658	0.2924808
16	-0.86078123	0.499483328	18.7740375	0.2853615
17	-0.860899638	0.500922448	18.8798088	0.287499529
18	-0.861397631	0.501407101	18.9555317	0.288703778
19	-0.861264084	0.500699265	18.9211295	0.288825263
20	-0.861392152	0.498914273	18.865594	0.2881076
21	-0.861509448	0.49938253	18.9244619	0.289777143
22	-0.861142676	0.498618847	18.8436691	0.289915636
23	-0.861597551	0.500648902	19.0501452	0.295442783
24	-0.86190474	0.50062585	19.1361617	0.296553667
25	-0.862085402	0.500197386	19.1855208	0.29887808
26	-0.862147622	0.49964717	19.1877981	0.299858
27	-0.862123156	0.499800053	19.1308248	0.300305926
28	-0.862059494	0.49989248	19.1276211	0.299474714
29	-0.862111994	0.501484833	19.1654869	0.301213517
30	-0.861938971	0.500773022	19.1170387	0.2985352
31	-0.862111363	0.500224341	19.1166648	0.300110065
32	-0.861989378	0.49987601	19.0806541	0.299893875
33	-0.862243263	0.500702302	19.195837	0.304017697
34	-0.862115325	0.500633595	19.2014721	0.301495647
35	-0.862126395	0.499772792	19.1997229	0.301096914
36	-0.862119604	0.499671681	19.1887017	0.301224667
37	-0.862001548	0.500048468	19.1551843	0.300163892
38	-0.862094131	0.499789952	19.1731563	0.299769684
39	-0.861984244	0.499941239	19.1257987	0.299468615
40	-0.862220898	0.499881356	19.1880283	0.3020749
41	-0.862295087	0.500273101	19.2120449	0.303242146
42	-0.86227956	0.500392819	19.2137302	0.302473238
43	-0.862531976	0.499954124	19.2677593	0.303101116
44	-0.862493111	0.499928214	19.2416448	0.302582818
45	-0.862282276	0.49890533	19.1405316	0.300176
46	-0.862142663	0.497915628	19.0799885	0.298307043
47	-0.862074591	0.498314372	19.0779281	0.298308255
48	-0.862046557	0.498415555	19.0724163	0.299502833
49	-0.86213487	0.497748318	19.0570784	0.29961698
50	-0.862144702	0.499196253	19.0745666	0.30027512
51	-0.862272596	0.499657491	19.144851	0.302335686
52	-0.862310749	0.500224639	19.1684667	0.303445154
53	-0.862299752	0.500107742	19.1453675	0.301991396
54	-0.862370462	0.500603808	19.1504015	0.302486074
55	-0.862411265	0.499788004	19.132938	0.303726909
56	-0.86239518	0.498946432	19.1094029	0.303287571
57	-0.862419916	0.499523915	19.1149267	0.303374737
58	-0.862597288	0.499801395	19.1445476	0.304078207
59	-0.86263819	0.499788365	19.1600198	0.304431525
60	-0.862590097	0.499662886	19.1300332	0.304644867
61	-0.862571005	0.499298317	19.111652	0.303946951
62	-0.862455214	0.499661106	19.095855	0.303534903
63	-0.862531643	0.499685423	19.1329995	0.304296444
64	-0.862558596	0.499388188	19.1312642	0.304804813
65	-0.862535335	0.498928863	19.1073178	0.305511385
66	-0.862397598	0.499059698	19.0967442	0.30379503
67	-0.862446675	0.498963769	19.0992119	0.304226269
68	-0.862550866	0.499413204	19.1428635	0.304790353
69	-0.862527754	0.499143377	19.1217649	0.303993507
70	-0.86250335	0.499445147	19.133155	0.304961771
71	-0.862456155	0.49918603	19.1107625	0.304469746
72	-0.862539757	0.499109566	19.1445124	0.305198944
73	-0.862524965	0.49912749	19.1406163	0.304577041
74	-0.862495658	0.498470117	19.1109603	0.30453427
75	-0.862595771	0.498781253	19.1307055	0.304892533
76	-0.862544572	0.498320127	19.1012159	0.304418053
77	-0.862614681	0.498158185	19.1179873	0.30503013
78	-0.862640492	0.498387449	19.1138244	0.305265641
79	-0.86260014	0.498392845	19.1039944	0.304285468
80	-0.862662512	0.498717049	19.1140248	0.3050106
81	-0.862610462	0.498147907	19.0685754	0.303989778
82	-0.862556264	0.497787853	19.0476828	0.303193707
83	-0.862456795	0.497531232	19.0081871	0.302001205
84	-0.862491976	0.498016026	19.0285825	0.30259881
85	-0.862469296	0.497975111	19.0301328	0.301940094
86	-0.862366526	0.497396804	18.9875427	0.300884419
87	-0.862311626	0.496946103	18.9511578	0.300123816
88	-0.862288647	0.496879264	18.9366345	0.299941455
89	-0.862294992	0.497364781	18.9368997	0.29982827
90	-0.862300628	0.497242949	18.925802	0.299524711
91	-0.862309625	0.497259553	18.9164063	0.298971385
92	-0.862309342	0.497293306	18.9251664	0.299523609
93	-0.86230715	0.497138733	18.9207058	0.299899441
94	-0.862165493	0.496953192	18.8844189	0.299121447
95	-0.862181267	0.497423849	18.8809548	0.298246526
96	-0.862121219	0.497036236	18.8418245	0.297310958
97	-0.862150716	0.497180069	18.8583496	0.297292495
98	-0.862084425	0.496906883	18.8484036	0.297184531
99	-0.86206913	0.496541604	18.8440651	0.297121131
100	-0.862028469	0.496429093	18.8397956	0.29641144
1	-0.85990808	0.468725355	17.98953	0.286204
2	-0.85836444	0.462352791	17.662625	0.222622
3	-0.857256853	0.480967413	17.7861533	0.252842667
4	-0.85660418	0.498883307	17.4939075	0.268909
5	-0.857890688	0.510998672	18.059256	0.2714144
6	-0.860057827	0.509966851	18.666045	0.287758
7	-0.860642811	0.50566161	18.7630914	0.293740571
8	-0.86115061	0.508761698	19.1231212	0.3041305
9	-0.860516187	0.503359648	18.71737	0.291587111
10	-0.860504808	0.502822082	18.786861	0.2870804
11	-0.86015376	0.499564555	18.7402036	0.282706182
12	-0.860841213	0.499657102	18.9226567	0.285627333
13	-0.861081151	0.501947576	19.0519731	0.290857538
14	-0.861294549	0.504294131	19.1147486	0.296698857
15	-0.861060219	0.502638129	18.9806353	0.294344267
16	-0.860829785	0.500248005	18.8069294	0.28708925
17	-0.860935473	0.501606417	18.9101341	0.289103059
18	-0.861450467	0.50195578	18.9848339	0.29019
19	-0.861345895	0.500973255	18.9499516	0.290242105
20	-0.86146276	0.498987798	18.89395	0.289458
21	-0.861574556	0.499535795	18.9504138	0.291070667
22	-0.861200076	0.498894318	18.8690077	0.291131091
23	-0.86164632	0.500788278	19.0748126	0.296629043
24	-0.861957153	0.500594557	19.1605075	0.297674333
25	-0.862143754	0.500408779	19.2099572	0.29997168
26	-0.8622092	0.500038816	19.2113215	0.300906154
27	-0.862194145	0.500045082	19.1533015	0.301307259
28	-0.862145494	0.499956763	19.1503246	0.300446143
29	-0.86220552	0.501387214	19.1872272	0.302151862
30	-0.862020981	0.500427414	19.138628	0.299449067
31	-0.862180712	0.499947305	19.1381413	0.300996903
32	-0.86206779	0.499647117	19.1012113	0.300727
33	-0.862325052	0.500288567	19.2152806	0.304822303
34	-0.862204541	0.500241864	19.2208629	0.302274118
35	-0.862223797	0.499244621	19.2191769	0.301864114
36	-0.862213513	0.499093167	19.2071008	0.301964556
37	-0.862088692	0.499549244	19.1727254	0.300867027
38	-0.862174002	0.499359547	19.1899355	0.300447474
39	-0.862060295	0.499575208	19.1420036	0.300112205
40	-0.862275164	0.499494118	19.2042595	0.3026982
41	-0.862347928	0.499705252	19.2277963	0.303845171
42	-0.862327823	0.499783512	19.2285298	0.303067333
43	-0.862568707	0.499346046	19.2807219	0.30368186
44	-0.862542987	0.499289503	19.2549448	0.303158455
45	-0.862332251	0.498381825	19.1539438	0.300754756
46	-0.862202002	0.497426498	19.093548	0.298874
47	-0.862143217	0.497916903	19.0908906	0.298854468
48	-0.862109675	0.498079158	19.0846069	0.300025417
49	-0.862191985	0.497459493	19.0694969	0.300129878
50	-0.862201154	0.498828252	19.0865354	0.30076168
51	-0.862328504	0.499217365	19.1564425	0.302801647
52	-0.862370629	0.499827654	19.1798113	0.303908385
53	-0.862363431	0.499817415	19.1574409	0.302450792
54	-0.862420668	0.500433924	19.1616943	0.302937111
55	-0.862456214	0.499582485	19.1441576	0.304177964
56	-0.862438611	0.498904416	19.121505	0.303752
57	-0.862459384	0.499556518	19.1266104	0.303832351
58	-0.862637332	0.499796762	19.1560555	0.304521793
59	-0.862684473	0.499693466	19.1708829	0.304874508
60	-0.86263132	0.499559897	19.1410017	0.305086
61	-0.862614939	0.499231748	19.122728	0.304386295
62	-0.862506987	0.499560918	19.1067992	0.303962258
63	-0.862581222	0.499571226	19.1434622	0.304718222
64	-0.862600884	0.499335638	19.1416942	0.305219188
65	-0.862573977	0.498929582	19.1172957	0.305911138
66	-0.862432541	0.499098464	19.106407	0.304184606
67	-0.862486737	0.499013388	19.108754	0.304605493
68	-0.862587667	0.499445204	19.1523472	0.305165706
69	-0.862563249	0.499224736	19.131613	0.304365333
70	-0.862542347	0.499544801	19.1431271	0.305334514
71	-0.862488465	0.499391912	19.1208058	0.304845803
72	-0.862567232	0.499376534	19.154746	0.305567167
73	-0.862555882	0.499383647	19.1509597	0.304939288
74	-0.862526519	0.498774832	19.1211851	0.304888108
75	-0.862631909	0.499135915	19.1411012	0.3052488
76	-0.862580786	0.498702442	19.1113412	0.304765632
77	-0.862642231	0.498538406	19.1277835	0.30537387
78	-0.862669096	0.498707578	19.1234006	0.30559841
79	-0.862627835	0.498717713	19.1136601	0.304612
80	-0.862685594	0.499020688	19.1232715	0.3053347
81	-0.862631442	0.498469478	19.0777219	0.30431284
82	-0.862578593	0.498084014	19.057008	0.303519902
83	-0.862479615	0.497802478	19.0172695	0.30232294
84	-0.862510301	0.498261046	19.0373019	0.302915048
85	-0.862477378	0.498259471	19.0385833	0.302245365
86	-0.86237683	0.497683163	18.9964009	0.301185674
87	-0.862320803	0.497269574	18.9597397	0.300421747
88	-0.862300136	0.497200516	18.9452982	0.300238636
89	-0.862307069	0.497682626	18.9453528	0.300121978
90	-0.862311878	0.497623442	18.9344683	0.299816133
91	-0.862323806	0.497647985	18.9252322	0.299258418
92	-0.862316106	0.497738746	18.9338307	0.299805304
93	-0.862315775	0.497548496	18.9293438	0.300175871
94	-0.862175886	0.497344974	18.8930813	0.299398553
95	-0.862192168	0.497770131	18.8891092	0.298513642
96	-0.86213374	0.497402118	18.849999	0.2975745
97	-0.862167479	0.497537151	18.866572	0.297557443
98	-0.862098707	0.497304743	18.8560643	0.297445551
99	-0.862082432	0.496928229	18.8510911	0.297374141
100	-0.862038618	0.496917183	18.8470071	0.29666292
101	-0.862036671	0.496822555	18.8333882	0.29679196
102	-0.861932594	0.496652981	18.8052415	0.29616302
103	-0.861837699	0.496696781	18.7850224	0.295686874
104	-0.861811751	0.496123449	18.7779737	0.295156769
105	-0.861763423	0.496100885	18.7717849	0.295054971
106	-0.861771942	0.496162993	18.7873584	0.294748038
107	-0.861775108	0.496395745	18.7700453	0.294265682
108	-0.861848516	0.496517108	18.804326	0.295085074
109	-0.861855177	0.496613021	18.8138202	0.295294606
110	-0.861865428	0.496787146	18.8176423	0.295729564
111	-0.861855596	0.497218928	18.8200913	0.295417622
112	-0.861956812	0.497186324	18.8438142	0.296451321
113	-0.861964486	0.496596095	18.8256239	0.295760566
114	-0.86193283	0.496393249	18.8110411	0.295157298
115	-0.861907675	0.496274069	18.7989733	0.294468974
116	-0.861981248	0.496076183	18.8056939	0.295186517
117	-0.862038739	0.496494541	18.8420487	0.296155761
118	-0.861997612	0.496298684	18.8341629	0.295758576
119	-0.861971424	0.49602039	18.8246524	0.295330857
120	-0.861947111	0.496428278	18.8239538	0.295652233
121	-0.861972215	0.497012363	18.8422125	0.296085124
122	-0.861956146	0.496839375	18.8396298	0.296007279
123	-0.861864744	0.4964973	18.8037592	0.295412813
124	-0.861825088	0.496528919	18.8018515	0.295351161
125	-0.861789747	0.496306473	18.7972082	0.29518336
126	-0.861783109	0.496720683	18.8007052	0.295361778
127	-0.861807488	0.496750914	18.8091987	0.295086205
128	-0.861761876	0.497009029	18.7961501	0.294678156
129	-0.861698547	0.49674469	18.7746655	0.29421107
130	-0.861612469	0.496917635	18.7666854	0.293937292
131	-0.861638791	0.496966807	18.7759858	0.294559389
132	-0.861594258	0.497009253	18.7570783	0.294103788
133	-0.861603207	0.496975043	18.7613199	0.294461083
134	-0.861582521	0.496833924	18.7466761	0.29394394
135	-0.861578511	0.496823224	18.7373958	0.293832207
136	-0.861631138	0.497211998	18.7600576	0.294036294
137	-0.861572478	0.497325245	18.7433833	0.293537781
138	-0.861551762	0.497277824	18.7324792	0.293260551
139	-0.861570712	0.497182798	18.731438	0.29345646
140	-0.861560893	0.497241193	18.7174121	0.293424657
141	-0.861536665	0.497086586	18.703681	0.293253106
142	-0.861488663	0.496871892	18.6796982	0.292244423
143	-0.861528293	0.496946808	18.6955169	0.293035636
144	-0.861539199	0.497128519	18.7080474	0.293229389
145	-0.861510793	0.496777207	18.6929797	0.292474814
146	-0.861460769	0.496919786	18.6874974	0.29199463
147	-0.861411023	0.496802823	18.6738041	0.291974286
148	-0.861467927	0.496949492	18.698357	0.292690946
149	-0.86137733	0.496634688	18.6641534	0.291650389
150	-0.861337439	0.496565352	18.6513562	0.291247973
151	-0.86134436	0.496928115	18.6564732	0.291554411
152	-0.861308033	0.496937386	18.6387811	0.291177974
153	-0.861281983	0.49688888	18.6273169	0.291001098
154	-0.86126905	0.496878739	18.6283038	0.290943403
155	-0.861288192	0.496920454	18.6434415	0.290933471
156	-0.861260661	0.496649033	18.6318967	0.290848436
157	-0.861234545	0.496468339	18.6234954	0.290687771
158	-0.861188981	0.496388383	18.6048313	0.290545241
159	-0.861198997	0.496700548	18.6114368	0.291049233
160	-0.861200816	0.496960372	18.6272878	0.291020775
161	-0.861224038	0.497137342	18.6350691	0.291450335
162	-0.861205436	0.49696529	18.6235581	0.291585383
163	-0.861200773	0.496817137	18.6224506	0.291685276
164	-0.861187298	0.497161676	18.6262093	0.291745366
165	-0.861145081	0.496951687	18.6144432	0.291346158
166	-0.861145679	0.497019235	18.6185418	0.290792386
167	-0.861149281	0.49715531	18.627502	0.291147904
168	-0.861123648	0.497163808	18.6240955	0.291113357
169	-0.861137973	0.4972741	18.6321839	0.291627645
170	-0.861091876	0.497297033	18.6207058	0.291019694
171	-0.861058196	0.497321268	18.6191999	0.291141404
172	-0.8610634	0.497279377	18.6311866	0.291456023
173	-0.86104746	0.497141878	18.6237354	0.291462012
174	-0.861061815	0.496962307	18.6143282	0.291316046
175	-0.861011052	0.496589226	18.5910461	0.290454331
176	-0.861000771	0.496558932	18.5864194	0.290074932
177	-0.860988257	0.496567033	18.5842162	0.290147299
178	-0.860990702	0.496592185	18.580352	0.28989018
179	-0.860978365	0.496710919	18.5763496	0.289644492
180	-0.860982717	0.496589537	18.5630033	0.289193622
181	-0.860984422	0.49657571	18.561226	0.288805635
182	-0.860957403	0.496505601	18.5484121	0.288428374
183	-0.860961204	0.49645816	18.551744	0.288536699
184	-0.860962822	0.49656818	18.550602	0.28864763
185	-0.860972037	0.496530349	18.5533642	0.288703481
186	-0.86100059	0.496577784	18.5667411	0.288607978
187	-0.86102971	0.496560236	18.569859	0.288700492
188	-0.861012203	0.496332848	18.557397	0.288263362
189	-0.861025674	0.496527514	18.5575519	0.28828055
190	-0.861048545	0.496366005	18.5573056	0.288439895
191	-0.8610799	0.496531343	18.5728308	0.289146848
192	-0.861072771	0.496535862	18.5718321	0.289315625
193	-0.861089198	0.496474412	18.574337	0.289199793
194	-0.861086059	0.496514263	18.5787295	0.289280268
195	-0.861104621	0.496556151	18.5889557	0.289526421
196	-0.861119137	0.496560894	18.5924566	0.289673163
197	-0.861110197	0.496364933	18.5925382	0.289461096
198	-0.861076022	0.496411708	18.5811008	0.289554646
199	-0.861102962	0.496498841	18.5947503	0.289688784
200	-0.861120257	0.496387459	18.6014256	0.28986286
