1	-0.90681776	0.530426587	31.6268571	0.396488
2	-0.9146902	0.505233067	32.8823829	0.47231
3	-0.910844107	0.518026157	31.4831771	0.437538667
4	-0.90878282	0.510060144	30.19742	0.413141
5	-0.909294384	0.512642326	30.4751383	0.4120792
6	-0.912271747	0.515703761	31.8434762	0.442987333
7	-0.912370674	0.515391951	31.826302	0.444076571
8	-0.91360971	0.51623113	32.3454757	0.4628355
9	-0.913505236	0.519378392	32.3107137	0.461884
10	-0.912440208	0.523763203	31.9332023	0.4527304
11	-0.912453004	0.523850119	31.9657392	0.447341091
12	-0.91216212	0.523355946	31.84048	0.436506
13	-0.911780308	0.523195387	31.684524	0.436830769
14	-0.912357777	0.524132744	31.9438229	0.447031714
15	-0.912073755	0.522260889	31.9328008	0.4390744
16	-0.912064995	0.521444491	31.7446379	0.43899975
17	-0.911869421	0.521571224	31.670962	0.429682824
18	-0.912164951	0.522044548	31.7988673	0.432514222
19	-0.911967183	0.522827488	31.6911795	0.434696
20	-0.912076468	0.522303409	31.6828303	0.4388234
21	-0.912297223	0.520764998	31.7425845	0.441546857
22	-0.911699415	0.517313943	31.3891465	0.434461636
23	-0.912039805	0.520045923	31.6069436	0.438459826
24	-0.912155473	0.518590419	31.621599	0.439323667
25	-0.91202719	0.518148138	31.5651707	0.43899152
26	-0.912055175	0.519293556	31.5819965	0.440743385
27	-0.91201419	0.518858861	31.5788406	0.443405778
28	-0.912157297	0.519364109	31.7213388	0.444279143
29	-0.912457377	0.520510989	31.9462144	0.447061931
30	-0.912610827	0.520846256	32.0455131	0.449701333
31	-0.912772072	0.519601853	32.0801932	0.449558452
32	-0.91243475	0.517911336	31.8853721	0.4473625
33	-0.912529859	0.518494103	31.9383491	0.45029903
34	-0.912151151	0.5182701	31.7573287	0.448275176
35	-0.912127797	0.51872073	31.7693234	0.449441257
36	-0.912259084	0.518503989	31.7592724	0.451343111
37	-0.912058253	0.518620851	31.7102968	0.448058595
38	-0.912109954	0.518251993	31.7935134	0.444792421
39	-0.912125955	0.517426278	31.787668	0.445272103
40	-0.91198204	0.516061251	31.718332	0.443852
41	-0.912101424	0.515834205	31.7564978	0.444817561
42	-0.911961859	0.513902045	31.6584152	0.441569143
43	-0.911870082	0.513497589	31.574446	0.438778512
44	-0.911994793	0.514921538	31.635466	0.439839636
45	-0.911804965	0.514287285	31.5311017	0.440266044
46	-0.911739889	0.514499848	31.5081704	0.438759652
47	-0.911755666	0.514918844	31.5308693	0.440447149
48	-0.911654562	0.515009565	31.4719455	0.438986417
49	-0.911885708	0.5138911	31.5251914	0.441428245
50	-0.911827326	0.514205703	31.4976953	0.44207032
51	-0.911726587	0.514519359	31.480214	0.44194502
52	-0.911655082	0.515148692	31.4362143	0.441261769
53	-0.91173485	0.514525999	31.4488065	0.441406642
54	-0.911643287	0.513971475	31.4183371	0.440268074
55	-0.911943757	0.514559385	31.5811227	0.443711491
56	-0.91196461	0.515433593	31.6117182	0.4440805
57	-0.912027596	0.515689891	31.6276964	0.443849965
58	-0.912212332	0.515924212	31.6915304	0.445395931
59	-0.912102797	0.514567834	31.6105652	0.442760203
60	-0.912018263	0.514432772	31.5654897	0.441706467
61	-0.911931154	0.514172046	31.5177474	0.440433115
62	-0.912003368	0.514250702	31.5555156	0.441065161
63	-0.912211429	0.514895376	31.6429181	0.443244444
64	-0.912307498	0.515007292	31.69167	0.443924875
65	-0.912497618	0.515157108	31.7797396	0.445170154
66	-0.912452375	0.515764233	31.7788296	0.446036909
67	-0.912676974	0.515602955	31.8478062	0.447490507
68	-0.912639129	0.516616845	31.8502376	0.447944706
69	-0.912645369	0.516548954	31.8603082	0.448419188
70	-0.912688149	0.516707037	31.8729894	0.448978857
71	-0.912534841	0.516444222	31.797971	0.446296958
72	-0.912616302	0.516459792	31.8329324	0.446315111
73	-0.912693921	0.516039648	31.8705044	0.446033041
74	-0.912671783	0.515403758	31.8497296	0.445135081
75	-0.912656343	0.515534557	31.8487433	0.44538784
76	-0.912606234	0.515882995	31.8202701	0.444243263
77	-0.912708475	0.515929364	31.8576447	0.444945818
78	-0.912643038	0.515904804	31.8289843	0.443654462
79	-0.912492648	0.515268215	31.7727126	0.44205519
80	-0.912524916	0.515194422	31.790186	0.4413008
81	-0.912576996	0.515574652	31.8333119	0.442118914
82	-0.912607783	0.514804943	31.8335359	0.44294039
83	-0.912469711	0.514783675	31.7683251	0.4419
84	-0.912327382	0.514281603	31.720577	0.439559571
85	-0.912327347	0.514777552	31.7213367	0.439703812
86	-0.912261238	0.515318034	31.684848	0.439103767
87	-0.912234421	0.5155876	31.6730269	0.439808414
88	-0.912168015	0.515713735	31.6751834	0.439491636
89	-0.912216818	0.516407819	31.6884235	0.440198202
90	-0.912272478	0.516751304	31.7229978	0.441086133
91	-0.912142603	0.516648095	31.6664576	0.440167516
92	-0.912059742	0.5164968	31.6100463	0.43962187
93	-0.912024574	0.516551854	31.6019739	0.439022237
94	-0.911966962	0.516639083	31.5725289	0.438058723
95	-0.911976809	0.516731544	31.5789403	0.436777305
96	-0.91187382	0.516147516	31.5131345	0.436386833
97	-0.911880453	0.516064954	31.5017842	0.436909237
98	-0.911747209	0.515782472	31.4562581	0.434646163
99	-0.911718445	0.515642327	31.4317102	0.434350545
100	-0.911680642	0.515887724	31.4145386	0.43430412
1	-0.90990328	0.547656894	33.1043771	0.453964
2	-0.916168	0.516202789	33.6105486	0.501
3	-0.911926427	0.524684962	31.9790438	0.456721333
4	-0.90960032	0.513939277	30.5703486	0.427516
5	-0.910007936	0.516288886	30.7769966	0.4235968
6	-0.912854293	0.51845488	32.0972381	0.452581333
7	-0.912913783	0.51759659	32.0434678	0.452317714
8	-0.91406762	0.517791532	32.54066	0.470081
9	-0.913918018	0.520661976	32.4822184	0.468256444
10	-0.912798544	0.525135324	32.0895497	0.4584872
11	-0.912772887	0.525171301	32.11344	0.452608
12	-0.91247484	0.524584884	31.9747067	0.441342
13	-0.912081422	0.524217848	31.8047604	0.441301846
14	-0.912636657	0.525216736	32.0552384	0.451175714
15	-0.912336373	0.52322563	32.0364053	0.442925333
16	-0.912297835	0.522409604	31.8419507	0.44261675
17	-0.91208256	0.522444798	31.7614588	0.433069176
18	-0.912381204	0.522668089	31.8856679	0.435726889
19	-0.912176888	0.52333567	31.7758887	0.437770737
20	-0.912272484	0.522754963	31.7635137	0.4417242
21	-0.912481398	0.521355122	31.8194171	0.444317524
22	-0.911883418	0.517967373	31.4623647	0.437098182
23	-0.912217746	0.520356218	31.6785431	0.440991652
24	-0.912333823	0.518849679	31.6904519	0.441741167
25	-0.912208778	0.518308001	31.6313147	0.44130288
26	-0.912234572	0.519538665	31.6470418	0.442974769
27	-0.912188421	0.518981807	31.6404605	0.445539556
28	-0.912330386	0.519461907	31.7810176	0.446347857
29	-0.91263331	0.520606951	32.0055318	0.449072414
30	-0.912778483	0.521025746	32.1026762	0.451644133
31	-0.912922387	0.519768521	32.1353626	0.451448387
32	-0.912573173	0.518187433	31.9381818	0.449171125
33	-0.912665084	0.51880599	31.9884499	0.452042061
34	-0.912287504	0.518569461	31.8050249	0.449963412
35	-0.912256944	0.51897774	31.8154766	0.4510872
36	-0.912374931	0.518996727	31.8041743	0.452935444
37	-0.912178493	0.519030325	31.7543947	0.44960573
38	-0.912225234	0.518605371	31.8366027	0.446303789
39	-0.912239329	0.517788998	31.8297796	0.446756205
40	-0.91208943	0.516424775	31.7594426	0.4452915
41	-0.912204622	0.516185073	31.7960939	0.44621161
42	-0.912061305	0.514221125	31.6975948	0.442941429
43	-0.911967957	0.513675951	31.6122825	0.440109488
44	-0.912097044	0.514957684	31.67272	0.441134
45	-0.911911227	0.51436414	31.56872	0.441543556
46	-0.91185515	0.514442137	31.5451834	0.440009652
47	-0.911878163	0.514917912	31.566765	0.441669872
48	-0.911772748	0.514969879	31.5063483	0.44017075
49	-0.911994088	0.513890844	31.5583023	0.442586041
50	-0.911933813	0.51423298	31.5302018	0.44321064
51	-0.911827304	0.514524636	31.5121766	0.443059294
52	-0.91176254	0.515017645	31.468133	0.442350077
53	-0.911840098	0.514474255	31.4804621	0.442480377
54	-0.911741747	0.513949161	31.4484713	0.441316963
55	-0.912037421	0.514582147	31.6105531	0.444736509
56	-0.912057799	0.515532436	31.6417067	0.445097071
57	-0.912119102	0.515812786	31.657849	0.444846316
58	-0.91230316	0.516077382	31.7211667	0.446371793
59	-0.912201302	0.514691852	31.6395738	0.443719322
60	-0.912113541	0.514561136	31.5939341	0.4426504
61	-0.912023335	0.514323105	31.546157	0.441363475
62	-0.912097431	0.514420179	31.5830645	0.441974774
63	-0.912300237	0.515092833	31.6695407	0.444135683
64	-0.912391396	0.515240569	31.7183813	0.444801062
65	-0.91258362	0.51541826	31.8063703	0.446030215
66	-0.912536752	0.515960289	31.8055875	0.446892121
67	-0.91276905	0.515722101	31.8744493	0.448339045
68	-0.912728416	0.516771104	31.8769872	0.448779647
69	-0.912734214	0.516711508	31.8866349	0.449244058
70	-0.91277861	0.516831803	31.8989678	0.449793371
71	-0.912619961	0.516638513	31.823148	0.447093803
72	-0.912701304	0.516619618	31.8580819	0.447098556
73	-0.912776296	0.516178966	31.8948938	0.446809315
74	-0.912750136	0.515524949	31.8737609	0.445896
75	-0.912734563	0.51561821	31.8721513	0.446141493
76	-0.912683327	0.515988189	31.8437078	0.444987421
77	-0.912781905	0.516087926	31.8807403	0.445677091
78	-0.912718786	0.516023467	31.8521201	0.444380308
79	-0.912571448	0.515365617	31.7956495	0.442769873
80	-0.912599677	0.51530024	31.8132567	0.44200885
81	-0.912651485	0.515634877	31.8557575	0.442816247
82	-0.912685753	0.514837614	31.8563182	0.443634
83	-0.912547682	0.514763967	31.7909414	0.442588916
84	-0.912404228	0.514283295	31.7425604	0.440239952
85	-0.912397332	0.514810613	31.7424695	0.440374824
86	-0.912331612	0.51536886	31.7061875	0.439775953
87	-0.912299114	0.515706885	31.6942282	0.44047292
88	-0.912235595	0.51585063	31.6962131	0.4401525
89	-0.912284667	0.516464684	31.7090196	0.440849079
90	-0.912342626	0.516772671	31.7434253	0.441731289
91	-0.912213562	0.516658205	31.6868085	0.440809978
92	-0.912129136	0.516549883	31.6300447	0.440252435
93	-0.912096631	0.516642339	31.6219853	0.439648731
94	-0.912039509	0.516648075	31.5925511	0.438677574
95	-0.912044562	0.516732851	31.5986816	0.437385979
96	-0.91194357	0.51615256	31.5330202	0.436995167
97	-0.91195583	0.516023713	31.5216615	0.437515216
98	-0.911819207	0.515767835	31.4760946	0.435250163
99	-0.911789276	0.515630492	31.4515748	0.434950667
100	-0.911750129	0.515884475	31.4345352	0.43490644
101	-0.911756742	0.516005953	31.433816	0.435357901
102	-0.91176404	0.515901769	31.4631002	0.435449059
103	-0.911781745	0.516076003	31.4740528	0.436155223
104	-0.911698953	0.515842376	31.445272	0.435124577
105	-0.911565231	0.51549045	31.3793713	0.432695848
106	-0.911597014	0.516130794	31.4009929	0.433303509
107	-0.911595676	0.516101883	31.3837595	0.433211813
108	-0.911538931	0.516028967	31.3516289	0.43312063
109	-0.911540299	0.516480519	31.3595843	0.433550716
110	-0.911590777	0.516244171	31.3671042	0.434084291
111	-0.91152867	0.516154513	31.3277807	0.43384973
112	-0.911616998	0.51625432	31.3739079	0.434660607
113	-0.911626527	0.516304292	31.3612233	0.435004212
114	-0.911676399	0.516269827	31.3733787	0.435402421
115	-0.911671549	0.515942579	31.3636283	0.435386157
116	-0.91175722	0.515959605	31.3998726	0.43618169
117	-0.911944671	0.516138894	31.4885335	0.437848957
118	-0.911947901	0.516327797	31.4946539	0.437913695
119	-0.911920886	0.516342526	31.4906555	0.438289681
120	-0.911928942	0.516409997	31.4846479	0.438700433
121	-0.911963137	0.516344571	31.4828616	0.43904281
122	-0.911998057	0.516278212	31.4909837	0.439424164
123	-0.912000634	0.51609631	31.5042554	0.43869187
124	-0.911981982	0.516451131	31.5078841	0.43895071
125	-0.912019051	0.516640374	31.5423935	0.440059744
126	-0.911927834	0.516039534	31.4762036	0.439163143
127	-0.911839754	0.515804777	31.4295529	0.438469575
128	-0.91179344	0.516048488	31.4219957	0.4379345
129	-0.911827707	0.515952711	31.4249363	0.438098512
130	-0.911735031	0.516129747	31.4077758	0.437637723
131	-0.91175196	0.515812751	31.4036789	0.437622443
132	-0.911774838	0.515983885	31.4199681	0.437775242
133	-0.911793009	0.516150329	31.4371266	0.43746397
134	-0.911850327	0.516447214	31.4649151	0.437734239
135	-0.911833434	0.516091504	31.4501352	0.437642074
136	-0.911886885	0.516182211	31.469512	0.438600147
137	-0.911790819	0.516236793	31.4441825	0.437432934
138	-0.91176071	0.515878003	31.4245878	0.436647072
139	-0.911797308	0.516032439	31.4327369	0.436164662
140	-0.911744503	0.515663433	31.3928283	0.435399457
141	-0.911646314	0.515834757	31.3559323	0.43432139
142	-0.911672638	0.515949476	31.3528142	0.434522056
143	-0.911691133	0.515912101	31.3539931	0.434640587
144	-0.911671241	0.515959768	31.3393048	0.434237056
145	-0.911724775	0.516117916	31.3576004	0.435024966
146	-0.911669419	0.516232499	31.3349515	0.43429011
147	-0.911702293	0.516125003	31.3456966	0.434804463
148	-0.911614684	0.515737583	31.2952021	0.433947703
149	-0.911545533	0.515820912	31.2742862	0.433169289
150	-0.911567447	0.516070908	31.282979	0.43362568
151	-0.911633791	0.516230364	31.3096282	0.434251126
152	-0.911651767	0.516529035	31.3285974	0.434680447
153	-0.911671583	0.517001842	31.3452591	0.435315085
154	-0.911685725	0.517045878	31.3481018	0.435356364
155	-0.91170212	0.517022364	31.3517547	0.435415665
156	-0.911692115	0.517320746	31.3565766	0.435692923
157	-0.91172095	0.517322298	31.3695549	0.435790166
158	-0.911681067	0.5170168	31.337899	0.435172329
159	-0.91171015	0.517146971	31.3588079	0.435947748
160	-0.911681925	0.517431102	31.3608914	0.43545625
161	-0.911710862	0.517464619	31.3708363	0.435791528
162	-0.911664697	0.51773593	31.3542393	0.435659556
163	-0.911611234	0.517436911	31.3242331	0.435013227
164	-0.911593873	0.51752674	31.3215509	0.435110707
165	-0.911556537	0.51756623	31.3192738	0.434224436
166	-0.911579262	0.517678923	31.3338667	0.434483566
167	-0.911512525	0.51777785	31.3097207	0.434366371
168	-0.911452882	0.517695873	31.2864325	0.433294095
169	-0.911475545	0.517703553	31.3004472	0.43387903
170	-0.911476081	0.517752041	31.3001524	0.434004071
171	-0.911386237	0.51784182	31.2788243	0.432479111
172	-0.911374087	0.517499069	31.2676299	0.432527628
173	-0.911375162	0.517606987	31.2704825	0.432126867
174	-0.91135825	0.517630705	31.2633532	0.431887218
175	-0.911409488	0.517845582	31.2951788	0.43181152
176	-0.91136257	0.517762103	31.2714816	0.431419409
177	-0.911405243	0.518013222	31.3025995	0.431337853
178	-0.911433676	0.518279062	31.3133294	0.431589416
179	-0.911504807	0.518309383	31.3350777	0.432219106
180	-0.91155055	0.518351437	31.361369	0.4323564
181	-0.911535562	0.51813536	31.3520212	0.432121746
182	-0.911513507	0.517976022	31.3478037	0.431756659
183	-0.911586908	0.517874996	31.3780572	0.432615322
184	-0.91159283	0.518128401	31.39451	0.432456717
185	-0.911588227	0.517996904	31.3911723	0.432408108
186	-0.911637702	0.51798364	31.4084955	0.432902323
187	-0.911618724	0.51807425	31.3992917	0.43261108
188	-0.911602577	0.518420152	31.4058829	0.432379894
189	-0.911564602	0.518404817	31.3900755	0.432139111
190	-0.911560061	0.518400793	31.3902765	0.432024084
191	-0.911580756	0.518503964	31.4004787	0.43212888
192	-0.911508636	0.518606646	31.3745627	0.431677646
193	-0.911548904	0.518972062	31.3972108	0.431878342
194	-0.911538926	0.518927033	31.3927684	0.432218474
195	-0.911547807	0.51893432	31.4044882	0.432354462
196	-0.911560184	0.518961801	31.4108624	0.432417388
197	-0.911539019	0.518840405	31.3990701	0.432291046
198	-0.911536017	0.51883344	31.3997919	0.432653374
199	-0.911533822	0.518820876	31.3858763	0.432468
200	-0.911514027	0.51876354	31.3701807	0.43255336
