1	-0.53213512	0.251207485	2.01654118	0.038756
2	-0.53097872	0.251582143	1.98981176	0.041936
3	-0.5308884	0.248873907	1.98379137	0.0453533333
4	-0.53036364	0.24873379	1.96966824	0.040782
5	-0.530451664	0.250438028	1.96253082	0.0401032
6	-0.530546453	0.250022413	1.97064	0.040656
7	-0.530552354	0.250198631	1.98040807	0.0411605714
8	-0.53040465	0.250177296	1.98423	0.0416325
9	-0.530448116	0.251292905	1.98779765	0.0404502222
10	-0.530973624	0.251743707	1.97884941	0.0410012
11	-0.530889971	0.251758941	1.97615786	0.0407530909
12	-0.530691727	0.251427099	1.98069294	0.040453
13	-0.530464012	0.251316286	1.98575204	0.0405852308
14	-0.530251891	0.251232554	1.97584706	0.0402802857
15	-0.530200379	0.250828592	1.98039624	0.0398322667
16	-0.530163685	0.25069299	1.97347676	0.03858425
17	-0.530073666	0.250882729	1.96933813	0.0384832941
18	-0.530054009	0.251303208	1.97136523	0.037856
19	-0.529945575	0.251490866	1.96835121	0.0369418947
20	-0.529997008	0.2516747	1.96682024	0.0369504
21	-0.529878926	0.251663948	1.96305793	0.0368986667
22	-0.529876284	0.251388267	1.9643461	0.0370505455
23	-0.529964205	0.251382965	1.96188215	0.0373928696
24	-0.52986204	0.251297344	1.96083922	0.0373853333
25	-0.529959712	0.251025492	1.9628928	0.0370896
26	-0.530009366	0.251069821	1.96444561	0.0377913846
27	-0.529918447	0.250858553	1.96000174	0.0378927407
28	-0.529927517	0.25089311	1.9588637	0.038033
29	-0.529848356	0.250771363	1.95724316	0.0377005517
30	-0.529722613	0.250742937	1.95405239	0.0373306667
31	-0.52981144	0.250786161	1.95600258	0.0374365161
32	-0.529805967	0.250681875	1.95280485	0.037148375
33	-0.529713593	0.250745727	1.95135016	0.0373644848
34	-0.529632212	0.250874447	1.95220678	0.0373282353
35	-0.529687463	0.250906939	1.94731119	0.0373674286
36	-0.529701164	0.250814809	1.94898824	0.0375804444
37	-0.529658082	0.250831975	1.94844859	0.0378014054
38	-0.529716669	0.250671688	1.94733152	0.038044
39	-0.529678076	0.250720618	1.94509176	0.0380268718
40	-0.529604424	0.250639833	1.94427812	0.0381812
41	-0.52949305	0.250822338	1.94271495	0.0379793171
42	-0.529514463	0.250702861	1.94185154	0.0377612381
43	-0.529513414	0.250597979	1.94260137	0.037652093
44	-0.529452585	0.250513122	1.93946417	0.0373474545
45	-0.529490418	0.250440939	1.93925982	0.0375164444
46	-0.529537736	0.25047629	1.93977964	0.0374693913
47	-0.529522871	0.250410042	1.94029307	0.0375478298
48	-0.529518098	0.250586233	1.93819127	0.0376049167
49	-0.529508854	0.250594742	1.93981954	0.0374345306
50	-0.529519146	0.250792965	1.9413632	0.03760528
51	-0.529496819	0.25070407	1.94372632	0.0376174118
52	-0.529492954	0.250686829	1.94265828	0.03774
53	-0.529501518	0.250723713	1.94376897	0.0379513962
54	-0.529545086	0.250733724	1.94501551	0.037995037
55	-0.529556468	0.25085015	1.9444225	0.0379543273
56	-0.52949396	0.250934491	1.94397664	0.0377194286
57	-0.529494644	0.250950159	1.94417635	0.0377637895
58	-0.529491672	0.250968068	1.94459862	0.037893931
59	-0.529497752	0.250989451	1.94486955	0.0379384407
60	-0.529527013	0.250927387	1.94472675	0.0379373333
61	-0.529546496	0.250989201	1.94542326	0.0378428197
62	-0.529551258	0.250915016	1.94537298	0.0378983871
63	-0.529529566	0.250865259	1.94311178	0.0378751111
64	-0.529548975	0.250958534	1.94306971	0.03798
65	-0.529591967	0.250930597	1.94259888	0.0377768
66	-0.52957097	0.250920899	1.94175986	0.0375606061
67	-0.529615651	0.250882497	1.94248386	0.0377855522
68	-0.529614254	0.250990272	1.94285301	0.0377127059
69	-0.529617678	0.250962532	1.94312791	0.0374867826
70	-0.529612968	0.250927354	1.94458077	0.0374941143
71	-0.529610512	0.250988335	1.94345007	0.0374269859
72	-0.529582352	0.250910776	1.94302229	0.0372176111
73	-0.529540775	0.25083661	1.94091223	0.0373072329
74	-0.529553387	0.250802147	1.94112286	0.0371936757
75	-0.529570423	0.250849475	1.94174795	0.0374065067
76	-0.529591882	0.250766549	1.94114056	0.0375414737
77	-0.529622938	0.250811413	1.94197586	0.0377235325
78	-0.529587455	0.250846415	1.94066986	0.0376291795
79	-0.529586054	0.250944389	1.94157641	0.0376317975
80	-0.529591681	0.25087343	1.94046124	0.03761905
81	-0.529615803	0.250852288	1.94045821	0.0376444938
82	-0.529621368	0.2508479	1.93905481	0.0377171707
83	-0.529581038	0.25078783	1.93915912	0.0376880482
84	-0.529569537	0.25086065	1.93939686	0.0378482857
85	-0.529543405	0.250887142	1.93940894	0.0378714353
86	-0.529557334	0.250915429	1.93952011	0.0378620465
87	-0.529532298	0.251011603	1.93880795	0.0377965057
88	-0.529501568	0.250950142	1.93914733	0.0378147727
89	-0.529517433	0.250892475	1.93938485	0.037925573
90	-0.529497627	0.250914719	1.93938416	0.0379835556
91	-0.529515441	0.250951654	1.93952796	0.0379742418
92	-0.529532788	0.250966814	1.93930578	0.037848087
93	-0.529518063	0.251027175	1.93915092	0.0376923871
94	-0.529495031	0.251169107	1.93910904	0.0377472766
95	-0.529507523	0.251142744	1.94102296	0.0379656
96	-0.529486429	0.251173021	1.94144789	0.0380422917
97	-0.529502831	0.251142773	1.94134996	0.038024
98	-0.529505883	0.251189597	1.94234089	0.0379472245
99	-0.529536156	0.251295372	1.94362757	0.0380441616
100	-0.529549899	0.25125754	1.94326936	0.03795496
1	-0.531032	0.252861946	2.02064	0.038
2	-0.5309602	0.252423826	1.99113647	0.04161
3	-0.53092648	0.250671811	1.98073255	0.0449906667
4	-0.53038642	0.251641358	1.96814	0.040721
5	-0.530187264	0.252806657	1.95938824	0.0400832
6	-0.5302852	0.252107459	1.96557804	0.0405266667
7	-0.530264423	0.251692718	1.97620504	0.0410497143
8	-0.53013053	0.251217941	1.98087824	0.0416265
9	-0.530274871	0.252162786	1.98603765	0.0404546667
10	-0.530713568	0.252043465	1.97689224	0.0409184
11	-0.53072552	0.25144927	1.97322995	0.0407487273
12	-0.530501547	0.251309271	1.97678118	0.0404106667
13	-0.530231828	0.251296141	1.98157611	0.0405452308
14	-0.529956783	0.251417693	1.97191227	0.0402391429
15	-0.529926997	0.251360641	1.97581114	0.0397632
16	-0.529899725	0.251131546	1.96998029	0.03846125
17	-0.529817115	0.251294089	1.96598837	0.0383616471
18	-0.529841218	0.251767352	1.96682196	0.0377942222
19	-0.52970488	0.251572456	1.96454613	0.0369282105
20	-0.529756352	0.251878578	1.96276988	0.0369376
21	-0.529710145	0.25162108	1.95929524	0.036859619
22	-0.529652913	0.251492283	1.96002759	0.0370274545
23	-0.529725555	0.251406437	1.95778148	0.0373386087
24	-0.5297057	0.250984988	1.95698235	0.0373683333
25	-0.529784755	0.250809719	1.95917967	0.03709376
26	-0.529818766	0.250969886	1.9611886	0.0378152308
27	-0.529764486	0.250610911	1.95684915	0.0378835556
28	-0.529774657	0.250669848	1.95635126	0.0380185714
29	-0.52972331	0.250717104	1.95522077	0.0377793103
30	-0.529592024	0.251000626	1.95207294	0.0374278667
31	-0.529620488	0.251037503	1.95329321	0.0375405161
32	-0.52955968	0.251053384	1.95026765	0.037259
33	-0.529483753	0.251111415	1.9492375	0.0375209697
34	-0.529400974	0.251134593	1.95004927	0.0374722353
35	-0.529483575	0.251271891	1.94522192	0.0375158857
36	-0.529502913	0.251056101	1.94664484	0.0377234444
37	-0.529493228	0.251100508	1.94680445	0.0379370811
38	-0.529547933	0.251075057	1.9456369	0.0381650526
39	-0.529576665	0.251061297	1.94409822	0.0381460513
40	-0.529516754	0.251024615	1.94351329	0.0382977
41	-0.529408509	0.251118656	1.94178904	0.0380937561
42	-0.529429105	0.251104473	1.94123966	0.0378838095
43	-0.529418197	0.251117763	1.94186758	0.0377656744
44	-0.529380096	0.251132204	1.93863818	0.0374775455
45	-0.529420409	0.251126201	1.93861793	0.0376426667
46	-0.529460854	0.251087411	1.9391201	0.0375905217
47	-0.529441346	0.251016899	1.93940696	0.037624766
48	-0.529433525	0.251229037	1.93738402	0.0376929167
49	-0.529426557	0.251285631	1.93878992	0.0375400816
50	-0.529468152	0.25136637	1.94053016	0.0377276
51	-0.529459718	0.251285087	1.94309075	0.0377388235
52	-0.529470826	0.251116034	1.94229548	0.0378566923
53	-0.52945114	0.251123867	1.94299489	0.0380664151
54	-0.529487754	0.251109128	1.94455163	0.038121037
55	-0.529507337	0.251237873	1.9435686	0.0380650182
56	-0.529454624	0.251374157	1.9432016	0.0378383571
57	-0.529423133	0.251425112	1.94321238	0.0378794386
58	-0.529420491	0.251456087	1.94338564	0.0380176552
59	-0.529462557	0.251435908	1.94423386	0.0380702373
60	-0.529497205	0.251341441	1.94425741	0.0380736
61	-0.529522161	0.251316273	1.94444359	0.0379703607
62	-0.529529342	0.251304623	1.94406512	0.037996129
63	-0.529493837	0.251344507	1.94182521	0.0379871111
64	-0.529495222	0.251348725	1.94151544	0.038067375
65	-0.52955482	0.251241248	1.94111269	0.0378640615
66	-0.529546661	0.251258992	1.94014424	0.0376542424
67	-0.529586678	0.251274728	1.94091989	0.0378712239
68	-0.529590932	0.251398773	1.94123087	0.0377995294
69	-0.529583159	0.251368751	1.94136941	0.0375637681
70	-0.529586718	0.251362243	1.94246575	0.0375644571
71	-0.529560629	0.251373981	1.94129352	0.0374849577
72	-0.529530962	0.251331967	1.94106954	0.0372814444
73	-0.529479932	0.25125554	1.93918195	0.0373664658
74	-0.529492338	0.251147195	1.93934747	0.0372547568
75	-0.529534256	0.251238637	1.93998927	0.0374434667
76	-0.529564449	0.25118994	1.93968799	0.0375593158
77	-0.529577807	0.251228672	1.94031713	0.0377422857
78	-0.529535627	0.251147195	1.93901116	0.037648
79	-0.529526695	0.251194912	1.93990427	0.0376562532
80	-0.529530105	0.251116492	1.93871476	0.03764525
81	-0.529543575	0.25111201	1.93893473	0.037662716
82	-0.529566312	0.251023713	1.93774692	0.037735122
83	-0.529520927	0.250933179	1.93768652	0.0376993735
84	-0.529500017	0.250996716	1.9380279	0.0378532381
85	-0.529470436	0.251026613	1.93799175	0.0378794353
86	-0.529494286	0.251082286	1.93814506	0.0378677674
87	-0.529473492	0.251117546	1.93738445	0.0377987586
88	-0.529425935	0.251088999	1.93783401	0.0378149091
89	-0.529438758	0.251051458	1.93819939	0.0379288989
90	-0.529428321	0.251103311	1.9382822	0.0379982667
91	-0.529446409	0.251183116	1.93853963	0.0379907692
92	-0.52947094	0.251139494	1.93845448	0.0378861304
93	-0.529461256	0.251166437	1.93821278	0.0377337634
94	-0.529444846	0.25127335	1.93817682	0.0377784681
95	-0.529465675	0.251281022	1.94000946	0.0379826947
96	-0.5294493	0.251269487	1.94051127	0.038065
97	-0.529473166	0.251262829	1.940444	0.0380418144
98	-0.529478711	0.251304441	1.94150007	0.0379722857
99	-0.529503637	0.251358709	1.94271767	0.0380667071
100	-0.529527472	0.251285691	1.94239473	0.0379736
101	-0.529553466	0.251251786	1.94243303	0.0379861782
102	-0.52958266	0.251230688	1.94249292	0.0380349804
103	-0.529561793	0.251322537	1.94353855	0.0380469126
104	-0.529535748	0.25131889	1.94237914	0.0381181923
105	-0.52950707	0.251292388	1.94262897	0.0382601524
106	-0.529532887	0.251287955	1.942398	0.0381726415
107	-0.529532021	0.251271263	1.94284385	0.0382758131
108	-0.529529713	0.251227812	1.94299351	0.0384041852
109	-0.529543223	0.251223095	1.94284827	0.0383941651
110	-0.529540977	0.25125715	1.94268988	0.0384997818
111	-0.52952199	0.251292256	1.94194311	0.0385607568
112	-0.529529316	0.251252067	1.94177294	0.0385193571
113	-0.529534693	0.251251987	1.94091411	0.0383771327
114	-0.529525076	0.251243778	1.94040846	0.0383029123
115	-0.529516785	0.251241277	1.94007529	0.0383088
116	-0.529501579	0.251209981	1.93939286	0.0381858621
117	-0.529526304	0.251246053	1.94009074	0.0382810256
118	-0.529519881	0.251299127	1.93985559	0.0381737288
119	-0.529564932	0.251278973	1.93954653	0.038189479
120	-0.529560187	0.251351983	1.93949443	0.038086
121	-0.529585057	0.251372027	1.93986474	0.038105719
122	-0.52958045	0.251419266	1.94059529	0.0381733443
123	-0.529587797	0.251392796	1.94102535	0.0381638374
124	-0.529575124	0.251363856	1.9411263	0.0382400645
125	-0.529600215	0.251311613	1.94137773	0.038266752
126	-0.529606928	0.251357825	1.94167242	0.0383686032
127	-0.529637923	0.251363128	1.94150633	0.0384536063
128	-0.529645463	0.251311078	1.94098482	0.0383762812
129	-0.529665234	0.251301767	1.94030731	0.03844
130	-0.529647893	0.251242716	1.93964445	0.0383484923
131	-0.529662612	0.251242274	1.93994665	0.0382634198
132	-0.529669628	0.251247724	1.93963619	0.0382299091
133	-0.529676737	0.251245984	1.93962855	0.0382729624
134	-0.529690109	0.251288259	1.94051445	0.0382099403
135	-0.529698004	0.251263515	1.94022459	0.0382483259
136	-0.529689854	0.251292044	1.93938201	0.0382574118
137	-0.529680805	0.251298855	1.93905553	0.0381570219
138	-0.529672938	0.251244234	1.93940113	0.0382208116
139	-0.529690215	0.25123642	1.93983895	0.0382632806
140	-0.529697508	0.25128363	1.93952508	0.0382411143
141	-0.529686908	0.251247365	1.94002126	0.0382148936
142	-0.529655931	0.251246913	1.93984043	0.0382387887
143	-0.529670387	0.251254588	1.94000418	0.0381766993
144	-0.529656949	0.2512467	1.93991405	0.0381196667
145	-0.529646854	0.251291589	1.93968659	0.0381385655
146	-0.529642496	0.251339331	1.93940745	0.0380590685
147	-0.529636549	0.251330867	1.93960246	0.0380913741
148	-0.529620032	0.251379061	1.93899161	0.0380989189
149	-0.529624369	0.251401478	1.9396583	0.0381070336
150	-0.529629954	0.251405029	1.93949214	0.0382097067
151	-0.529608372	0.251388928	1.93895464	0.0382782252
152	-0.529597948	0.251384188	1.9384769	0.0382053158
153	-0.52956506	0.251365639	1.93856037	0.0382242614
154	-0.529589626	0.251328154	1.93894423	0.0381851948
155	-0.529594705	0.251324053	1.93909365	0.0382075097
156	-0.52956611	0.251320853	1.93820036	0.0381952308
157	-0.529577968	0.251288398	1.93806855	0.0383353376
158	-0.52961569	0.251259642	1.9388389	0.0383743797
159	-0.529616442	0.251235773	1.93912181	0.0383113962
160	-0.529613976	0.251257553	1.93931865	0.0382888
161	-0.529613256	0.251236317	1.93937137	0.0382801739
162	-0.529606107	0.251284489	1.93955219	0.0383300247
163	-0.529596402	0.251306074	1.93954518	0.0383231902
164	-0.529594456	0.251312821	1.93967392	0.0383593659
165	-0.529580551	0.251299527	1.939618	0.038363297
166	-0.529573138	0.251272284	1.93936933	0.0382761687
167	-0.529562525	0.251272608	1.93897671	0.0383010778
168	-0.529551249	0.25129319	1.93889	0.0383648333
169	-0.529531096	0.251241178	1.9384761	0.0383299645
170	-0.529514996	0.251234087	1.93805988	0.0383451059
171	-0.529506662	0.251227566	1.93770939	0.0383295673
172	-0.52951402	0.251215855	1.93798161	0.0383452093
173	-0.529537016	0.251254814	1.93885155	0.0383051561
174	-0.529545337	0.251244999	1.93937963	0.0383312184
175	-0.529555963	0.251216199	1.93977224	0.0383010286
176	-0.529556114	0.251176825	1.94005166	0.0383034091
177	-0.529558892	0.251197595	1.93984962	0.0381976949
178	-0.529551335	0.251197167	1.93943633	0.0382499101
179	-0.529554142	0.251197445	1.93947867	0.0383439553
180	-0.529547177	0.251198442	1.93959519	0.0383655111
181	-0.529550323	0.251194374	1.93998695	0.0384399116
182	-0.529566077	0.251184849	1.94023716	0.0384840879
183	-0.529572315	0.251182403	1.94002263	0.0385326776
184	-0.529572869	0.251127568	1.93979373	0.0385217174
185	-0.529575537	0.251077108	1.93972151	0.0385368649
186	-0.52959592	0.251074137	1.94022702	0.0385357634
187	-0.529618226	0.251082234	1.94037896	0.0384300107
188	-0.529633542	0.251091943	1.94082806	0.0384175106
189	-0.529630077	0.251084902	1.94047383	0.0384266243
190	-0.529645017	0.25112401	1.94122603	0.0384213684
191	-0.529660923	0.251126185	1.94150874	0.0383990366
192	-0.529663924	0.251123402	1.94078944	0.0383732708
193	-0.529657809	0.251136769	1.94062544	0.0383744041
194	-0.529671999	0.251157983	1.94097807	0.0384411753
195	-0.529687889	0.251195355	1.9410539	0.038474441
196	-0.52970381	0.251223295	1.94166965	0.0385007143
197	-0.529699234	0.251216122	1.94172966	0.0384926701
198	-0.529697192	0.251196238	1.94128097	0.0384091111
199	-0.529704474	0.251182114	1.94117954	0.0384015678
200	-0.529702628	0.251180575	1.94176238	0.03846138
