1	-0.58630776	0.306716206	2.65369067	0.068588
2	-0.58687132	0.300229487	2.63936267	0.070166
3	-0.58584136	0.299066066	2.63707556	0.0678013333
4	-0.58554462	0.298026946	2.57486267	0.062831
5	-0.585255696	0.298599458	2.57347947	0.0591048
6	-0.585338733	0.297612453	2.56316356	0.05767
7	-0.585579429	0.295316243	2.56282362	0.0573714286
8	-0.58556304	0.296193613	2.59837333	0.058002
9	-0.585608978	0.295591962	2.59945007	0.0560044444
10	-0.585637928	0.29597519	2.58779573	0.0529764
11	-0.585238895	0.296094426	2.59640921	0.0527083636
12	-0.5849788	0.296684492	2.59477689	0.0514733333
13	-0.585001871	0.296741643	2.58983303	0.0525858462
14	-0.584804446	0.296460936	2.59502095	0.0530222857
15	-0.584954208	0.296531279	2.60057387	0.0536570667
16	-0.585126435	0.296625799	2.60411767	0.05359675
17	-0.584960245	0.296477419	2.59640784	0.0533769412
18	-0.585121258	0.29685436	2.60135793	0.0538851111
19	-0.585217251	0.296928836	2.61165333	0.054252
20	-0.58527292	0.296820636	2.61159947	0.053966
21	-0.585142107	0.296735154	2.60936	0.0538481905
22	-0.585053538	0.296344608	2.61070521	0.0544769091
23	-0.585029489	0.296111194	2.6063847	0.0538396522
24	-0.584909653	0.296312309	2.606132	0.0543326667
25	-0.584813424	0.296032507	2.60304832	0.0534712
26	-0.584729914	0.296184277	2.59801436	0.0530495385
27	-0.584651698	0.296122611	2.59606874	0.0532367407
28	-0.584670569	0.296075364	2.59458343	0.0524998571
29	-0.584669054	0.296188454	2.59592607	0.0523630345
30	-0.584658376	0.296041418	2.59641867	0.0524121333
31	-0.584694101	0.296123356	2.59722288	0.0522018065
32	-0.584679422	0.295673888	2.6000415	0.052133625
33	-0.584581709	0.295855037	2.60317689	0.0521763636
34	-0.584492393	0.296073102	2.60549443	0.0522784706
35	-0.584513013	0.296083531	2.60844053	0.0519592
36	-0.58461432	0.296034371	2.61028326	0.0520604444
37	-0.584525027	0.295898945	2.60618076	0.051872973
38	-0.584535234	0.29569901	2.60661025	0.0522669474
39	-0.584494521	0.295653198	2.60520875	0.0521209231
40	-0.584469748	0.295665026	2.60451387	0.0524874
41	-0.584372484	0.295987444	2.60540826	0.0525559024
42	-0.58432188	0.295844314	2.60521841	0.0521130476
43	-0.584321126	0.29606713	2.60597891	0.0520376744
44	-0.584282318	0.295981843	2.60513855	0.0519068182
45	-0.584309147	0.295873919	2.60331698	0.0518395556
46	-0.584418263	0.295862859	2.60284441	0.0518783478
47	-0.584412683	0.295689135	2.60398899	0.0518851915
48	-0.58439451	0.295781899	2.60639556	0.0525838333
49	-0.584344888	0.29595481	2.60785045	0.0525342041
50	-0.584394293	0.296127708	2.61021664	0.05264264
51	-0.584379995	0.296096527	2.61134818	0.0527566275
52	-0.584328674	0.29611506	2.61192985	0.0528875385
53	-0.584354258	0.295987986	2.61481681	0.0525506415
54	-0.584393182	0.2961971	2.61237175	0.0525998519
55	-0.584389737	0.296138301	2.61358565	0.0523741091
56	-0.584377567	0.29619966	2.61534105	0.0523426429
57	-0.584377305	0.296250479	2.61373867	0.0522757895
58	-0.584426099	0.296235526	2.61212726	0.0523187586
59	-0.584384949	0.296106841	2.61098016	0.051959322
60	-0.584403851	0.296256848	2.61442098	0.0520392
61	-0.584440792	0.296204225	2.61386877	0.051803541
62	-0.584430574	0.296261505	2.61542443	0.0518706452
63	-0.584391749	0.296209059	2.61464906	0.0517080635
64	-0.5843519	0.296119324	2.61221167	0.0514575
65	-0.584401254	0.296107331	2.61190638	0.0516011692
66	-0.58436876	0.296147313	2.61039394	0.0514986061
67	-0.58438859	0.296111481	2.6096839	0.0512444179
68	-0.584383872	0.296169872	2.61034784	0.0514641765
69	-0.584341441	0.296050623	2.6059714	0.0511126377
70	-0.584285771	0.296137485	2.60521554	0.0509342857
71	-0.584271448	0.296184504	2.60281405	0.0509470423
72	-0.584283964	0.296194214	2.60150993	0.0507926667
73	-0.584267328	0.296409927	2.60383905	0.0510102466
74	-0.584316051	0.296353954	2.60420389	0.0510187568
75	-0.584322223	0.29642688	2.60493511	0.0512151467
76	-0.584350103	0.296369646	2.606144	0.0511630526
77	-0.584375111	0.296209611	2.60627934	0.0508542338
78	-0.584356726	0.296200172	2.6060852	0.0509388718
79	-0.584362976	0.296242846	2.60696297	0.0508374177
80	-0.584399711	0.296368671	2.6078714	0.05081555
81	-0.584432626	0.29643458	2.60786805	0.0507078519
82	-0.584419312	0.296533654	2.60921932	0.0507217073
83	-0.584466196	0.29651006	2.61026557	0.0508326747
84	-0.584444412	0.296539345	2.61241644	0.0508777619
85	-0.584452676	0.29659245	2.61333534	0.0509114353
86	-0.584448793	0.296537962	2.60986003	0.0509326977
87	-0.584441657	0.296613604	2.61048067	0.0509931954
88	-0.58441076	0.296634885	2.60879612	0.0509652727
89	-0.584429882	0.296597834	2.60732968	0.0509278202
90	-0.584411889	0.296578081	2.6074435	0.0508966667
91	-0.584419826	0.296619167	2.60858303	0.0509297582
92	-0.58444087	0.296652828	2.61081246	0.0511478696
93	-0.58442392	0.296671033	2.60884479	0.0511314839
94	-0.584393408	0.296709227	2.60834962	0.0512448511
95	-0.584410731	0.296647039	2.6090062	0.0512776
96	-0.584401019	0.296638619	2.60840683	0.051330125
97	-0.584411002	0.296656512	2.60907414	0.0513336082
98	-0.584416069	0.296690636	2.60894623	0.0511953061
99	-0.584401179	0.296713905	2.60948854	0.0511215758
100	-0.584415406	0.296718951	2.61047952	0.05113428
1	-0.58451528	0.299036914	2.646608	0.066564
2	-0.58646724	0.295940291	2.642904	0.069962
3	-0.585628667	0.295030124	2.64302044	0.0674333333
4	-0.58524608	0.296266851	2.57952	0.062804
5	-0.58476344	0.297100142	2.57626987	0.059132
6	-0.58485532	0.297295678	2.56511556	0.057766
7	-0.585197977	0.294709829	2.56109181	0.0573845714
8	-0.58530958	0.294923669	2.59735467	0.058179
9	-0.585386462	0.295017134	2.60037274	0.0559897778
10	-0.585289512	0.295946228	2.58772427	0.0528756
11	-0.584988102	0.296675194	2.59694642	0.0526050909
12	-0.584767413	0.29696764	2.59555822	0.0514373333
13	-0.584758917	0.2968835	2.59050174	0.0526227692
14	-0.584581263	0.296552393	2.59589371	0.0530631429
15	-0.584782443	0.296991712	2.60208498	0.0536821333
16	-0.58500342	0.296876925	2.60480267	0.053621
17	-0.584897186	0.296604209	2.59681004	0.0534004706
18	-0.585065209	0.296953386	2.6004557	0.0538826667
19	-0.585109015	0.296777661	2.611088	0.0542717895
20	-0.585112236	0.296990353	2.61028827	0.0539718
21	-0.585014267	0.296831935	2.60893689	0.0538942857
22	-0.584836211	0.296778122	2.60959515	0.0545196364
23	-0.584828643	0.296376176	2.60625043	0.0539191304
24	-0.584774997	0.296348646	2.60606911	0.0543998333
25	-0.584667392	0.296270987	2.60173397	0.0535296
26	-0.584600114	0.29626393	2.59654503	0.053098
27	-0.584561505	0.295979859	2.59520711	0.0532900741
28	-0.584593789	0.296006118	2.5931981	0.0525751429
29	-0.584601578	0.296248122	2.59443678	0.0524375172
30	-0.584567565	0.296451819	2.59495093	0.0524982667
31	-0.584589948	0.296454404	2.5958123	0.0523103226
32	-0.584537835	0.296132317	2.59968267	0.05222925
33	-0.584477968	0.296186019	2.60253188	0.0522620606
34	-0.584410271	0.296269087	2.60417992	0.0524194118
35	-0.584447056	0.296250177	2.60700053	0.0521013714
36	-0.584550458	0.29597014	2.60767319	0.0521784444
37	-0.584495708	0.295770093	2.6036911	0.052007027
38	-0.584517623	0.295699335	2.60410232	0.0523758947
39	-0.584518375	0.295519853	2.60267733	0.0522162051
40	-0.584483882	0.295614393	2.60233293	0.0525641
41	-0.584392468	0.295860329	2.6032562	0.0526185366
42	-0.58435897	0.295686892	2.60295149	0.0521865714
43	-0.584358817	0.29591477	2.60370729	0.052136186
44	-0.584335435	0.295825757	2.60269418	0.0519899091
45	-0.58437992	0.295738022	2.6007987	0.0519204444
46	-0.584479977	0.295665492	2.60011096	0.0519466957
47	-0.584473001	0.295563674	2.6012042	0.0519734468
48	-0.58448017	0.295712576	2.60353733	0.0526751667
49	-0.58443743	0.29592593	2.60488969	0.0526143673
50	-0.584495192	0.296196383	2.60719669	0.0527116
51	-0.584501576	0.296116722	2.60857464	0.0528278431
52	-0.584454922	0.296162471	2.60920769	0.0529614615
53	-0.584470048	0.296121344	2.61195925	0.0526193962
54	-0.5845194	0.296290037	2.6097358	0.0526737037
55	-0.584528096	0.296270523	2.61100257	0.0524557091
56	-0.584499099	0.296359908	2.6128161	0.0524192143
57	-0.584497161	0.296435483	2.61155359	0.0523597895
58	-0.584547381	0.296414411	2.6099988	0.0524173103
59	-0.584533812	0.296257651	2.60892637	0.0520532881
60	-0.584560291	0.296453045	2.61264889	0.0521612
61	-0.584595638	0.296361092	2.6122817	0.0519327213
62	-0.58459992	0.296456953	2.61414589	0.051996
63	-0.584543921	0.296503863	2.61293206	0.0518436825
64	-0.584487657	0.296484848	2.61036467	0.051595375
65	-0.584551751	0.296450334	2.60996677	0.0517414154
66	-0.584524744	0.296400514	2.60849131	0.0516553939
67	-0.58454952	0.296317932	2.60809051	0.0513924179
68	-0.584538838	0.296330002	2.60877694	0.0516301176
69	-0.584491234	0.296270173	2.60443138	0.0512573333
70	-0.584435138	0.296355052	2.60365333	0.0510940571
71	-0.58442054	0.296364182	2.60154764	0.0510945915
72	-0.584417393	0.296353231	2.60032667	0.0509363333
73	-0.584385958	0.296591301	2.60262363	0.0511554521
74	-0.584435814	0.29648757	2.60335423	0.0511636757
75	-0.584435689	0.296629036	2.60405561	0.05134176
76	-0.584468687	0.296576102	2.6053574	0.0512764737
77	-0.584474276	0.29653329	2.60548329	0.050970961
78	-0.584461322	0.296496469	2.60538879	0.0510558462
79	-0.584460292	0.296549961	2.60629117	0.0509690127
80	-0.58449479	0.296591546	2.60736587	0.0509595
81	-0.584514717	0.296629751	2.60765663	0.0508519012
82	-0.584502027	0.296582543	2.60908969	0.0508623415
83	-0.584529669	0.296565048	2.6100552	0.0509750361
84	-0.58450032	0.296532372	2.61202273	0.051016
85	-0.58450055	0.29653733	2.61298874	0.0510557176
86	-0.584498343	0.296440523	2.60958766	0.0510753023
87	-0.584483649	0.296465075	2.61024307	0.0511387586
88	-0.584442964	0.296499666	2.60841661	0.0511209091
89	-0.584455685	0.296412581	2.60684476	0.0510853933
90	-0.584437232	0.296396362	2.60717961	0.0510482667
91	-0.584438632	0.296442644	2.60831684	0.0510744615
92	-0.58446769	0.296506271	2.6105193	0.0512975652
93	-0.584446555	0.296506063	2.60864367	0.0512782796
94	-0.584425293	0.296537945	2.60841424	0.0513837872
95	-0.584449023	0.296533087	2.60929342	0.0514069474
96	-0.584454476	0.296520255	2.60895872	0.0514487917
97	-0.584470163	0.296527202	2.60963689	0.0514545567
98	-0.584467416	0.296547731	2.60951483	0.0513218367
99	-0.584461056	0.296559478	2.61000215	0.0512467475
100	-0.584484754	0.296587197	2.61119611	0.05124572
101	-0.58449811	0.296493737	2.61094611	0.0512619406
102	-0.584500755	0.296473503	2.61027048	0.0512063922
103	-0.584471914	0.29649521	2.60865745	0.0512422913
104	-0.584469355	0.296406322	2.6073619	0.0513331154
105	-0.584460214	0.296449634	2.60750532	0.0514297524
106	-0.584478413	0.296364573	2.60679572	0.0514036604
107	-0.584504443	0.296350267	2.60803315	0.0515548785
108	-0.584517549	0.296335346	2.60893467	0.0515404074
109	-0.58450912	0.296293923	2.60873267	0.051602789
110	-0.584504825	0.296252387	2.6078705	0.0514776364
111	-0.584502102	0.296238573	2.60878117	0.0515230991
112	-0.584489553	0.296291795	2.60773705	0.0514097857
113	-0.584513514	0.296219042	2.60829791	0.0514172743
114	-0.584527778	0.296262879	2.6084836	0.0515116842
115	-0.584496529	0.296327648	2.60726196	0.0515325217
116	-0.58450333	0.296406554	2.60543177	0.051501
117	-0.584490979	0.296421102	2.60487717	0.0513079316
118	-0.584463993	0.296438899	2.604904	0.0512165763
119	-0.58450388	0.296421765	2.60516782	0.0510662521
120	-0.584489068	0.296468348	2.60524836	0.0512400667
121	-0.584502658	0.296551314	2.60563606	0.0511560331
122	-0.584483155	0.296547481	2.60535795	0.0511839672
123	-0.584502641	0.296571605	2.60435256	0.0512003577
124	-0.584486179	0.296489299	2.60403135	0.0511992581
125	-0.58448795	0.296526274	2.60135782	0.051114304
126	-0.584471451	0.296582295	2.60033257	0.0509788889
127	-0.584460422	0.296523893	2.60069736	0.0509927559
128	-0.584463244	0.296536563	2.60144554	0.0510278437
129	-0.584482464	0.296509622	2.60068449	0.0510906667
130	-0.584487782	0.296525768	2.60062937	0.0510167692
131	-0.584488236	0.29659273	2.59999003	0.0509858626
132	-0.584485762	0.296525664	2.6009164	0.0510214242
133	-0.584491766	0.296527223	2.60216257	0.0511416842
134	-0.584512965	0.296462509	2.60159001	0.0512482687
135	-0.584510801	0.296386219	2.60068176	0.0511815407
136	-0.584515954	0.296433468	2.60190878	0.051333
137	-0.58451349	0.296450154	2.60221131	0.0513912701
138	-0.584505423	0.296501728	2.60288769	0.0515523188
139	-0.584499776	0.296470103	2.60316927	0.0515355683
140	-0.584494829	0.29647859	2.60383482	0.0516271429
141	-0.58448341	0.29643557	2.60344499	0.0515180426
142	-0.584464574	0.296439821	2.60391095	0.0515301127
143	-0.584478757	0.296474024	2.60437975	0.0515993846
144	-0.584483634	0.296507823	2.60473956	0.0515956111
145	-0.584475492	0.296550821	2.60616736	0.0517221793
146	-0.58444579	0.29654887	2.60625304	0.0516593699
147	-0.584440916	0.296597776	2.60663895	0.0516567075
148	-0.584427641	0.296647057	2.60664101	0.0516198919
149	-0.584444766	0.296682491	2.60723515	0.0516476779
150	-0.584452387	0.296663456	2.60761291	0.0516673333
151	-0.584448775	0.296676684	2.60810038	0.0516228344
152	-0.584452528	0.296678302	2.6077186	0.051558
153	-0.584441974	0.296679626	2.60821748	0.0515993464
154	-0.584437618	0.296626133	2.60748187	0.0515380519
155	-0.5844495	0.296669533	2.60842391	0.0516182194
156	-0.584440614	0.296704025	2.60716841	0.0515461026
157	-0.584423771	0.29664779	2.60735654	0.0514636943
158	-0.584440948	0.296625303	2.60717421	0.0515258734
159	-0.584435081	0.296543294	2.60649358	0.0513917987
160	-0.584432982	0.296508769	2.6064222	0.0512741
161	-0.584428627	0.296516529	2.60630059	0.0512027578
162	-0.584416225	0.296511874	2.60633656	0.051327284
163	-0.58442418	0.296561165	2.60665158	0.0513979632
164	-0.58441339	0.296570361	2.60540195	0.0512719512
165	-0.584403632	0.296585144	2.60526371	0.0512797576
166	-0.58441661	0.296530971	2.60575418	0.0512401205
167	-0.5844037	0.296511176	2.60585463	0.0512077365
168	-0.584384008	0.296542809	2.60436679	0.0512027619
169	-0.584381368	0.296524962	2.6046222	0.0511843787
170	-0.584358246	0.29655556	2.60392154	0.0511617176
171	-0.584334367	0.296560682	2.60298601	0.0511253567
172	-0.584322373	0.296499458	2.60292369	0.051007
173	-0.584334501	0.296505801	2.60344441	0.0509793757
174	-0.584335142	0.296531068	2.60343678	0.0509984598
175	-0.58434398	0.296455357	2.60328613	0.0509224229
176	-0.584355057	0.296482353	2.60350388	0.0507846818
177	-0.584368781	0.296482411	2.60325635	0.0507418757
178	-0.584368671	0.29648477	2.60319503	0.0506537528
179	-0.5843643	0.296460227	2.60324314	0.050570324
180	-0.584355728	0.296483213	2.60369748	0.0506064
181	-0.584366958	0.296423594	2.60402737	0.0505998453
182	-0.584389442	0.29642713	2.6040422	0.0506259341
183	-0.584385189	0.2964695	2.60364733	0.0505818361
184	-0.584380006	0.296447488	2.60326832	0.0505328913
185	-0.584384534	0.296438753	2.60362445	0.0505650811
186	-0.584399686	0.296454844	2.6041348	0.0505800215
187	-0.584405357	0.296450154	2.60365473	0.0504753369
188	-0.584412121	0.296416569	2.60387055	0.0503698936
189	-0.584398576	0.296348137	2.60256581	0.0502399153
190	-0.584399224	0.296368861	2.60204974	0.0501738105
191	-0.584406837	0.296372089	2.60262291	0.0502140942
192	-0.584413325	0.296371992	2.60212628	0.05025375
193	-0.584406689	0.296345655	2.60103063	0.0502059689
194	-0.584409816	0.29632481	2.6007561	0.050198
195	-0.584411955	0.296374836	2.6012748	0.0503126154
196	-0.584421015	0.296405363	2.60074528	0.0502772857
197	-0.584412975	0.296378642	2.60108984	0.0503299492
198	-0.584415795	0.296401333	2.60045293	0.0501857172
199	-0.584423265	0.296423383	2.60088614	0.0501984322
200	-0.584413909	0.296404371	2.60067853	0.05016146
