1	-0.759696	0.433787379	6.892384
2	-0.761308	0.43247253	7.204904
3	-0.760458667	0.428929393	7.11895467
4	-0.761328	0.428783394	7.158192
5	-0.7605472	0.429334757	7.2259456
6	-0.760926667	0.426592506	7.262644
7	-0.760826286	0.423826361	7.22684114
8	-0.760438	0.421699576	7.19085
9	-0.760717333	0.423382321	7.27577067
10	-0.7612744	0.422452795	7.3128912
11	-0.761191273	0.421170315	7.35963636
12	-0.76101	0.420279421	7.33547667
13	-0.761161846	0.420312295	7.38763077
14	-0.761113143	0.420803451	7.38070343
15	-0.761082133	0.420245022	7.35114293
16	-0.7610765	0.421068633	7.3606955
17	-0.761382588	0.421138247	7.37487576
18	-0.761423111	0.420164843	7.33913022
19	-0.761595789	0.421605305	7.34802316
20	-0.7617568	0.421638255	7.3266324
21	-0.761805714	0.421817598	7.33076038
22	-0.761666545	0.420652122	7.33971418
23	-0.761688696	0.421291041	7.36129461
24	-0.761721667	0.421105768	7.391117
25	-0.7616544	0.420608414	7.378912
26	-0.761764615	0.420604801	7.41289754
27	-0.761755556	0.420742863	7.41203822
28	-0.761831429	0.420844878	7.41293857
29	-0.761841103	0.421023226	7.41102759
30	-0.7617864	0.421370919	7.4281728
31	-0.761745032	0.421410931	7.41414271
32	-0.76178975	0.421205078	7.44329875
33	-0.761699879	0.421044284	7.40876121
34	-0.761748235	0.420548184	7.40495976
35	-0.761755429	0.420178464	7.42212754
36	-0.761623111	0.420060495	7.39338578
37	-0.76158573	0.42004581	7.40191654
38	-0.761554737	0.41958628	7.39405874
39	-0.761452103	0.419806641	7.40220574
40	-0.7614422	0.419767681	7.4106554
41	-0.761442927	0.419790217	7.41276995
42	-0.761437714	0.419700476	7.4170699
43	-0.761494326	0.419684799	7.41137098
44	-0.761478909	0.419521752	7.39932127
45	-0.761454044	0.41936868	7.40065813
46	-0.761428	0.419650159	7.40873948
47	-0.761384851	0.419516964	7.39731796
48	-0.761302167	0.420050739	7.38574333
49	-0.761315429	0.419601081	7.37476865
50	-0.7613544	0.420098245	7.3957168
51	-0.761311373	0.420365431	7.39526165
52	-0.761293692	0.420501025	7.39925631
53	-0.761385057	0.420650468	7.40985781
54	-0.761466815	0.421100311	7.41587941
55	-0.761502109	0.421419419	7.43633716
56	-0.761500429	0.421373445	7.42596543
57	-0.761517754	0.421846937	7.43243116
58	-0.761648966	0.421680369	7.44218648
59	-0.761703593	0.421511366	7.44173424
60	-0.7617036	0.421808024	7.4532388
61	-0.761767213	0.421887645	7.45646675
62	-0.761744645	0.421940187	7.44845252
63	-0.761732444	0.421840063	7.44789435
64	-0.7617305	0.421803292	7.446132
65	-0.761727508	0.421545796	7.43825132
66	-0.76173697	0.421266547	7.4255063
67	-0.761807522	0.421175865	7.43886376
68	-0.761802235	0.421477972	7.43877412
69	-0.761797101	0.421476366	7.4406327
70	-0.761771886	0.421795846	7.44877394
71	-0.761810366	0.421691365	7.44925183
72	-0.761714333	0.421857339	7.433938
73	-0.761660932	0.421819862	7.42439474
74	-0.761666054	0.421875484	7.42123935
75	-0.76165856	0.421858625	7.4263888
76	-0.761677895	0.421755311	7.43539379
77	-0.761659844	0.421660565	7.43063927
78	-0.76170041	0.421528358	7.426492
79	-0.761707443	0.421395209	7.42565519
80	-0.7617319	0.421257778	7.429055
81	-0.761784198	0.420954387	7.42833402
82	-0.761773951	0.421086205	7.42978
83	-0.761718843	0.420985504	7.41552328
84	-0.761714571	0.42112848	7.42085819
85	-0.7617536	0.421235839	7.42841788
86	-0.761765488	0.421170849	7.43102056
87	-0.761754115	0.421090838	7.42529674
88	-0.761730636	0.421107477	7.425612
89	-0.761729618	0.421089208	7.41895443
90	-0.761765244	0.421200815	7.41721564
91	-0.76175244	0.4208843	7.41231754
92	-0.761741565	0.421027772	7.41495791
93	-0.761748989	0.420927864	7.4164209
94	-0.761756085	0.421062292	7.42023532
95	-0.761751411	0.420975088	7.41477583
96	-0.76175275	0.421154424	7.418304
97	-0.761784577	0.421043355	7.41749913
98	-0.761772735	0.421053734	7.42317739
99	-0.76175903	0.420964457	7.4231162
100	-0.76177096	0.420912696	7.4246544
1	-0.759864	0.434143075	6.887568
2	-0.76154	0.431212971	7.211752
3	-0.760549333	0.42855047	7.12694933
4	-0.761478	0.427161582	7.16202
5	-0.76076	0.42800786	7.2242432
6	-0.761141333	0.424953131	7.264524
7	-0.761056	0.422465141	7.23002743
8	-0.760649	0.419590748	7.194529
9	-0.760888889	0.421277749	7.27917956
10	-0.7613736	0.420646266	7.3136384
11	-0.761251636	0.419834055	7.36116582
12	-0.761080667	0.418791884	7.33557133
13	-0.761258462	0.419364871	7.38964738
14	-0.761158857	0.419698171	7.38212743
15	-0.7611024	0.419743569	7.3522816
16	-0.7610985	0.420550216	7.3621685
17	-0.761354824	0.420823709	7.37658306
18	-0.761434667	0.419579405	7.340436
19	-0.761621895	0.420969226	7.35036968
20	-0.7617876	0.421215054	7.3280652
21	-0.761822857	0.421451312	7.33226248
22	-0.761679273	0.420267105	7.34133309
23	-0.761677913	0.42073237	7.36058643
24	-0.761722667	0.420778076	7.389489
25	-0.7616592	0.420270756	7.37812672
26	-0.761739077	0.420442732	7.41214892
27	-0.761750815	0.42037821	7.41083289
28	-0.761845714	0.420501434	7.41183143
29	-0.761862069	0.420570863	7.40976331
30	-0.761813067	0.420799045	7.4270288
31	-0.76175329	0.420643202	7.4133969
32	-0.76179275	0.420704889	7.4430195
33	-0.761711515	0.420579546	7.40901382
34	-0.761749176	0.420149336	7.40455835
35	-0.7617776	0.419684484	7.42018651
36	-0.761651778	0.419486285	7.39158867
37	-0.761612541	0.419507034	7.40075178
38	-0.761578737	0.419085339	7.39276779
39	-0.761469128	0.419283268	7.40076472
40	-0.761443	0.419225762	7.4088432
41	-0.761461659	0.419100554	7.41147239
42	-0.761451238	0.419174816	7.41555962
43	-0.761512558	0.419025737	7.40973916
44	-0.761515273	0.418844853	7.39840873
45	-0.761496533	0.418765488	7.3998368
46	-0.761473739	0.418909672	7.40820035
47	-0.761435574	0.418742804	7.39656885
48	-0.7613585	0.419263656	7.38485567
49	-0.761358857	0.41896916	7.37372065
50	-0.76140112	0.419417402	7.39446256
51	-0.761356392	0.419841556	7.39442886
52	-0.761341385	0.419967977	7.39902815
53	-0.761437132	0.420164614	7.40911849
54	-0.761506963	0.42076934	7.41497067
55	-0.761526982	0.421065096	7.4348944
56	-0.761519	0.421166178	7.42462429
57	-0.761536982	0.421472954	7.43132954
58	-0.761669379	0.421409097	7.44158952
59	-0.761731254	0.421341704	7.44123553
60	-0.7617412	0.421587892	7.45240067
61	-0.761801049	0.42163403	7.45566374
62	-0.761788129	0.421593449	7.44749716
63	-0.76177219	0.421628113	7.44698946
64	-0.76176725	0.421521518	7.4452355
65	-0.761771815	0.421323017	7.43775618
66	-0.761773333	0.421058377	7.42471564
67	-0.761839881	0.421000224	7.43860096
68	-0.761823412	0.421355487	7.43855788
69	-0.761813101	0.42138967	7.44030632
70	-0.761792229	0.421679215	7.44846983
71	-0.761840451	0.421568348	7.44889465
72	-0.761746556	0.421760867	7.43371522
73	-0.76169589	0.421688985	7.42432636
74	-0.761708649	0.421648911	7.42117838
75	-0.761704747	0.421623882	7.4262912
76	-0.761730105	0.421582468	7.43516842
77	-0.761707325	0.421552774	7.43063512
78	-0.761744308	0.421399144	7.42632349
79	-0.761746228	0.421313538	7.42546076
80	-0.7617715	0.421093045	7.4291812
81	-0.761818864	0.420815199	7.42796563
82	-0.761807805	0.42091519	7.42927834
83	-0.761748723	0.420858293	7.41475133
84	-0.761748952	0.420967357	7.42048686
85	-0.761775624	0.421052277	7.42758344
86	-0.761790698	0.420956043	7.43007647
87	-0.761786667	0.420829472	7.42447025
88	-0.761768273	0.42081203	7.42492227
89	-0.76176809	0.42079471	7.41860809
90	-0.761807022	0.420965283	7.41665076
91	-0.761801143	0.420671061	7.41192308
92	-0.761792174	0.42075264	7.41433104
93	-0.761803957	0.420582472	7.41615983
94	-0.761820426	0.42064315	7.42013149
95	-0.761818358	0.420567624	7.41497684
96	-0.761818583	0.420736947	7.41863158
97	-0.761847588	0.420637796	7.41768742
98	-0.761830612	0.420673066	7.4232378
99	-0.761816808	0.4206083	7.42347442
100	-0.76182616	0.42055907	7.42490864
101	-0.761861941	0.420601934	7.4325775
102	-0.76183098	0.420630033	7.42288675
103	-0.761786097	0.420645608	7.42017142
104	-0.761840692	0.420704308	7.42676015
105	-0.761832305	0.420703562	7.42360434
106	-0.761812755	0.42080769	7.42074513
107	-0.761819589	0.421085715	7.4243994
108	-0.761851852	0.42098323	7.43157259
109	-0.761825688	0.420944393	7.42650672
110	-0.761807564	0.420991068	7.42852415
111	-0.761740108	0.420993264	7.4197107
112	-0.761785143	0.420843564	7.4306255
113	-0.761800708	0.420856029	7.42850273
114	-0.761782877	0.420827724	7.42542744
115	-0.761771617	0.42090724	7.42300758
116	-0.761797586	0.42090583	7.42540876
117	-0.761815521	0.420908559	7.42294345
118	-0.761786102	0.420853053	7.4206198
119	-0.761826689	0.420875896	7.4213196
120	-0.761817133	0.421002805	7.421262
121	-0.761822612	0.420950455	7.42327755
122	-0.761816	0.420955356	7.42341252
123	-0.761810862	0.42098162	7.42733685
124	-0.761761419	0.421030437	7.4225011
125	-0.761718272	0.421010005	7.41296326
126	-0.761696762	0.421124265	7.41104749
127	-0.761712882	0.421213453	7.41439307
128	-0.761696187	0.421192403	7.41456869
129	-0.761674109	0.421218614	7.41422834
130	-0.761643938	0.421156589	7.4100088
131	-0.761622718	0.421134809	7.40799915
132	-0.761606727	0.421128546	7.40667794
133	-0.761631218	0.421102264	7.40808523
134	-0.761588776	0.420948915	7.40548687
135	-0.761581096	0.421032795	7.4050576
136	-0.761592471	0.420959957	7.40235659
137	-0.761600058	0.421026568	7.40911836
138	-0.761589101	0.421035822	7.40857032
139	-0.761630216	0.420972345	7.41164829
140	-0.761680229	0.420937417	7.41856989
141	-0.76166156	0.420940887	7.41698548
142	-0.761645408	0.420976937	7.41389403
143	-0.761637259	0.421030669	7.41731827
144	-0.761630278	0.421059372	7.41732739
145	-0.7616448	0.420989874	7.41982367
146	-0.761624274	0.420988167	7.4148737
147	-0.761585633	0.421098189	7.41295173
148	-0.761579514	0.420982505	7.41329832
149	-0.761572564	0.421050764	7.41667479
150	-0.761580587	0.42106551	7.41952997
151	-0.761584742	0.420963807	7.41841468
152	-0.761584316	0.42088239	7.41931647
153	-0.761565699	0.420945748	7.42208507
154	-0.761576104	0.420899153	7.41863797
155	-0.761581626	0.420840864	7.42233868
156	-0.761595692	0.420907006	7.42343123
157	-0.761590471	0.420955254	7.41893065
158	-0.761575797	0.420830357	7.41337873
159	-0.761569308	0.420682752	7.41011914
160	-0.76155295	0.420761341	7.4094527
161	-0.761534957	0.420782486	7.41226753
162	-0.761543556	0.420741232	7.40933551
163	-0.76154562	0.420720288	7.40543755
164	-0.761524976	0.420792327	7.4074182
165	-0.761519758	0.420721064	7.40756916
166	-0.761509542	0.420634012	7.40608328
167	-0.761484838	0.420668023	7.40631219
168	-0.761433714	0.420762741	7.40334943
169	-0.761464189	0.420797663	7.40747948
170	-0.761453694	0.420735906	7.40822616
171	-0.761436023	0.420757644	7.40704898
172	-0.761425163	0.42074444	7.40299419
173	-0.761424277	0.420769635	7.40196055
174	-0.761427126	0.420745945	7.40280947
175	-0.761445303	0.420688256	7.40587127
176	-0.761439909	0.420638639	7.40792245
177	-0.761442034	0.42064097	7.40765347
178	-0.761460494	0.420602685	7.41291222
179	-0.761471419	0.420572461	7.41471482
180	-0.761471956	0.420605753	7.41305764
181	-0.761484199	0.420669367	7.41536941
182	-0.76149244	0.420576386	7.41498088
183	-0.761479301	0.420630189	7.41456162
184	-0.761473696	0.420663406	7.41239678
185	-0.761460454	0.420697097	7.41159299
186	-0.761487312	0.420606102	7.41251024
187	-0.761492064	0.420615384	7.40995589
188	-0.761485064	0.42062657	7.41011821
189	-0.761499429	0.420558313	7.41230006
190	-0.761521895	0.420570872	7.41235945
191	-0.761547267	0.420612388	7.41485918
192	-0.761549	0.420584945	7.41794717
193	-0.761573762	0.420518151	7.41802516
194	-0.761569856	0.420593659	7.4185207
195	-0.761579036	0.420566223	7.41533682
196	-0.761603959	0.420485573	7.41657665
197	-0.761610761	0.420406675	7.41834879
198	-0.76161996	0.420476313	7.41884101
199	-0.761624764	0.420443147	7.41690279
200	-0.76163892	0.420380287	7.41753404
