1	-0.645624	0.343679604	3.56234462
2	-0.645928	0.333707882	3.44358769
3	-0.645341333	0.33697042	3.51769026
4	-0.645622	0.338316992	3.46862615
5	-0.6460672	0.340272581	3.46921477
6	-0.646158667	0.340578574	3.51812308
7	-0.646076571	0.340422966	3.54762022
8	-0.645924	0.34064206	3.55506923
9	-0.646733333	0.340590012	3.56244718
10	-0.6470928	0.340317201	3.55475877
11	-0.647145455	0.341568678	3.5722814
12	-0.646739333	0.341570001	3.55066718
13	-0.646596923	0.341688712	3.55574533
14	-0.646481714	0.34204273	3.5442778
15	-0.646532267	0.341408998	3.5368599
16	-0.646837	0.341787684	3.55226885
17	-0.646874824	0.342355637	3.56054443
18	-0.647108444	0.342416145	3.55983214
19	-0.646988632	0.342373956	3.55099757
20	-0.6470312	0.343171433	3.56576492
21	-0.646941714	0.343076565	3.57128938
22	-0.646866909	0.34341003	3.57241287
23	-0.646861913	0.34322597	3.56397993
24	-0.646772333	0.342912507	3.57412256
25	-0.6469408	0.34289692	3.58806991
26	-0.646925538	0.342890981	3.59088876
27	-0.646854815	0.342778603	3.58327111
28	-0.646804857	0.343275302	3.57913802
29	-0.64674869	0.34337906	3.57161634
30	-0.646735733	0.343245311	3.57527262
31	-0.646733677	0.343095542	3.57525002
32	-0.646684	0.342568277	3.56829423
33	-0.646578182	0.342779541	3.56411431
34	-0.646483294	0.343082165	3.5637162
35	-0.6464976	0.342812077	3.56242778
36	-0.646595778	0.343290702	3.56956376
37	-0.646619676	0.343439386	3.5733442
38	-0.646721474	0.343609917	3.58124356
39	-0.646638359	0.343776049	3.58073736
40	-0.64665	0.343764438	3.58467954
41	-0.646540293	0.343942567	3.58490927
42	-0.64650019	0.343749922	3.59189143
43	-0.646565953	0.343742767	3.59531134
44	-0.646581818	0.343531745	3.59886755
45	-0.646632178	0.343689497	3.5962426
46	-0.646683826	0.343486198	3.5967798
47	-0.64665617	0.343463775	3.59972648
48	-0.646638167	0.343426853	3.59942872
49	-0.646630531	0.343423553	3.59412358
50	-0.64662736	0.343349137	3.59254782
51	-0.646609569	0.343492356	3.59615035
52	-0.646591077	0.343436085	3.59702497
53	-0.646652377	0.34351861	3.59413736
54	-0.646662963	0.343541185	3.59235145
55	-0.646602909	0.343510576	3.58825264
56	-0.646539571	0.343463156	3.58678275
57	-0.646581614	0.343611341	3.58771865
58	-0.646568552	0.343695578	3.58771448
59	-0.646596203	0.343789134	3.59096459
60	-0.646551333	0.34388754	3.59199077
61	-0.646559344	0.343789761	3.59070618
62	-0.646484	0.343675551	3.58669667
63	-0.646485333	0.343659991	3.5842484
64	-0.646483375	0.343784623	3.58386692
65	-0.646445785	0.343801627	3.58279555
66	-0.646480848	0.343857018	3.58359291
67	-0.646511522	0.34379151	3.58636464
68	-0.646502824	0.343849638	3.58566054
69	-0.646533681	0.343793112	3.5878128
70	-0.646541486	0.343770148	3.58730963
71	-0.646504789	0.343804399	3.58733339
72	-0.646453222	0.343764596	3.58748966
73	-0.646465863	0.343866254	3.58725538
74	-0.646478919	0.343899329	3.5836864
75	-0.64645376	0.344004069	3.58474929
76	-0.646463053	0.343981193	3.58849393
77	-0.646514078	0.344055151	3.59005586
78	-0.646552103	0.344203029	3.59250059
79	-0.646548759	0.344281165	3.59307342
80	-0.6465953	0.344305966	3.59192408
81	-0.646609284	0.344213168	3.59117394
82	-0.646590244	0.344239359	3.58823062
83	-0.646603952	0.344161919	3.58825364
84	-0.64657619	0.34417216	3.58836505
85	-0.646559247	0.34405191	3.58918849
86	-0.646548093	0.344013767	3.59000751
87	-0.646579494	0.344007066	3.5917281
88	-0.646550091	0.343919541	3.58917923
89	-0.646592449	0.344086411	3.59279689
90	-0.646566489	0.344212987	3.59689908
91	-0.646555077	0.344181673	3.59766634
92	-0.64653313	0.344209819	3.59718535
93	-0.64652043	0.344217691	3.59771064
94	-0.646486043	0.344183066	3.59577565
95	-0.646473095	0.344169048	3.59557823
96	-0.64648175	0.34405627	3.59718904
97	-0.646501361	0.344031615	3.59972764
98	-0.646494857	0.344024872	3.59923309
99	-0.646475636	0.344143118	3.59947611
100	-0.64647456	0.344185074	3.59919317
1	-0.646	0.338021302	3.58483692
2	-0.646588	0.334724631	3.46119077
3	-0.645608	0.339506086	3.52922667
4	-0.645736	0.340127683	3.47652462
5	-0.6460512	0.342382706	3.47498585
6	-0.646034667	0.342327668	3.51965538
7	-0.645876571	0.342119044	3.54617495
8	-0.645798	0.340909114	3.55354538
9	-0.646512889	0.340837484	3.56077128
10	-0.6467248	0.341214471	3.55217785
11	-0.646848	0.342587425	3.57000224
12	-0.646464	0.342665156	3.54929846
13	-0.646363077	0.342976158	3.55619882
14	-0.646181714	0.343441042	3.54629714
15	-0.6463056	0.342856606	3.53828021
16	-0.6466065	0.343270424	3.55418692
17	-0.646686588	0.343593241	3.56351638
18	-0.646971111	0.343871083	3.56193538
19	-0.646848421	0.343751164	3.55423028
20	-0.6468596	0.344434237	3.56809169
21	-0.646817143	0.344421538	3.57488117
22	-0.646736364	0.344213725	3.57585147
23	-0.646739478	0.343631511	3.56789405
24	-0.646684667	0.343214937	3.57737872
25	-0.6468464	0.343377121	3.59164431
26	-0.646858154	0.343739413	3.59672355
27	-0.646803852	0.34359974	3.58945732
28	-0.646731143	0.344039379	3.58512462
29	-0.646681931	0.344129786	3.57789029
30	-0.646672267	0.344082957	3.58178913
31	-0.646630452	0.343644987	3.58178104
32	-0.64654575	0.343315542	3.57441846
33	-0.646457455	0.343462452	3.57002704
34	-0.646392	0.343839427	3.56903421
35	-0.646428571	0.343516458	3.56826075
36	-0.646512	0.343945141	3.57505043
37	-0.646552432	0.343991811	3.57829688
38	-0.646667789	0.344246966	3.58627012
39	-0.646606769	0.344233725	3.5859159
40	-0.646607	0.344233613	3.58994738
41	-0.646526439	0.344118667	3.59052158
42	-0.646470476	0.343989271	3.59706432
43	-0.646535256	0.343954573	3.60088744
44	-0.646568545	0.343838768	3.60396685
45	-0.646630044	0.343996486	3.60110728
46	-0.64667913	0.343717918	3.60168415
47	-0.646637787	0.343700333	3.60471267
48	-0.646642	0.343651111	3.60412282
49	-0.646635918	0.343528243	3.59886053
50	-0.646648	0.343445502	3.59757662
51	-0.646619451	0.343561957	3.60062335
52	-0.646629077	0.343423013	3.60172556
53	-0.646698415	0.34339053	3.59854583
54	-0.646704148	0.343485187	3.59666336
55	-0.646656873	0.343518021	3.59245169
56	-0.646585857	0.343471607	3.59101747
57	-0.646633123	0.343696117	3.59175471
58	-0.646620414	0.34370664	3.59093729
59	-0.64668	0.343850887	3.59428673
60	-0.6466328	0.3440097	3.59533805
61	-0.646640918	0.344011128	3.59408918
62	-0.646572903	0.343843991	3.59013737
63	-0.646559619	0.343962208	3.58748093
64	-0.6465375	0.344111069	3.58667404
65	-0.646497231	0.344146208	3.58551053
66	-0.646538909	0.344190144	3.58643319
67	-0.646559403	0.344072195	3.58888772
68	-0.646532588	0.344050933	3.58779493
69	-0.646572174	0.343944379	3.58989521
70	-0.646571543	0.343907281	3.58969398
71	-0.646534197	0.343920452	3.58964386
72	-0.646473667	0.343889236	3.58967872
73	-0.646467945	0.344069	3.58936228
74	-0.646489081	0.344115072	3.5857116
75	-0.646470507	0.344179159	3.58681157
76	-0.646496842	0.344204295	3.59043506
77	-0.646528312	0.344246933	3.59199872
78	-0.646572821	0.344382684	3.59430824
79	-0.646557873	0.344411173	3.59466337
80	-0.6466016	0.344299168	3.59352185
81	-0.646609975	0.344237428	3.59268809
82	-0.64659239	0.344270271	3.58984886
83	-0.646595566	0.344134939	3.58993379
84	-0.646559143	0.344208388	3.58995509
85	-0.646528282	0.344117342	3.59073948
86	-0.646535628	0.344057499	3.59183227
87	-0.646574253	0.344068913	3.59336198
88	-0.646543727	0.343957723	3.59069503
89	-0.646581124	0.344098236	3.59427271
90	-0.646561156	0.344260561	3.59835576
91	-0.646550242	0.344187797	3.59897555
92	-0.646534783	0.344156409	3.59842087
93	-0.64652129	0.344104425	3.598925
94	-0.646489702	0.344074063	3.59715535
95	-0.646487579	0.344028781	3.5968756
96	-0.64649475	0.343924741	3.59844481
97	-0.646520907	0.343900342	3.60094554
98	-0.646513061	0.34389224	3.60051793
99	-0.64650004	0.343955271	3.60076737
100	-0.64649728	0.344027665	3.60032646
101	-0.646503762	0.343941261	3.6005165
102	-0.646515451	0.343905444	3.6002044
103	-0.646503534	0.343930041	3.60366447
104	-0.646512385	0.343944985	3.60271467
105	-0.646489143	0.343938763	3.59962702
106	-0.646560981	0.343995017	3.59885271
107	-0.646593346	0.344087349	3.60095505
108	-0.646605037	0.344078487	3.60067316
109	-0.646607486	0.34395768	3.59813324
110	-0.646589818	0.343919594	3.59891832
111	-0.646576721	0.344043018	3.59765893
112	-0.646560714	0.344060679	3.59933604
113	-0.646581593	0.344027329	3.60058113
114	-0.646606877	0.343976023	3.60173522
115	-0.64659687	0.344016405	3.60368
116	-0.646604621	0.344032048	3.60263342
117	-0.646588991	0.343972034	3.6030329
118	-0.646566169	0.343988122	3.60397731
119	-0.646567529	0.343937905	3.60280269
120	-0.6465468	0.343973213	3.60335574
121	-0.646531306	0.343968176	3.60305058
122	-0.646504328	0.34394424	3.60187465
123	-0.646547317	0.343940573	3.60280325
124	-0.646538194	0.343906949	3.60297092
125	-0.646532352	0.343931898	3.60343906
126	-0.646536952	0.343950092	3.60392088
127	-0.646543874	0.343993508	3.60278323
128	-0.646568	0.344054142	3.60269173
129	-0.646588403	0.344026163	3.60289441
130	-0.646592062	0.343995161	3.60370542
131	-0.646586137	0.344096615	3.60340059
132	-0.64657897	0.344078497	3.60399739
133	-0.646571308	0.344068823	3.60360305
134	-0.64657791	0.344047345	3.60410011
135	-0.646586963	0.344096006	3.60664748
136	-0.646582118	0.344133392	3.60594824
137	-0.646579036	0.34410909	3.6048358
138	-0.646567826	0.344135595	3.60396477
139	-0.646557468	0.344197202	3.60511686
140	-0.646548457	0.344143408	3.60629095
141	-0.646521532	0.344158058	3.60516007
142	-0.646480789	0.344157699	3.60293265
143	-0.646512112	0.344082817	3.60144654
144	-0.646492722	0.344212272	3.60019526
145	-0.646469407	0.344180168	3.59913413
146	-0.646449479	0.344178247	3.59855102
147	-0.646433252	0.34428893	3.59828098
148	-0.646439135	0.344237483	3.59850915
149	-0.64646051	0.344201042	3.59861134
150	-0.646472053	0.344211775	3.59796472
151	-0.646471894	0.344180219	3.59948785
152	-0.646469947	0.344226483	3.59866425
153	-0.646443556	0.344209812	3.59725691
154	-0.646451065	0.344160774	3.59747317
155	-0.646443458	0.344181368	3.5979915
156	-0.646445385	0.344211453	3.5970658
157	-0.646460943	0.344219159	3.59611712
158	-0.64646643	0.344241332	3.59468191
159	-0.646462189	0.344224581	3.59439524
160	-0.64644675	0.344240645	3.59301085
161	-0.64643513	0.344296517	3.59318051
162	-0.64643921	0.344247913	3.59247708
163	-0.646425423	0.344288101	3.59323704
164	-0.646408	0.344297267	3.59165689
165	-0.64641857	0.344333641	3.59301438
166	-0.64644	0.344316688	3.59382732
167	-0.646448623	0.344343305	3.59337776
168	-0.646432	0.344449869	3.59451678
169	-0.646442462	0.344476723	3.59522655
170	-0.646418165	0.344488192	3.59616442
171	-0.646390129	0.344451274	3.59514602
172	-0.646372326	0.344437773	3.59314125
173	-0.646385803	0.344422341	3.59403201
174	-0.646382621	0.344406132	3.59279579
175	-0.646388983	0.344385926	3.59359705
176	-0.646379909	0.344382509	3.59420997
177	-0.646378395	0.344341423	3.59184991
178	-0.646381079	0.344334085	3.59239264
179	-0.646364872	0.344339579	3.5906663
180	-0.646358978	0.344375409	3.58988957
181	-0.646362696	0.344349403	3.58986686
182	-0.646372527	0.344310099	3.58946516
183	-0.646360874	0.344281958	3.58935038
184	-0.646349087	0.344301115	3.58855097
185	-0.646363243	0.344314311	3.58900241
186	-0.64638	0.344337265	3.58921681
187	-0.646379807	0.344399416	3.5895951
188	-0.646390936	0.344382622	3.58785552
189	-0.646402116	0.344422225	3.58952257
190	-0.646412505	0.344541075	3.58969053
191	-0.646425424	0.344482655	3.58933274
192	-0.646441667	0.344458068	3.59019167
193	-0.646428477	0.344359625	3.5900955
194	-0.646429278	0.344301627	3.58906795
195	-0.646423795	0.344254987	3.58980163
196	-0.646440163	0.344231809	3.59018914
197	-0.646438579	0.344205817	3.5887692
198	-0.646444444	0.344257781	3.58915282
199	-0.646431236	0.344252465	3.58840977
200	-0.64643264	0.344233982	3.58818025
