1	-0.803504	0.437760616	9.50135111
2	-0.806312	0.444421839	10.58144
3	-0.805210667	0.437816863	10.5638044
4	-0.806002	0.438766391	10.6344289
5	-0.8048416	0.439948915	10.4264089
6	-0.804326667	0.438625439	10.2842533
7	-0.804500571	0.436262228	10.4384495
8	-0.803699	0.438017291	10.5020133
9	-0.803901333	0.438460978	10.4987012
10	-0.8044008	0.437820196	10.4071422
11	-0.803952	0.437199688	10.3845325
12	-0.804100667	0.437008656	10.4520193
13	-0.803739692	0.436764541	10.3371323
14	-0.803733714	0.435860167	10.2818971
15	-0.803770133	0.434908508	10.3057345
16	-0.8035785	0.43528037	10.2279828
17	-0.803901647	0.433768376	10.2288905
18	-0.803858667	0.43284865	10.1558849
19	-0.803981895	0.431778773	10.1514372
20	-0.8040564	0.43148211	10.1270587
21	-0.803950857	0.431555138	10.1739285
22	-0.803920727	0.431442668	10.1732929
23	-0.804139826	0.432582623	10.255074
24	-0.804220667	0.432343105	10.2486122
25	-0.80410368	0.432092937	10.2338812
26	-0.804091692	0.432245157	10.2182639
27	-0.804184593	0.433235346	10.2766765
28	-0.804197143	0.433152921	10.2683384
29	-0.804206621	0.433660464	10.2876362
30	-0.8042928	0.43381966	10.3085956
31	-0.804283097	0.433697369	10.3094842
32	-0.80419275	0.433730712	10.2770167
33	-0.804230061	0.433873441	10.2727682
34	-0.804236941	0.43348354	10.252949
35	-0.8043264	0.433463927	10.2944932
36	-0.804285111	0.434145784	10.3051079
37	-0.804275892	0.434818862	10.2955666
38	-0.804236421	0.435051332	10.3074702
39	-0.804100103	0.435213348	10.2634393
40	-0.804071	0.435183909	10.2609062
41	-0.804056	0.435091161	10.2629203
42	-0.804022476	0.43489156	10.2365983
43	-0.804115535	0.434262407	10.2343861
44	-0.804104364	0.434541834	10.2663871
45	-0.804052089	0.434450411	10.2332506
46	-0.804093565	0.434386404	10.2468224
47	-0.804064681	0.434425824	10.2291035
48	-0.804012667	0.434748256	10.2225839
49	-0.804127673	0.434601512	10.2121961
50	-0.80405008	0.434678196	10.1973218
51	-0.803902118	0.43503926	10.1999909
52	-0.80387	0.43497262	10.1912571
53	-0.803957585	0.435013278	10.1986997
54	-0.804026222	0.434964225	10.2003651
55	-0.8039632	0.435001201	10.1984755
56	-0.803934714	0.434964708	10.1904048
57	-0.803914526	0.434924401	10.1829433
58	-0.803969241	0.434630473	10.1755413
59	-0.803981017	0.434342833	10.1636372
60	-0.804011067	0.434571589	10.1709919
61	-0.804014426	0.435111809	10.1874604
62	-0.804025419	0.435634167	10.202827
63	-0.804067429	0.435702804	10.2309405
64	-0.8040985	0.435816365	10.2411532
65	-0.804120615	0.435495764	10.2406147
66	-0.804149818	0.435573196	10.2526874
67	-0.804230209	0.43567607	10.2687855
68	-0.804159176	0.435881378	10.274235
69	-0.804140986	0.436076948	10.2985684
70	-0.804051771	0.436037942	10.2880467
71	-0.804094197	0.436147458	10.2961075
72	-0.804073	0.435919043	10.2782162
73	-0.804071671	0.436036532	10.2795496
74	-0.804069081	0.435957147	10.2652459
75	-0.804038827	0.436233044	10.2757715
76	-0.804077789	0.436120393	10.2822704
77	-0.804164883	0.436042916	10.2931025
78	-0.804173128	0.435860855	10.286646
79	-0.804205975	0.43588671	10.297803
80	-0.8042707	0.435736105	10.3002256
81	-0.804257778	0.435505988	10.2816444
82	-0.80425639	0.435318778	10.2820417
83	-0.804218699	0.435547726	10.2826141
84	-0.804251905	0.435504674	10.2942109
85	-0.804244235	0.435173769	10.296033
86	-0.804285209	0.435122494	10.3026916
87	-0.804353563	0.435073623	10.3172058
88	-0.804380455	0.435521946	10.3320083
89	-0.804393528	0.435643494	10.3335398
90	-0.8044472	0.435455547	10.3456032
91	-0.804374945	0.435286433	10.3349001
92	-0.804336522	0.435031665	10.3199199
93	-0.804368946	0.434978908	10.3296558
94	-0.80431566	0.434930557	10.3210302
95	-0.804309474	0.434944324	10.3176726
96	-0.8042755	0.434834347	10.3020193
97	-0.804302351	0.434548964	10.2937466
98	-0.804310449	0.434560212	10.3041817
99	-0.804294465	0.434507763	10.305823
100	-0.80431416	0.43471723	10.3094348
1	-0.803152	0.433875611	9.60609778
2	-0.806196	0.443675534	10.6300356
3	-0.805109333	0.43796023	10.5992919
4	-0.805928	0.438555799	10.6597489
5	-0.8049008	0.43899887	10.4478951
6	-0.804401333	0.438196741	10.2987052
7	-0.804609143	0.435287747	10.4487441
8	-0.803739	0.436764959	10.5072689
9	-0.803944889	0.436657532	10.504561
10	-0.8044144	0.436280115	10.4147556
11	-0.803975273	0.435433925	10.38952
12	-0.804121333	0.435179812	10.4546533
13	-0.803787077	0.435266217	10.3407685
14	-0.803729143	0.43484995	10.2834984
15	-0.8037904	0.433741419	10.3062382
16	-0.803603	0.434442506	10.2287361
17	-0.803929412	0.433416044	10.2300607
18	-0.80392	0.43212346	10.1563402
19	-0.804062737	0.430666204	10.1514367
20	-0.8041388	0.430449001	10.1271556
21	-0.804019048	0.430844324	10.1729858
22	-0.803979273	0.430583598	10.1722444
23	-0.804174609	0.431718464	10.252184
24	-0.804271667	0.431573656	10.2464478
25	-0.80415616	0.431401091	10.2321564
26	-0.804123692	0.431682224	10.2166315
27	-0.804223704	0.432548847	10.2760889
28	-0.804241143	0.432546611	10.2675689
29	-0.804257379	0.433133035	10.2864966
30	-0.8043296	0.433443605	10.3072344
31	-0.804302968	0.433335631	10.3079085
32	-0.80420125	0.433497947	10.2759406
33	-0.80424703	0.43355314	10.2718871
34	-0.804249412	0.433058637	10.2528285
35	-0.8043568	0.433042838	10.2953976
36	-0.804314	0.433662002	10.305339
37	-0.804303568	0.434457274	10.2959892
38	-0.804257053	0.434638952	10.3085022
39	-0.804117538	0.434967168	10.2641162
40	-0.804079	0.434998304	10.2621547
41	-0.80407278	0.434863653	10.2639131
42	-0.804031429	0.434637891	10.2378324
43	-0.804129302	0.433963657	10.2362667
44	-0.804132182	0.434262641	10.2691255
45	-0.804086756	0.43423535	10.2361879
46	-0.804129739	0.434160599	10.2496499
47	-0.804108936	0.43420665	10.2316826
48	-0.8040595	0.434590547	10.2250372
49	-0.804174694	0.434477906	10.2145544
50	-0.8041104	0.434345828	10.1998864
51	-0.80396	0.434816663	10.2016734
52	-0.803930308	0.434713782	10.1928549
53	-0.804027925	0.434864951	10.2007391
54	-0.804074074	0.43497327	10.2023449
55	-0.804011055	0.435041624	10.2012052
56	-0.803975571	0.435056868	10.1930044
57	-0.803951439	0.435063147	10.1856711
58	-0.804002483	0.434765362	10.1780641
59	-0.804021017	0.434330409	10.1657273
60	-0.804049867	0.434462304	10.1728188
61	-0.804057311	0.43493701	10.1893823
62	-0.804069161	0.435361878	10.2044116
63	-0.80410527	0.435467866	10.2319146
64	-0.804132375	0.435594983	10.2418174
65	-0.804163569	0.435310971	10.2415658
66	-0.804188	0.435431323	10.2535284
67	-0.804277493	0.435521003	10.2696939
68	-0.804208471	0.435777563	10.2752146
69	-0.804187826	0.435951202	10.2997534
70	-0.804102857	0.435849696	10.289055
71	-0.804143887	0.435992498	10.2965555
72	-0.804122333	0.435716746	10.2788731
73	-0.804116384	0.435886497	10.2805157
74	-0.804123243	0.435817743	10.2662508
75	-0.804093227	0.436106869	10.2771974
76	-0.804138842	0.436026683	10.2838601
77	-0.804216727	0.435934611	10.2942634
78	-0.804225846	0.435781377	10.2877904
79	-0.804259646	0.435772866	10.2986513
80	-0.8043267	0.435615226	10.3010928
81	-0.804314469	0.435451397	10.282533
82	-0.804305171	0.435307789	10.2826676
83	-0.804268434	0.435585192	10.283288
84	-0.804293905	0.435525975	10.2944233
85	-0.804274259	0.435263371	10.2962928
86	-0.804318698	0.435249581	10.3032425
87	-0.804390345	0.435209062	10.3177384
88	-0.804422364	0.435663648	10.3329372
89	-0.804441438	0.435720351	10.3341901
90	-0.804498311	0.435607111	10.3464902
91	-0.804426637	0.43548872	10.3359856
92	-0.80439	0.435264115	10.321022
93	-0.80442314	0.435212774	10.3306113
94	-0.804370553	0.435161187	10.3224018
95	-0.804365895	0.43512246	10.3190017
96	-0.804331833	0.435017969	10.3030421
97	-0.80436099	0.434698052	10.2947504
98	-0.804365061	0.434749371	10.3055037
99	-0.804344485	0.434686695	10.3072181
100	-0.8043656	0.434892866	10.3108122
101	-0.804381782	0.434858258	10.312268
102	-0.804352784	0.434900662	10.3034258
103	-0.804316117	0.435000793	10.2977715
104	-0.804348462	0.434821071	10.300931
105	-0.804343695	0.434640643	10.3018412
106	-0.804344226	0.434908207	10.3031131
107	-0.804375701	0.435063446	10.3008218
108	-0.804403852	0.435073515	10.3019089
109	-0.804364917	0.435063787	10.2941315
110	-0.804332364	0.435125736	10.2805945
111	-0.804290595	0.43523455	10.2771546
112	-0.804289143	0.435029436	10.277919
113	-0.804337558	0.435119453	10.2877302
114	-0.804335228	0.435152767	10.2879875
115	-0.804312557	0.43504027	10.2802293
116	-0.804353517	0.435033348	10.283755
117	-0.804370872	0.434936283	10.279364
118	-0.804363254	0.434809007	10.2774519
119	-0.804356303	0.434790535	10.2697254
120	-0.804371867	0.434831963	10.2728133
121	-0.804385124	0.434777606	10.2728217
122	-0.804429639	0.434960934	10.2824157
123	-0.804449041	0.43520936	10.291684
124	-0.804408903	0.435217429	10.2900472
125	-0.80438752	0.435313145	10.2910056
126	-0.80437454	0.435403853	10.2921694
127	-0.804419402	0.43531499	10.2961951
128	-0.804391437	0.435205726	10.2920985
129	-0.804383318	0.435187469	10.2878372
130	-0.804331323	0.435400041	10.2905743
131	-0.804313832	0.43543817	10.2927148
132	-0.804254424	0.435614309	10.2915894
133	-0.804253293	0.435694865	10.2865988
134	-0.804263224	0.435695676	10.2889131
135	-0.804273422	0.435855384	10.2856275
136	-0.804279412	0.435938742	10.2915547
137	-0.804260613	0.436101601	10.2959059
138	-0.804266203	0.436124393	10.2886528
139	-0.804299971	0.435980341	10.2878121
140	-0.804360686	0.435839317	10.2933028
141	-0.804361135	0.436155152	10.2971278
142	-0.804359211	0.436338136	10.297112
143	-0.804351552	0.436412326	10.2939894
144	-0.804370111	0.436262044	10.2959145
145	-0.804393766	0.436154166	10.2923061
146	-0.804379507	0.436311513	10.2969658
147	-0.804371701	0.436290966	10.3007454
148	-0.804374054	0.436169131	10.3047838
149	-0.804343732	0.435973837	10.2948054
150	-0.804369653	0.435800675	10.2939644
151	-0.804387338	0.435696378	10.2915265
152	-0.804375737	0.435685638	10.2913672
153	-0.804370562	0.435786246	10.2951421
154	-0.804376623	0.435653157	10.2923804
155	-0.804372077	0.435627022	10.2906042
156	-0.804360923	0.435748166	10.2925222
157	-0.804359898	0.435763405	10.2928342
158	-0.804365316	0.435719206	10.2982404
159	-0.804348126	0.435608066	10.2889816
160	-0.80434175	0.435609143	10.2916702
161	-0.80431195	0.43558542	10.290515
162	-0.804292444	0.435554247	10.290226
163	-0.804283926	0.435596869	10.2919816
164	-0.804248	0.435646953	10.2890366
165	-0.804234085	0.435700283	10.2920015
166	-0.804237494	0.435601597	10.2926525
167	-0.804221988	0.435617114	10.2910435
168	-0.804216762	0.435729041	10.2910456
169	-0.804237538	0.435647526	10.2929799
170	-0.8042128	0.435739243	10.2933872
171	-0.804211836	0.435841531	10.2962196
172	-0.804218	0.435708848	10.290435
173	-0.804207584	0.435665916	10.2926801
174	-0.804226437	0.435600662	10.2947551
175	-0.804247771	0.435525907	10.2958166
176	-0.804247909	0.435568833	10.2980617
177	-0.804249944	0.435406676	10.2975536
178	-0.804266742	0.43545392	10.2955007
179	-0.804283844	0.435552722	10.3016983
180	-0.804259378	0.435522665	10.2957253
181	-0.804273414	0.435618611	10.3012291
182	-0.804263429	0.435414997	10.2981565
183	-0.804268284	0.435506333	10.3008062
184	-0.804215174	0.435500088	10.2927804
185	-0.804196843	0.435476457	10.2903208
186	-0.804242323	0.435550527	10.2996359
187	-0.804256941	0.435516532	10.3033944
188	-0.804250851	0.435433497	10.2955953
189	-0.804252487	0.435432995	10.298864
190	-0.804279874	0.435426839	10.301581
191	-0.804290262	0.435516803	10.3043649
192	-0.804272125	0.435426054	10.3011443
193	-0.804275233	0.435277689	10.2978816
194	-0.804257485	0.435216791	10.2967524
195	-0.804275774	0.435210293	10.3029256
196	-0.804270653	0.43527419	10.2996016
197	-0.804293848	0.43534719	10.3071408
198	-0.804293818	0.435383812	10.3060867
199	-0.804292261	0.43543911	10.3049391
200	-0.80431308	0.435448241	10.3085469
