1	-0.961328	0.438175283	66.058848
2	-0.970604	0.349422202	75.207576
3	-0.972568	0.333932267	77.450064
4	-0.971598	0.342547133	76.482272
5	-0.9702448	0.343810977	74.9520928
6	-0.971377333	0.334729094	75.9810053
7	-0.971126857	0.342047184	75.9727749
8	-0.971748	0.341806256	76.67293
9	-0.972744	0.332723184	77.6267591
10	-0.9722304	0.340686833	77.1704144
11	-0.972189818	0.341238527	77.0670516
12	-0.972558	0.342082222	77.4513227
13	-0.972351385	0.342999953	77.21704
14	-0.972201714	0.342670448	77.146984
15	-0.972573333	0.339864336	77.5628341
16	-0.972661	0.339685208	77.63001
17	-0.973512471	0.332002519	78.4303671
18	-0.973267111	0.333374633	78.201688
19	-0.973361263	0.332319093	78.2717288
20	-0.9734796	0.331059838	78.396756
21	-0.972793524	0.33596193	77.7102156
22	-0.972873455	0.335091654	77.7496233
23	-0.973200348	0.331376072	78.1135638
24	-0.973437667	0.329547912	78.323156
25	-0.9730048	0.331691728	77.8247341
26	-0.973322462	0.330028525	78.2215686
27	-0.973451259	0.328732654	78.3383686
28	-0.973481714	0.328111313	78.3406703
29	-0.973430897	0.328849875	78.2718571
30	-0.973205867	0.329955529	78.0391472
31	-0.972844129	0.332466073	77.6997135
32	-0.9728665	0.332143298	77.750293
33	-0.973090182	0.330562826	77.9920208
34	-0.972899765	0.331643616	77.7641962
35	-0.972889143	0.33241088	77.7910149
36	-0.972589556	0.334302873	77.4781867
37	-0.972681514	0.334602666	77.6321665
38	-0.972544211	0.335225378	77.4589697
39	-0.972689026	0.334056784	77.5696566
40	-0.9728666	0.332463548	77.7497456
41	-0.973035512	0.331029202	77.9220094
42	-0.973295238	0.328402244	78.1614259
43	-0.973536744	0.325830925	78.3953273
44	-0.973722364	0.324360115	78.5838858
45	-0.973911644	0.322662256	78.764181
46	-0.973762783	0.323528294	78.6480376
47	-0.973679149	0.324953699	78.5905392
48	-0.973670333	0.325190324	78.5603427
49	-0.973759673	0.324465418	78.6244591
50	-0.97399936	0.321970856	78.8918563
51	-0.974182275	0.320285013	79.061205
52	-0.974333231	0.319121498	79.2124243
53	-0.97406717	0.320190851	78.9031094
54	-0.974083407	0.32048375	78.908891
55	-0.9739824	0.32105762	78.7830839
56	-0.973722286	0.322898088	78.5545329
57	-0.973809965	0.321891601	78.6183798
58	-0.973774759	0.321796346	78.5623479
59	-0.973727864	0.32243554	78.5331243
60	-0.973731867	0.322725931	78.5522739
61	-0.973775082	0.322319042	78.599067
62	-0.973828903	0.322670733	78.673791
63	-0.973990603	0.321329648	78.8455924
64	-0.97401325	0.322079892	78.8836187
65	-0.974036554	0.32184162	78.8994073
66	-0.973943879	0.322628243	78.8033132
67	-0.973962269	0.322975192	78.8212819
68	-0.973860118	0.323693956	78.7341301
69	-0.973859594	0.323442673	78.7395014
70	-0.9737264	0.324834134	78.5993253
71	-0.973703437	0.325381503	78.6095272
72	-0.973731222	0.325389716	78.620954
73	-0.973611178	0.325970676	78.49365
74	-0.973612108	0.326211012	78.4929302
75	-0.97361888	0.32644304	78.5161553
76	-0.973516526	0.326686196	78.4232149
77	-0.973464416	0.327072905	78.3731481
78	-0.973495179	0.32710821	78.4010617
79	-0.973487392	0.327340323	78.403501
80	-0.9735579	0.327095468	78.4744138
81	-0.973649975	0.326290259	78.5570682
82	-0.973863024	0.324038782	78.7538379
83	-0.973697157	0.324582292	78.5660511
84	-0.97367381	0.324855042	78.5231512
85	-0.973718588	0.324274746	78.5569581
86	-0.973656093	0.324584058	78.4922714
87	-0.973632	0.324609635	78.4721622
88	-0.973717091	0.323930402	78.5582391
89	-0.973660854	0.324293838	78.4968115
90	-0.973623911	0.324899033	78.4591493
91	-0.973642989	0.325108737	78.4770546
92	-0.973618174	0.325707621	78.4673146
93	-0.973675785	0.325026016	78.5166166
94	-0.973737787	0.324487258	78.570208
95	-0.973798063	0.324003545	78.615972
96	-0.97379425	0.324879303	78.6401865
97	-0.973770804	0.325489639	78.631745
98	-0.973807592	0.325457448	78.6722287
99	-0.973736	0.326216144	78.6029716
100	-0.97387536	0.324788903	78.7389786
1	-0.96416	0.39538688	68.587792
2	-0.972008	0.328379366	76.466168
3	-0.973533333	0.319453641	78.2954027
4	-0.972314	0.332035914	77.118032
5	-0.9708128	0.335308856	75.4580512
6	-0.971849333	0.327354413	76.39848
7	-0.971541714	0.335832571	76.3319429
8	-0.972125	0.336214018	76.98891
9	-0.973089778	0.327606841	77.9094436
10	-0.9725384	0.336143041	77.425464
11	-0.972470545	0.337267287	77.2989207
12	-0.972828	0.338336053	77.664344
13	-0.972604923	0.339544585	77.4148591
14	-0.972421714	0.33952452	77.3314103
15	-0.972782933	0.336812411	77.7364576
16	-0.9728515	0.336953455	77.79219
17	-0.973695529	0.329315252	78.5821911
18	-0.973442667	0.330869596	78.344584
19	-0.973526316	0.33002087	78.4073785
20	-0.9736372	0.328858691	78.5256648
21	-0.972938667	0.333973372	77.8318453
22	-0.973009091	0.33324529	77.8644502
23	-0.973326261	0.329719039	78.223591
24	-0.973559667	0.327960503	78.428246
25	-0.97312512	0.330113215	77.9268762
26	-0.973439692	0.328477935	78.3195237
27	-0.973562963	0.327256931	78.4326483
28	-0.973588571	0.326620052	78.4321097
29	-0.973535724	0.327410898	78.3598626
30	-0.973308533	0.328501212	78.1240805
31	-0.972941677	0.33105183	77.7802028
32	-0.97296125	0.330747894	77.8286275
33	-0.973185212	0.329153086	78.0686948
34	-0.972994588	0.330268444	77.8386226
35	-0.9729808	0.331150431	77.8635218
36	-0.972680444	0.333040362	77.5483276
37	-0.972770162	0.333400568	77.701085
38	-0.972631368	0.334052395	77.5267499
39	-0.972772513	0.332904619	77.6350786
40	-0.9729468	0.331279276	77.8131576
41	-0.973117073	0.329866195	77.9838127
42	-0.97337181	0.327308229	78.2215501
43	-0.973610047	0.324794291	78.4538999
44	-0.973795818	0.323302136	78.6409487
45	-0.973985067	0.321590776	78.819557
46	-0.973834783	0.322490745	78.702151
47	-0.973751149	0.323888605	78.6443217
48	-0.973739167	0.32415623	78.6123867
49	-0.973826286	0.323447866	78.6754276
50	-0.974064	0.320970001	78.941289
51	-0.974245333	0.319291651	79.1098871
52	-0.974394154	0.318140595	79.2601142
53	-0.97412634	0.319185036	78.9502282
54	-0.974142074	0.319469311	78.9545884
55	-0.974039855	0.320020231	78.8282959
56	-0.97378	0.321874934	78.5989677
57	-0.973866667	0.320886397	78.6622599
58	-0.973829379	0.320835722	78.6055964
59	-0.973783458	0.321409034	78.5751886
60	-0.973786	0.32174511	78.5938808
61	-0.973827541	0.321397215	78.6403412
62	-0.973880903	0.321781768	78.7147587
63	-0.974040254	0.320481593	78.8860317
64	-0.97406125	0.321302482	78.9233988
65	-0.974083569	0.32107376	78.9390592
66	-0.973989939	0.321865027	78.8425522
67	-0.974009791	0.322198795	78.8602558
68	-0.973906235	0.322923422	78.7724228
69	-0.973905739	0.322668322	78.7776053
70	-0.973772	0.32406698	78.6368896
71	-0.973749746	0.324633009	78.6469332
72	-0.973778444	0.324634701	78.657594
73	-0.973657863	0.325218772	78.5302376
74	-0.973656432	0.325471771	78.5289276
75	-0.973663893	0.325702988	78.5517506
76	-0.973561263	0.325941668	78.4588114
77	-0.973509299	0.326308676	78.4083915
78	-0.973539897	0.326354455	78.435576
79	-0.973532152	0.326599454	78.4373719
80	-0.9736008	0.32638338	78.507903
81	-0.973694025	0.325575962	78.5899712
82	-0.973907317	0.323307861	78.7864363
83	-0.973740819	0.323860181	78.5980378
84	-0.973717238	0.324143232	78.5548011
85	-0.97376	0.323590837	78.5883887
86	-0.973697302	0.323916098	78.5235174
87	-0.97367108	0.323968729	78.5027932
88	-0.973756636	0.32327163	78.5881751
89	-0.973699955	0.323639591	78.5269154
90	-0.9736632	0.324229566	78.4888892
91	-0.97368211	0.324419686	78.5064596
92	-0.973655565	0.325048651	78.4960003
93	-0.973713462	0.324379909	78.5451671
94	-0.973776426	0.323821026	78.5987743
95	-0.973836295	0.323365884	78.6446407
96	-0.97383225	0.324244722	78.6688482
97	-0.973808742	0.324854799	78.6598294
98	-0.973844898	0.324851685	78.7003842
99	-0.973772444	0.325607455	78.6304246
100	-0.97391168	0.324191324	78.765941
101	-0.973871446	0.324434294	78.7204141
102	-0.97379098	0.324686819	78.6187704
103	-0.97381732	0.32442807	78.6410655
104	-0.973862615	0.323934556	78.6945948
105	-0.973928457	0.323452813	78.7537749
106	-0.973963547	0.32309584	78.7901457
107	-0.974065121	0.322086592	78.8937406
108	-0.974107556	0.322174702	78.9380628
109	-0.974170789	0.321878713	79.015558
110	-0.9741232	0.322070194	78.9580694
111	-0.974145297	0.322167645	78.9932231
112	-0.974188357	0.321871532	79.0434979
113	-0.974161841	0.321855287	79.0181324
114	-0.974224702	0.321186936	79.0801158
115	-0.974179965	0.321945925	79.0511179
116	-0.974091724	0.322754193	78.9763981
117	-0.974139282	0.322496878	79.0290184
118	-0.974100678	0.322855899	78.9943563
119	-0.974116034	0.322648604	79.0187361
120	-0.974206267	0.321864727	79.1037043
121	-0.974215008	0.321948705	79.1078945
122	-0.974178098	0.322172596	79.0617165
123	-0.974153431	0.322365097	79.0290326
124	-0.974078	0.322946798	78.959561
125	-0.973926528	0.323567479	78.8087
126	-0.973881143	0.32372683	78.7588019
127	-0.973831685	0.324630524	78.722209
128	-0.973781187	0.324887524	78.6623906
129	-0.973769674	0.325224471	78.663613
130	-0.973676123	0.326074336	78.5779697
131	-0.973695511	0.326373007	78.6066526
132	-0.973660788	0.326708986	78.5665355
133	-0.973695218	0.326591328	78.6076534
134	-0.97368609	0.32672072	78.6042123
135	-0.973620326	0.327279534	78.5507266
136	-0.973543353	0.327834457	78.4695388
137	-0.973437255	0.328484039	78.3691604
138	-0.973403942	0.328607972	78.3338572
139	-0.973407885	0.328571687	78.3405235
140	-0.973467771	0.328115473	78.4070607
141	-0.97345861	0.328065498	78.3772809
142	-0.973505352	0.327719334	78.4133872
143	-0.973543049	0.32751148	78.4491274
144	-0.973616611	0.326780003	78.5217928
145	-0.973624717	0.32685517	78.5395857
146	-0.973610575	0.327130144	78.5306036
147	-0.973661333	0.326731777	78.5807796
148	-0.973707027	0.326605184	78.6395154
149	-0.973676564	0.326820864	78.6106174
150	-0.97372544	0.326333717	78.6484139
151	-0.973732185	0.326266625	78.6577529
152	-0.973634105	0.326728841	78.565924
153	-0.973661438	0.326606261	78.5960918
154	-0.973716052	0.326017112	78.6475889
155	-0.973703897	0.326200645	78.6436239
156	-0.973700974	0.326518449	78.6495433
157	-0.973728561	0.326243716	78.6780155
158	-0.973753468	0.325974507	78.6998581
159	-0.973823799	0.325347996	78.7745365
160	-0.97381205	0.325325047	78.7609415
161	-0.973787478	0.325570406	78.7403657
162	-0.973773037	0.325731358	78.7224121
163	-0.973714994	0.326026756	78.6685163
164	-0.973658195	0.326347276	78.6068429
165	-0.973650958	0.3264246	78.5987183
166	-0.973634217	0.326612066	78.5870845
167	-0.97358285	0.326915894	78.5445363
168	-0.97360781	0.326806364	78.5835826
169	-0.973631905	0.326584004	78.5995979
170	-0.973702447	0.325912863	78.6701559
171	-0.973663111	0.326264502	78.6355117
172	-0.973732698	0.325548965	78.6994685
173	-0.973705295	0.325885103	78.6848633
174	-0.973695494	0.326002085	78.667284
175	-0.973691794	0.326037992	78.6690481
176	-0.973639818	0.326602768	78.6242183
177	-0.973655955	0.32654002	78.6421963
178	-0.973663416	0.326666649	78.658965
179	-0.973694749	0.326314533	78.6778713
180	-0.973699333	0.326255685	78.6750511
181	-0.973627403	0.326919309	78.6135388
182	-0.973561582	0.327165251	78.5303324
183	-0.973594098	0.326908656	78.5565012
184	-0.973588565	0.326998331	78.5458253
185	-0.973581189	0.327149058	78.5432573
186	-0.973592301	0.327068923	78.5572221
187	-0.973603893	0.326983145	78.5634364
188	-0.973626553	0.326882934	78.5912081
189	-0.97365528	0.3266275	78.6116914
190	-0.973685053	0.326337467	78.6360691
191	-0.973729634	0.325863282	78.6754805
192	-0.973754417	0.325568696	78.7015748
193	-0.973730736	0.325652727	78.6766307
194	-0.973707258	0.325964333	78.6553561
195	-0.973639385	0.326427139	78.6005102
196	-0.973627429	0.326575001	78.5913823
197	-0.973621442	0.326584434	78.5817056
198	-0.973617657	0.32662301	78.5723351
199	-0.973643457	0.32638555	78.5940265
200	-0.97361076	0.326491315	78.5583986
