1	-0.555344	0.272576595	2.07568
2	-0.554996	0.266896072	2.1017325
3	-0.555501333	0.265993175	2.15518333
4	-0.555616	0.265446436	2.14962625
5	-0.5551296	0.266380673	2.145044
6	-0.555286667	0.268479502	2.13730833
7	-0.555356571	0.267768362	2.15404929
8	-0.555305	0.267638031	2.16911375
9	-0.555272	0.267738059	2.16333556
10	-0.5556456	0.267614831	2.1760085
11	-0.555322182	0.267320515	2.17042955
12	-0.555236	0.268063618	2.17316667
13	-0.555113231	0.268517183	2.17242769
14	-0.554729714	0.26929957	2.17582786
15	-0.554794667	0.269130568	2.18185833
16	-0.5549115	0.26936976	2.18462938
17	-0.554763294	0.269446215	2.17541559
18	-0.554713333	0.269593072	2.18494444
19	-0.554746947	0.269794913	2.18820263
20	-0.55475	0.270042592	2.19356175
21	-0.554642286	0.269845223	2.19075071
22	-0.554569455	0.269412662	2.19016909
23	-0.554662609	0.269223583	2.1875137
24	-0.554535667	0.269268522	2.18225271
25	-0.55456544	0.269212376	2.1867038
26	-0.554576615	0.269056446	2.1890825
27	-0.554523556	0.26908239	2.18665315
28	-0.554518286	0.269029706	2.18454946
29	-0.554444966	0.26882332	2.1822231
30	-0.554448533	0.268937386	2.18257517
31	-0.554546323	0.268998308	2.18265371
32	-0.554574	0.268637187	2.18178375
33	-0.554391758	0.268220723	2.17694833
34	-0.554348706	0.268436237	2.17810162
35	-0.554295771	0.268433064	2.17699071
36	-0.554410444	0.268480104	2.18042889
37	-0.554391351	0.268585392	2.18023703
38	-0.554383158	0.2685125	2.18094395
39	-0.554361641	0.268795153	2.18104859
40	-0.5543438	0.268871823	2.18149525
41	-0.554256195	0.269049451	2.18029012
42	-0.554247238	0.268996332	2.17955548
43	-0.554276465	0.269046538	2.17973174
44	-0.554278545	0.26895981	2.17831795
45	-0.554282844	0.268925217	2.17763367
46	-0.554328522	0.268984335	2.17934424
47	-0.554304681	0.268922413	2.17918234
48	-0.554274833	0.26895023	2.17792229
49	-0.554213878	0.268949054	2.17751418
50	-0.55421648	0.268996077	2.1797657
51	-0.554188863	0.26906409	2.17893147
52	-0.554151231	0.269116155	2.17933875
53	-0.554188981	0.269207563	2.17775066
54	-0.554189778	0.269083352	2.17527944
55	-0.554202764	0.269172615	2.17754364
56	-0.554250429	0.269211209	2.17857304
57	-0.554268491	0.269256888	2.17701605
58	-0.554261655	0.269188951	2.17582621
59	-0.554299932	0.269126231	2.17603144
60	-0.5542856	0.269231785	2.17440408
61	-0.554278557	0.269247866	2.17489648
62	-0.554246065	0.269061306	2.17539363
63	-0.554224762	0.269130437	2.17665825
64	-0.5542345	0.269131236	2.1759907
65	-0.554284923	0.26911428	2.17584
66	-0.554283636	0.269222669	2.17701553
67	-0.55430006	0.269073209	2.17729396
68	-0.554260235	0.268973886	2.17572007
69	-0.554261217	0.269032549	2.17514478
70	-0.554233143	0.26901731	2.17535071
71	-0.554240338	0.26905172	2.17440352
72	-0.554219556	0.269176303	2.17388146
73	-0.554219178	0.269232671	2.17353781
74	-0.554244541	0.269244423	2.17375912
75	-0.554246613	0.269239997	2.1747244
76	-0.554258842	0.269262109	2.17497559
77	-0.554269818	0.269212365	2.17389123
78	-0.554258872	0.269170262	2.17254865
79	-0.554249013	0.269204116	2.17362956
80	-0.5543014	0.26918597	2.17639769
81	-0.554330864	0.269230412	2.1760566
82	-0.554373951	0.269257613	2.17569024
83	-0.554376867	0.269256724	2.17671651
84	-0.554366286	0.269277439	2.17683857
85	-0.554318965	0.269307162	2.17429588
86	-0.554345209	0.269379998	2.1744393
87	-0.554357885	0.269411496	2.17450736
88	-0.554341	0.269517418	2.17563688
89	-0.554353258	0.269487362	2.17648
90	-0.554333778	0.269502285	2.17574856
91	-0.554345582	0.269449658	2.17534665
92	-0.554348783	0.269424269	2.17630293
93	-0.554344172	0.269440438	2.17612005
94	-0.554295234	0.269450865	2.17667553
95	-0.554287832	0.269497414	2.17693489
96	-0.554267917	0.269390563	2.17619094
97	-0.554284619	0.269419472	2.17730825
98	-0.554318122	0.26936835	2.17869245
99	-0.554347313	0.26937597	2.18040338
100	-0.55434928	0.269428896	2.1801372
1	-0.55412	0.272749719	2.098785
2	-0.55514	0.267318359	2.1062775
3	-0.555610667	0.267268173	2.16201
4	-0.55534	0.268573674	2.15356625
5	-0.5547344	0.269563059	2.148328
6	-0.554761333	0.269963582	2.13949917
7	-0.554829714	0.268448423	2.15664357
8	-0.554741	0.26797671	2.17133688
9	-0.554768889	0.267877648	2.16654667
10	-0.5550792	0.267596039	2.176658
11	-0.554833455	0.267518193	2.16968636
12	-0.554789333	0.268201371	2.17161458
13	-0.554629538	0.268219542	2.16972654
14	-0.554247429	0.268632825	2.17340143
15	-0.554444267	0.268847095	2.178875
16	-0.5546455	0.269184365	2.18248906
17	-0.554506824	0.269090484	2.17392353
18	-0.554514222	0.269319561	2.18274222
19	-0.554510316	0.269744648	2.18583
20	-0.554514	0.26998002	2.191355
21	-0.554421714	0.269782092	2.18917095
22	-0.554290545	0.269355669	2.18749841
23	-0.554407652	0.269021611	2.1847187
24	-0.554336	0.268881367	2.17968979
25	-0.5543424	0.268999445	2.1844104
26	-0.554299385	0.268950553	2.18637058
27	-0.554288296	0.268874491	2.18346815
28	-0.554309714	0.269020566	2.18135821
29	-0.554233103	0.269144076	2.17888879
30	-0.554231733	0.269418145	2.179354
31	-0.554289806	0.269643124	2.17883065
32	-0.5543085	0.269466451	2.17905109
33	-0.554170424	0.269170461	2.17439939
34	-0.554121412	0.269158905	2.17534735
35	-0.554093029	0.269086583	2.17451071
36	-0.554211556	0.268985497	2.17707667
37	-0.554234811	0.269034556	2.17722054
38	-0.554239579	0.269103804	2.17857789
39	-0.554270564	0.269271535	2.17897769
40	-0.5542658	0.269322009	2.179481
41	-0.554197073	0.269501266	2.17829427
42	-0.554220762	0.269626795	2.17782369
43	-0.554231256	0.269791185	2.17823477
44	-0.554242909	0.269758668	2.17693739
45	-0.554272178	0.269706586	2.17666478
46	-0.554313043	0.269746351	2.17826435
47	-0.554291745	0.269732629	2.17775915
48	-0.5542825	0.269850924	2.17672292
49	-0.554222367	0.269897005	2.17650245
50	-0.55423776	0.269888768	2.1785969
51	-0.554221647	0.269994446	2.17797294
52	-0.554199538	0.270032775	2.17841202
53	-0.554203925	0.270102807	2.17667217
54	-0.554203259	0.27001036	2.17437315
55	-0.554244218	0.27013253	2.17684318
56	-0.554289714	0.270196663	2.17744438
57	-0.554294035	0.270197018	2.1759407
58	-0.554294207	0.27012192	2.17505931
59	-0.554338712	0.270074764	2.17528686
60	-0.554332667	0.270157122	2.17377408
61	-0.554333115	0.270089853	2.17429631
62	-0.554305806	0.269898759	2.17460242
63	-0.554279238	0.27008671	2.17572429
64	-0.55425975	0.270076007	2.17513977
65	-0.554322585	0.270105167	2.175328
66	-0.554327758	0.270260678	2.17638015
67	-0.554341851	0.270084599	2.17666037
68	-0.554311294	0.270020578	2.17487324
69	-0.554301913	0.27004696	2.17424355
70	-0.554273943	0.270025291	2.17453329
71	-0.554269746	0.270059671	2.17346155
72	-0.554256222	0.270166789	2.17303611
73	-0.554235507	0.270158637	2.17278781
74	-0.554251459	0.270128988	2.17277182
75	-0.554266453	0.270162367	2.17379287
76	-0.554293368	0.270157393	2.173975
77	-0.554291844	0.270114927	2.17263422
78	-0.554286564	0.27003228	2.17114442
79	-0.55428	0.270010561	2.17233918
80	-0.5543243	0.269954585	2.17521906
81	-0.554346765	0.270040141	2.17484654
82	-0.554389366	0.269961711	2.17446433
83	-0.55437706	0.26994881	2.17548988
84	-0.554352381	0.269948743	2.17533976
85	-0.554290918	0.269969539	2.17281406
86	-0.554310977	0.270113091	2.17322628
87	-0.554325241	0.270095281	2.17324609
88	-0.554300364	0.270153199	2.1743758
89	-0.554310022	0.270146899	2.17515309
90	-0.554301689	0.270192655	2.17446467
91	-0.554312967	0.270229535	2.17441989
92	-0.554317217	0.270205325	2.17524543
93	-0.55430572	0.270185478	2.17485753
94	-0.554257787	0.270182366	2.17541372
95	-0.554259705	0.270223828	2.17573537
96	-0.55424625	0.270093467	2.17512958
97	-0.554272495	0.270110534	2.17643392
98	-0.554290531	0.270065975	2.17776219
99	-0.554320566	0.270074438	2.17957874
100	-0.55433096	0.270117238	2.17937005
101	-0.554338851	0.270077577	2.18053911
102	-0.554355137	0.270049242	2.18044745
103	-0.554367534	0.270071846	2.18152772
104	-0.554376846	0.270057454	2.18284514
105	-0.554366933	0.270082932	2.18223648
106	-0.554372906	0.270037213	2.18165175
107	-0.554390579	0.270055579	2.18064734
108	-0.554397333	0.270093119	2.18118847
109	-0.554397651	0.270124553	2.18137092
110	-0.554399055	0.270126106	2.18107809
111	-0.554388973	0.270138195	2.18067622
112	-0.554382429	0.270125478	2.18045795
113	-0.554397168	0.270176536	2.18056265
114	-0.554407789	0.270190542	2.18044763
115	-0.554407096	0.270137986	2.18184722
116	-0.554426138	0.270190688	2.18197987
117	-0.554443077	0.270211263	2.18161662
118	-0.554446169	0.270254163	2.18250453
119	-0.554491899	0.270266521	2.18264626
120	-0.5544844	0.270364908	2.1826255
121	-0.554503736	0.270477207	2.18317033
122	-0.554475803	0.270514291	2.18184824
123	-0.554483382	0.270495176	2.18191069
124	-0.554464387	0.270476382	2.1826375
125	-0.554462144	0.270404886	2.18268492
126	-0.554460254	0.270423485	2.1825852
127	-0.554484913	0.27042044	2.18249665
128	-0.5544905	0.270351725	2.18125855
129	-0.554518326	0.270398053	2.18200302
130	-0.554519077	0.270372944	2.18261135
131	-0.554515908	0.270408425	2.18243534
132	-0.554519818	0.270446755	2.18230049
133	-0.554537684	0.270473936	2.18348331
134	-0.554577851	0.270463122	2.18325116
135	-0.554581689	0.270426768	2.18369348
136	-0.554554471	0.270422163	2.18349493
137	-0.554546511	0.270411166	2.18305602
138	-0.554540696	0.270430003	2.18281069
139	-0.554552863	0.270370958	2.18223406
140	-0.554552514	0.270398558	2.18325164
141	-0.554544908	0.270419807	2.1840156
142	-0.554529183	0.270403968	2.1839288
143	-0.554537958	0.270430184	2.18372622
144	-0.554551556	0.270446191	2.18444545
145	-0.554549076	0.270428225	2.1838551
146	-0.554529041	0.270424297	2.1834739
147	-0.554521088	0.27043307	2.18291357
148	-0.554493676	0.270479123	2.18254534
149	-0.554501262	0.270419874	2.18298326
150	-0.55449568	0.270406181	2.18214643
151	-0.554470728	0.270418364	2.18173387
152	-0.554475263	0.270412437	2.18176224
153	-0.554461647	0.27043732	2.18146392
154	-0.554483481	0.27038875	2.18249617
155	-0.554494503	0.270406189	2.18203539
156	-0.554470718	0.270396316	2.18175875
157	-0.554474854	0.270344333	2.18154752
158	-0.554476253	0.27030798	2.18152073
159	-0.554483824	0.270268687	2.18211761
160	-0.5544785	0.270274089	2.18124381
161	-0.55447518	0.270283776	2.1820018
162	-0.554458123	0.270277446	2.18215954
163	-0.554445252	0.270266296	2.18215362
164	-0.554436683	0.270302501	2.18185912
165	-0.554411733	0.270272303	2.18120382
166	-0.554435663	0.270254994	2.18143705
167	-0.554434874	0.270226469	2.18153222
168	-0.554408095	0.270268406	2.1808436
169	-0.554404592	0.27030367	2.18083246
170	-0.554383624	0.270329156	2.18057003
171	-0.554366596	0.270320678	2.1801514
172	-0.554369023	0.270269794	2.17994273
173	-0.554379468	0.270268029	2.17992341
174	-0.554386851	0.270276878	2.17983129
175	-0.554396023	0.270233503	2.18024546
176	-0.554390227	0.270238387	2.18020179
177	-0.554400768	0.270248629	2.17981472
178	-0.55441182	0.270254633	2.18016275
179	-0.554410324	0.270257849	2.18042254
180	-0.554409378	0.270224344	2.18055147
181	-0.554414409	0.270189111	2.18076986
182	-0.554425978	0.270164794	2.18120135
183	-0.554423563	0.27020443	2.18084612
184	-0.554427	0.270165534	2.18135413
185	-0.554428714	0.270133885	2.180909
186	-0.554450366	0.270146087	2.18059989
187	-0.554469604	0.270147047	2.18030024
188	-0.55448583	0.270173418	2.18073551
189	-0.554487831	0.270174801	2.18067519
190	-0.554493937	0.270212066	2.18070432
191	-0.554519162	0.270210645	2.18150785
192	-0.554526208	0.270205471	2.18072143
193	-0.554509554	0.270186664	2.1805199
194	-0.554535464	0.270191737	2.18122046
195	-0.554544123	0.270201762	2.18100669
196	-0.554558367	0.270230892	2.18129893
197	-0.554549117	0.270204565	2.18106442
198	-0.554552646	0.270209511	2.18065343
199	-0.554558995	0.270212896	2.18059106
200	-0.55456716	0.270229666	2.18140435
