1	-0.96685776	0.463875626	59.5444533	0.692088
2	-0.96700908	0.454061095	58.9399133	0.652254
3	-0.964266613	0.473255867	56.8257244	0.653597333
4	-0.95951892	0.490095038	53.5307133	0.629046
5	-0.96164312	0.479520571	54.831464	0.643196
6	-0.96095412	0.488613835	54.1056911	0.639639333
7	-0.962022194	0.483006222	54.7559619	0.656538286
8	-0.96301954	0.482229213	55.1842867	0.665577
9	-0.963108756	0.479442651	55.1347659	0.672593333
10	-0.963234736	0.481902319	55.3694453	0.6646568
11	-0.962881105	0.488646425	55.2894958	0.664382545
12	-0.963025487	0.486815222	55.5383633	0.659241
13	-0.963996142	0.483726705	56.1009877	0.667191692
14	-0.965159491	0.478792336	56.9196562	0.681488857
15	-0.964424565	0.479869286	56.4862151	0.6812816
16	-0.9656158	0.471660294	57.24058	0.693565
17	-0.966250518	0.469323016	57.6327145	0.698384706
18	-0.965876098	0.472478065	57.3816	0.695893778
19	-0.966037061	0.472226589	57.469513	0.696905684
20	-0.966264504	0.47336055	57.5740827	0.6995252
21	-0.966314861	0.472796872	57.4921137	0.701362095
22	-0.96550368	0.473310312	56.9671491	0.695565818
23	-0.965640056	0.47362236	57.1395455	0.690576696
24	-0.965434213	0.474708862	57.0519111	0.689610667
25	-0.965541088	0.475292969	57.0897515	0.6907984
26	-0.965369182	0.477177019	57.0131938	0.689782154
27	-0.965610228	0.476493531	57.1800109	0.694126222
28	-0.96560704	0.476738217	57.2467962	0.692423429
29	-0.965461034	0.47633211	57.1582285	0.690555172
30	-0.965557765	0.475932095	57.3292258	0.688688267
31	-0.965620385	0.476208179	57.3152366	0.690451484
32	-0.965417073	0.47787942	57.1897779	0.690753625
33	-0.965579232	0.477218905	57.269156	0.69170097
34	-0.96533164	0.479057525	57.1058569	0.689476118
35	-0.965698871	0.477309427	57.3699093	0.692303543
36	-0.965676536	0.478165708	57.4204885	0.691771222
37	-0.965367792	0.478482217	57.1968231	0.689340973
38	-0.965502154	0.479278699	57.291114	0.691307684
39	-0.965646972	0.479657839	57.3580079	0.692122974
40	-0.965611356	0.479758043	57.415286	0.6893778
41	-0.96574168	0.479922061	57.4730846	0.689805951
42	-0.965623202	0.480744283	57.3616905	0.689379143
43	-0.965587643	0.479984816	57.297533	0.68706586
44	-0.965295984	0.481776434	57.1362076	0.684544636
45	-0.965364364	0.481378198	57.1840939	0.686467111
46	-0.965478863	0.480712593	57.2534957	0.688282261
47	-0.965447947	0.481342528	57.2636729	0.686031404
48	-0.965516458	0.481611998	57.3166714	0.685464583
49	-0.96542489	0.481710962	57.2759921	0.681938367
50	-0.96538289	0.482633633	57.2723227	0.68237648
51	-0.965585277	0.481086213	57.424537	0.683475608
52	-0.965611395	0.480873579	57.446089	0.684239
53	-0.965497324	0.481715094	57.373158	0.683779396
54	-0.965370089	0.482177268	57.2855141	0.681993333
55	-0.96579273	0.479289207	57.5236737	0.6859056
56	-0.96572864	0.479558918	57.4923924	0.684146286
57	-0.965824817	0.478590961	57.5380014	0.685353123
58	-0.965814058	0.479279078	57.4968349	0.685302897
59	-0.96571864	0.479101385	57.4384911	0.684460814
60	-0.965743721	0.478225482	57.4913287	0.682206067
61	-0.965496771	0.479200403	57.3569696	0.679920525
62	-0.965418503	0.479394389	57.3060047	0.678589677
63	-0.965497644	0.478961724	57.3271968	0.679904444
64	-0.965536011	0.478759911	57.3605127	0.679794313
65	-0.965624178	0.478905275	57.4174775	0.679368923
66	-0.965538413	0.479775629	57.3760495	0.679387333
67	-0.965777013	0.478047317	57.5038241	0.681913313
68	-0.965802876	0.477979638	57.5237857	0.682102647
69	-0.965766844	0.478681842	57.5081644	0.681205971
70	-0.965870942	0.479221882	57.6024091	0.681124229
71	-0.965811858	0.480277603	57.6034126	0.68081262
72	-0.965626738	0.480759645	57.4989241	0.676648
73	-0.965401378	0.480300885	57.3264984	0.672605863
74	-0.965276987	0.48037582	57.2238391	0.672319622
75	-0.965251662	0.480290105	57.1975156	0.673095093
76	-0.965297355	0.480081268	57.2206275	0.674388789
77	-0.965255816	0.480577884	57.2001536	0.674520675
78	-0.965171683	0.481005008	57.1453998	0.674461077
79	-0.965318733	0.479886189	57.2189686	0.676326532
80	-0.965478142	0.479361159	57.3048627	0.6781071
81	-0.965576276	0.479095741	57.3744709	0.679253284
82	-0.965650099	0.47903205	57.4079898	0.68024639
83	-0.965575797	0.479755638	57.3805823	0.679416337
84	-0.965492829	0.479896541	57.326033	0.678484286
85	-0.965584379	0.479853564	57.3857997	0.680018965
86	-0.965572955	0.479971943	57.3865462	0.679550093
87	-0.965646941	0.479815188	57.4369284	0.680848184
88	-0.965734748	0.479418429	57.4785595	0.681764682
89	-0.965669901	0.479425408	57.4198596	0.68088382
90	-0.965648254	0.479275811	57.3987523	0.680679378
91	-0.965458963	0.47970743	57.3137105	0.678825055
92	-0.965377419	0.480873784	57.283007	0.67904487
93	-0.965407336	0.480304804	57.2980657	0.680074323
94	-0.965599232	0.479100499	57.4129906	0.682059489
95	-0.965632909	0.479145227	57.4388516	0.682525474
96	-0.965634954	0.479168254	57.437109	0.682522708
97	-0.965575128	0.479051553	57.4084334	0.682950227
98	-0.965545296	0.479232843	57.4013782	0.682309714
99	-0.965613446	0.478734572	57.4342485	0.683484404
100	-0.965641459	0.478643803	57.4694501	0.68333296
1	-0.9671188	0.452517653	59.2475867	0.68674
2	-0.9670272	0.44953019	58.7861867	0.64956
3	-0.964282987	0.471791497	56.7385333	0.651882667
4	-0.95951956	0.489384531	53.4645	0.627778
5	-0.961675568	0.47795893	54.7776987	0.6421784
6	-0.960949333	0.487899529	54.0595556	0.6388
7	-0.962029383	0.481997768	54.7208362	0.655869143
8	-0.96303552	0.481395913	55.1552333	0.664976
9	-0.963123129	0.478940676	55.1044978	0.672023111
10	-0.96323476	0.481672294	55.3415453	0.664138
11	-0.962908131	0.488052436	55.26936	0.663952
12	-0.963067733	0.486168524	55.5199467	0.658853333
13	-0.964056892	0.482886977	56.0857774	0.666844615
14	-0.965210411	0.478046764	56.90352	0.681149143
15	-0.964469211	0.47916906	56.4704347	0.680953867
16	-0.9656466	0.471054549	57.225345	0.693255
17	-0.966281341	0.468583162	57.6191443	0.698114118
18	-0.96590416	0.471793845	57.3699111	0.695652444
19	-0.966068463	0.471550505	57.4585067	0.696665263
20	-0.966309584	0.472369382	57.56372	0.6992992
21	-0.966345924	0.471844886	57.4826203	0.70114381
22	-0.965543375	0.472283874	56.9600109	0.695350545
23	-0.96568167	0.472610984	57.1327443	0.69037913
24	-0.96548205	0.473550042	57.0449306	0.6894025
25	-0.965587741	0.47421629	57.0840539	0.69060304
26	-0.965412462	0.476250237	57.0070359	0.689576923
27	-0.965653363	0.47553414	57.1726588	0.693912593
28	-0.965648297	0.475746849	57.2396648	0.692214857
29	-0.965508182	0.475381049	57.1518372	0.690360828
30	-0.965601984	0.475037334	57.3226489	0.6884992
31	-0.965656	0.47548654	57.3080275	0.690258065
32	-0.965444893	0.477296457	57.1827871	0.690569625
33	-0.965606194	0.476727388	57.2621952	0.691521818
34	-0.965355544	0.478651655	57.0988392	0.689294824
35	-0.965718235	0.476978874	57.3627055	0.692128914
36	-0.965691231	0.477897381	57.4124207	0.691594889
37	-0.965384999	0.478288178	57.1901975	0.68917427
38	-0.965520152	0.479090368	57.285146	0.691144421
39	-0.965669301	0.479487853	57.3522496	0.69196759
40	-0.965626082	0.479700264	57.410363	0.6892241
41	-0.965757249	0.479843707	57.4683811	0.689647805
42	-0.965636067	0.480682054	57.3571876	0.689231905
43	-0.965598024	0.47991377	57.2932794	0.686924465
44	-0.965309804	0.481720799	57.1315642	0.684408364
45	-0.965380398	0.481379132	57.1808006	0.686344356
46	-0.965496899	0.480647259	57.2499499	0.688158
47	-0.96546734	0.481332957	57.2610786	0.68592017
48	-0.965533285	0.481637282	57.3129864	0.685347583
49	-0.96543662	0.481800166	57.2716354	0.681822857
50	-0.965398269	0.48267719	57.2684091	0.68226544
51	-0.965598188	0.481244612	57.420668	0.683368235
52	-0.965626623	0.481000441	57.4427669	0.684138846
53	-0.965514478	0.481751192	57.3699029	0.683686189
54	-0.965383019	0.482256702	57.2820657	0.681899111
55	-0.965805443	0.479338361	57.5203462	0.685813964
56	-0.96573941	0.479570952	57.4893864	0.684063357
57	-0.965836696	0.47860998	57.5355757	0.685273404
58	-0.965824608	0.479288474	57.4943395	0.685223517
59	-0.965732805	0.479064922	57.4360705	0.684382644
60	-0.965757189	0.478186782	57.4888964	0.682126133
61	-0.965507759	0.479237782	57.3540708	0.679840393
62	-0.965430794	0.479402785	57.3033086	0.678507419
63	-0.96550602	0.478970752	57.3244582	0.679821651
64	-0.965544751	0.478770281	57.3578923	0.679712563
65	-0.965633451	0.478881231	57.4154328	0.679291015
66	-0.965545926	0.479736952	57.3744297	0.679314485
67	-0.965787998	0.477949734	57.5021664	0.681841672
68	-0.965812347	0.477867481	57.5222684	0.682035
69	-0.965775667	0.478515237	57.5065737	0.681136986
70	-0.965883017	0.479001503	57.6016278	0.681065143
71	-0.965822887	0.480027262	57.6026948	0.680761239
72	-0.965640206	0.480506077	57.4985687	0.676599167
73	-0.965414174	0.480014204	57.3261428	0.672555288
74	-0.965288709	0.480147019	57.2233074	0.672267892
75	-0.965264112	0.480033978	57.1972862	0.6730456
76	-0.965308234	0.479802008	57.2205986	0.674343263
77	-0.965267016	0.48028873	57.2000777	0.674478078
78	-0.965183845	0.480682589	57.1455236	0.674417897
79	-0.965332248	0.479521827	57.2191637	0.676283291
80	-0.965490173	0.47897967	57.3049115	0.67806365
81	-0.965588855	0.478714552	57.37448	0.679210667
82	-0.965663086	0.478626861	57.4080902	0.680203073
83	-0.965584625	0.479356288	57.3806374	0.679375807
84	-0.965501732	0.479480189	57.326144	0.678443762
85	-0.9655906	0.479466537	57.3857736	0.679977082
86	-0.965581167	0.479576512	57.3868363	0.67951414
87	-0.965650747	0.479473835	57.4371925	0.680813195
88	-0.965740189	0.479082655	57.4790482	0.681732182
89	-0.965676293	0.479042642	57.420424	0.680852854
90	-0.9656538	0.478882278	57.3991447	0.68065
91	-0.965466411	0.47933153	57.3137883	0.678788703
92	-0.965385815	0.480506478	57.2829912	0.67900813
93	-0.965417199	0.479930708	57.2979085	0.680038452
94	-0.965609787	0.478699588	57.4131024	0.682025532
95	-0.965644875	0.478729622	57.4389396	0.682492168
96	-0.965646131	0.478779254	57.437436	0.682494042
97	-0.965587888	0.478663301	57.4087923	0.682920165
98	-0.965557269	0.478876856	57.4020848	0.682283878
99	-0.965625318	0.478375227	57.4346541	0.683455798
100	-0.965653918	0.478281061	57.4698068	0.68330788
101	-0.965561904	0.478510987	57.4169191	0.68221402
102	-0.96565322	0.477914888	57.4651027	0.683359059
103	-0.9657698	0.477483986	57.5275547	0.684532738
104	-0.965691595	0.477544208	57.4795379	0.683614385
105	-0.965716194	0.477538518	57.4839369	0.684198286
106	-0.965742912	0.478305911	57.4947308	0.684643698
107	-0.965832119	0.477894047	57.5549362	0.686069495
108	-0.965882145	0.478024231	57.5889306	0.686755407
109	-0.965988269	0.477227286	57.6687161	0.687578569
110	-0.966010146	0.477168173	57.6948052	0.687223673
111	-0.966014819	0.477312233	57.6992483	0.687371604
112	-0.966014919	0.477926986	57.6914096	0.687681679
113	-0.965951138	0.478257343	57.6790689	0.686866655
114	-0.965928296	0.478387786	57.6586599	0.686228842
115	-0.965946241	0.478155477	57.6487818	0.686612904
116	-0.965947127	0.478623521	57.6599368	0.685973586
117	-0.965934555	0.478843288	57.6390255	0.686252547
118	-0.965901251	0.479263858	57.6181671	0.686072712
119	-0.965729076	0.479128609	57.5375069	0.68224205
120	-0.965782645	0.479026553	57.5619579	0.683045567
121	-0.965830361	0.479214128	57.5827404	0.683468463
122	-0.965858626	0.478958917	57.5956612	0.683793574
123	-0.96580575	0.479376792	57.5484361	0.683721659
124	-0.96585662	0.478874047	57.5781857	0.68449229
125	-0.965727294	0.479121682	57.5074358	0.682934304
126	-0.965703577	0.479177725	57.4843308	0.683197905
127	-0.965634383	0.479327044	57.4263029	0.682849858
128	-0.965562136	0.479547462	57.3752755	0.681828656
129	-0.965613233	0.479443283	57.4056921	0.68264307
130	-0.965437438	0.480418825	57.2995332	0.681628831
131	-0.965458042	0.480447748	57.3082893	0.681976916
132	-0.965441674	0.480737741	57.2906279	0.681614
133	-0.965504645	0.480366536	57.3446342	0.681466827
134	-0.965506586	0.480238481	57.3656308	0.680845731
135	-0.965469589	0.480141355	57.3448514	0.679254281
136	-0.965444523	0.480389362	57.3282425	0.678999676
137	-0.96528718	0.480495287	57.2387981	0.677465577
138	-0.965183297	0.480511844	57.1740957	0.676135855
139	-0.965164382	0.480492285	57.1657877	0.676066561
140	-0.965106886	0.480470771	57.1199657	0.675427143
141	-0.965051744	0.481003106	57.0926901	0.674941787
142	-0.965031781	0.48107681	57.09197	0.67446231
143	-0.965000438	0.480951188	57.0679244	0.674357566
144	-0.964949239	0.480984064	57.0326969	0.673406389
145	-0.965058522	0.480396506	57.0979194	0.674520607
146	-0.964987198	0.480733314	57.0553868	0.673973616
147	-0.964981327	0.480565157	57.0560948	0.673692218
148	-0.964914315	0.480424128	57.0306713	0.671767108
149	-0.964924672	0.480656406	57.040758	0.672281906
150	-0.964929223	0.480649232	57.028734	0.672514507
151	-0.964905305	0.480654136	57.0129732	0.672436132
152	-0.964932648	0.480877999	57.0172395	0.672787684
153	-0.964909995	0.481148184	57.0020904	0.672759869
154	-0.964956845	0.481146951	57.0335555	0.673008468
155	-0.964978957	0.481167553	57.0462311	0.673293677
156	-0.964950074	0.481257516	57.0318652	0.673534487
157	-0.96501787	0.480778045	57.0709112	0.674073096
158	-0.965043454	0.48076362	57.0870076	0.674643595
159	-0.965081187	0.481137852	57.1205592	0.675193962
160	-0.965026599	0.481599681	57.0971499	0.675457425
161	-0.965020884	0.481964763	57.0918864	0.675501366
162	-0.96500635	0.482362251	57.0887116	0.675559457
163	-0.965064861	0.482029625	57.118417	0.676258994
164	-0.965021769	0.482144351	57.1109532	0.675064049
165	-0.965007955	0.482177114	57.0990661	0.674906836
166	-0.965001767	0.482055651	57.1045338	0.674779904
167	-0.964995822	0.48233599	57.1118635	0.674641389
168	-0.964902977	0.48293816	57.0655045	0.674375024
169	-0.964948821	0.482902246	57.0858992	0.675033941
170	-0.964899762	0.483429645	57.0611981	0.674599859
171	-0.964864195	0.483683249	57.0380168	0.674358292
172	-0.964921513	0.483484481	57.0720431	0.674989581
173	-0.964930449	0.483465998	57.0660968	0.675176786
174	-0.964933275	0.483084992	57.0601538	0.675066046
175	-0.96494206	0.482820508	57.0565832	0.675477874
176	-0.964875498	0.482991778	57.0140282	0.675288545
177	-0.964873784	0.482970173	57.0115233	0.674986395
178	-0.964917291	0.4830228	57.0312041	0.675520742
179	-0.964820961	0.483175076	56.9847934	0.673372067
180	-0.964899745	0.482804767	57.0315963	0.673625022
181	-0.964851209	0.482866301	56.9915682	0.673497459
182	-0.964837875	0.482696151	56.9725944	0.673353077
183	-0.964932163	0.482061863	57.0272173	0.674203781
184	-0.964944307	0.482102598	57.0300542	0.674628391
185	-0.964946795	0.482249842	57.0368497	0.674678119
186	-0.964986088	0.482305402	57.0538766	0.675244194
187	-0.964959329	0.482493544	57.0269285	0.675314053
188	-0.964979795	0.482647255	57.0477077	0.675985489
189	-0.964972993	0.482609696	57.0528424	0.676084593
190	-0.965046893	0.482306177	57.097516	0.676976232
191	-0.965063333	0.482399607	57.1082099	0.677363497
192	-0.965084882	0.482329712	57.1249897	0.677810771
193	-0.965120087	0.482376234	57.1457069	0.678414736
194	-0.965073337	0.482515792	57.1190731	0.677852412
195	-0.965096867	0.482499045	57.1369993	0.678039241
196	-0.965017222	0.482767498	57.0911572	0.677375408
197	-0.964911721	0.48267303	57.0234171	0.675921056
198	-0.964875887	0.482539424	57.0047403	0.675085273
199	-0.96486614	0.48267535	56.9895635	0.675142171
200	-0.964868889	0.482840598	56.9905405	0.67546844
