1	-0.505472	0.230066315	1.74367111
2	-0.5052	0.227976636	1.71710889
3	-0.505770667	0.228594631	1.7187363
4	-0.505448	0.228768541	1.71423222
5	-0.505448	0.229340016	1.68883378
6	-0.505710667	0.228945341	1.70598593
7	-0.505552	0.228820786	1.70102476
8	-0.505562	0.22854342	1.71324722
9	-0.505738667	0.228387651	1.69816593
10	-0.5057544	0.22902561	1.70037067
11	-0.505472727	0.22910205	1.69894505
12	-0.505117333	0.229166772	1.69652333
13	-0.505029538	0.229188548	1.69251487
14	-0.504781143	0.229635036	1.69296952
15	-0.504880533	0.229402599	1.69014311
16	-0.50487	0.229600621	1.68980083
17	-0.504826353	0.229644375	1.68843556
18	-0.504694222	0.230098226	1.6885679
19	-0.504724632	0.229980033	1.68999813
20	-0.5048792	0.230137845	1.69322867
21	-0.50481981	0.230312768	1.69076339
22	-0.504850182	0.230015472	1.68876949
23	-0.504890783	0.230097989	1.68969256
24	-0.504884667	0.229894661	1.68786185
25	-0.50499104	0.229899299	1.69080587
26	-0.504923077	0.229806595	1.69206872
27	-0.504849185	0.229815625	1.69189152
28	-0.504835143	0.229910384	1.69294
29	-0.504853241	0.229716492	1.69161257
30	-0.5047664	0.229817828	1.68983659
31	-0.504813161	0.229926493	1.69076631
32	-0.5048415	0.229793259	1.68995139
33	-0.504721939	0.229822942	1.69200606
34	-0.504645882	0.229902767	1.69188889
35	-0.504659429	0.229809189	1.69064102
36	-0.504633333	0.229870286	1.68964815
37	-0.504608	0.229907734	1.68989778
38	-0.504640842	0.229744319	1.69011544
39	-0.504649231	0.22983101	1.69152615
40	-0.5045782	0.229723974	1.69236389
41	-0.504448195	0.229792282	1.69172705
42	-0.50440381	0.229854504	1.69294582
43	-0.504407442	0.229798631	1.69224744
44	-0.504401091	0.229871641	1.69022626
45	-0.504430578	0.229812652	1.69006983
46	-0.504454957	0.229740791	1.69165111
47	-0.50445617	0.229763472	1.69139404
48	-0.504439333	0.229870191	1.69184491
49	-0.504442612	0.229883511	1.69143447
50	-0.50442448	0.229829932	1.69107502
51	-0.504426196	0.229821975	1.6909607
52	-0.504442462	0.229865393	1.69285521
53	-0.504457358	0.229941304	1.69272897
54	-0.504505481	0.229961176	1.6932051
55	-0.504500655	0.230013313	1.6957482
56	-0.504533857	0.230068243	1.69690889
57	-0.504539509	0.230106405	1.69737396
58	-0.504538897	0.230127441	1.69634008
59	-0.504525288	0.230059023	1.69777484
60	-0.504515333	0.230010943	1.69678844
61	-0.50448918	0.229991282	1.69707548
62	-0.504504903	0.230012984	1.69558086
63	-0.50448127	0.230001614	1.69467654
64	-0.504528375	0.230026466	1.69554062
65	-0.504581538	0.229968455	1.69629238
66	-0.504535879	0.230010483	1.69650788
67	-0.504535403	0.23002924	1.6965263
68	-0.504520235	0.230047011	1.69488065
69	-0.504496232	0.2300397	1.69532915
70	-0.504480229	0.229999442	1.69447638
71	-0.504456451	0.2300438	1.69436701
72	-0.504460444	0.230077737	1.69588062
73	-0.504389589	0.2300422	1.69596603
74	-0.504444649	0.229922386	1.6951979
75	-0.504423467	0.229869462	1.69512047
76	-0.504439158	0.229824815	1.69436263
77	-0.504449558	0.229831335	1.69453795
78	-0.504452513	0.229821947	1.6941404
79	-0.504432506	0.229876598	1.69421114
80	-0.5044519	0.229877344	1.69448222
81	-0.504459457	0.229903358	1.69417355
82	-0.504470732	0.229837052	1.69411301
83	-0.504487036	0.229889053	1.69507159
84	-0.504455238	0.229875188	1.69429884
85	-0.504427953	0.229900461	1.69478667
86	-0.50444214	0.22995567	1.69405364
87	-0.504429241	0.229998726	1.69489681
88	-0.504395091	0.229981606	1.69418773
89	-0.504423011	0.22994625	1.69491665
90	-0.504401511	0.229937666	1.69504899
91	-0.504441319	0.229943278	1.69603272
92	-0.504451478	0.229980431	1.69534174
93	-0.504457204	0.229937439	1.69583192
94	-0.504414553	0.230021654	1.69536823
95	-0.504427284	0.230017536	1.69520903
96	-0.504423917	0.229941909	1.69564472
97	-0.504435876	0.229973031	1.69665384
98	-0.504413633	0.229926196	1.69647732
99	-0.504426828	0.229976512	1.69625625
100	-0.50442	0.23001088	1.69628804
1	-0.504912	0.230086918	1.74437778
2	-0.505748	0.227002802	1.71528667
3	-0.50632	0.228199238	1.72139704
4	-0.506046	0.228640439	1.71959333
5	-0.505936	0.230000357	1.69487467
6	-0.506174667	0.229598941	1.71228519
7	-0.506089143	0.229106562	1.70588444
8	-0.506077	0.228705772	1.71695944
9	-0.506185778	0.228753781	1.70117136
10	-0.5060264	0.229411295	1.70193422
11	-0.505825455	0.228870647	1.70154141
12	-0.505548	0.229076501	1.69895111
13	-0.505377231	0.229065636	1.69514462
14	-0.505018286	0.229349171	1.69482349
15	-0.505129067	0.229204429	1.69299289
16	-0.5050875	0.229071043	1.6926775
17	-0.505029176	0.229343719	1.69194353
18	-0.504964	0.229895552	1.6932763
19	-0.504917053	0.229694729	1.69380257
20	-0.5050076	0.229967905	1.69722022
21	-0.504925333	0.230029487	1.69536169
22	-0.504875636	0.22961201	1.69230242
23	-0.504855652	0.229768452	1.69343227
24	-0.504895	0.229341243	1.69147426
25	-0.50497184	0.229406669	1.69443698
26	-0.504884	0.229448562	1.69528462
27	-0.504827556	0.229270672	1.69462947
28	-0.504802	0.229379288	1.69597317
29	-0.50479531	0.229523407	1.6945036
30	-0.504708533	0.229723982	1.69294741
31	-0.504679484	0.229839566	1.69358308
32	-0.5046795	0.229667042	1.69320778
33	-0.504574788	0.229563599	1.6953468
34	-0.504524706	0.229586053	1.69496327
35	-0.504546286	0.22955102	1.69355086
36	-0.504532444	0.22957087	1.69251802
37	-0.504525189	0.229557535	1.69269417
38	-0.504566947	0.229651084	1.69278456
39	-0.504649231	0.229680042	1.6941796
40	-0.5045882	0.229692456	1.69534889
41	-0.504472	0.229719819	1.69461886
42	-0.504409524	0.229828234	1.6955672
43	-0.504411163	0.229875442	1.69485199
44	-0.504412182	0.229903407	1.69284384
45	-0.504466311	0.229836248	1.6925763
46	-0.504497391	0.229702971	1.69399643
47	-0.504523064	0.229738745	1.69377475
48	-0.504537333	0.22991736	1.69438324
49	-0.50454498	0.230029664	1.69411447
50	-0.50455328	0.230050614	1.69390364
51	-0.504560314	0.23001608	1.69361821
52	-0.504572923	0.229971134	1.69533068
53	-0.504553962	0.230009062	1.69497744
54	-0.504603407	0.230029097	1.69534634
55	-0.504613818	0.230102218	1.69785762
56	-0.504652571	0.23014406	1.69918421
57	-0.504642246	0.230180985	1.69971283
58	-0.504653517	0.230191943	1.69870153
59	-0.504678644	0.230085099	1.70043548
60	-0.504666	0.230105489	1.69958363
61	-0.504654033	0.230057015	1.6998486
62	-0.504665935	0.230070285	1.69834301
63	-0.504624127	0.230178916	1.69714935
64	-0.504652375	0.230188908	1.69767042
65	-0.504695385	0.230132413	1.69855747
66	-0.504668242	0.230161956	1.69874761
67	-0.504672	0.23015072	1.69904179
68	-0.504658588	0.230220313	1.69739915
69	-0.504632464	0.230183376	1.69767279
70	-0.504618857	0.230100663	1.69679302
71	-0.504571493	0.230102937	1.69649878
72	-0.504583	0.230192376	1.69791549
73	-0.504511014	0.230166037	1.69798813
74	-0.504561946	0.230033112	1.69712456
75	-0.504541653	0.229962226	1.69691615
76	-0.504560632	0.229935374	1.69631538
77	-0.504562701	0.229948487	1.69641126
78	-0.504562872	0.22995887	1.69604672
79	-0.504536304	0.229922387	1.6961627
80	-0.5045393	0.229959327	1.69660872
81	-0.504545975	0.229921015	1.69634875
82	-0.504558634	0.229831618	1.69639604
83	-0.504551422	0.22981074	1.69707534
84	-0.504505333	0.229769757	1.6963154
85	-0.504471624	0.229844831	1.69672617
86	-0.50448493	0.229845397	1.69586775
87	-0.50446869	0.229818425	1.69646861
88	-0.504421091	0.229829229	1.69583934
89	-0.504441618	0.2298256	1.69657923
90	-0.504431289	0.229888413	1.69676721
91	-0.504468747	0.229905426	1.69764195
92	-0.504472696	0.229915581	1.69687014
93	-0.504474065	0.22988834	1.69717415
94	-0.504432511	0.229945582	1.696574
95	-0.504459958	0.229933893	1.69631181
96	-0.504459917	0.229894044	1.69675523
97	-0.504478021	0.229910881	1.69778662
98	-0.504450857	0.229883858	1.69765274
99	-0.504463354	0.229889964	1.69749351
100	-0.50446064	0.229923859	1.69763653
101	-0.504519287	0.229887064	1.69801149
102	-0.504535922	0.22988707	1.69811447
103	-0.504512932	0.229936174	1.69814071
104	-0.504494538	0.22993607	1.69783842
105	-0.504466133	0.229937001	1.69763822
106	-0.504487472	0.229904823	1.6981205
107	-0.504495626	0.229898846	1.69709765
108	-0.504476519	0.229897429	1.69712029
109	-0.504478606	0.229912045	1.6961381
110	-0.504461091	0.229951078	1.69566259
111	-0.504454631	0.22990041	1.6954553
112	-0.504462357	0.229952514	1.69557409
113	-0.50446131	0.229915221	1.69502757
114	-0.504473754	0.229909032	1.69389758
115	-0.504468661	0.229856136	1.69393662
116	-0.504481931	0.229849338	1.69360736
117	-0.50450694	0.2298203	1.69351833
118	-0.504497695	0.229849257	1.69362143
119	-0.504509244	0.229828167	1.69282588
120	-0.504495067	0.229887844	1.69347985
121	-0.504511405	0.229931016	1.69327339
122	-0.504498098	0.229923159	1.69328962
123	-0.504494894	0.229927372	1.69357435
124	-0.504494516	0.229872727	1.69355068
125	-0.504523648	0.229879085	1.69347815
126	-0.504496381	0.229926578	1.69250744
127	-0.504539087	0.229903338	1.69326303
128	-0.504547188	0.22987604	1.69348337
129	-0.504556403	0.229844966	1.69302422
130	-0.504546831	0.229828636	1.69273976
131	-0.504538382	0.22983462	1.69177659
132	-0.504547939	0.229789515	1.69190034
133	-0.504568	0.229805292	1.6917855
134	-0.504596179	0.229852532	1.69260411
135	-0.504596563	0.229850789	1.69295533
136	-0.504575588	0.22982921	1.69250673
137	-0.504575007	0.229795198	1.69257788
138	-0.504553449	0.229754134	1.69201649
139	-0.50454636	0.229714166	1.69200835
140	-0.504537086	0.229704498	1.69185692
141	-0.504527887	0.229639811	1.69183067
142	-0.504520338	0.229659516	1.69181158
143	-0.504532811	0.229673874	1.6921214
144	-0.504535722	0.229700671	1.69231833
145	-0.504519503	0.229714011	1.69176521
146	-0.504499123	0.229718492	1.69164283
147	-0.504505252	0.229727961	1.6919854
148	-0.504486973	0.229779712	1.6917379
149	-0.504497664	0.229781571	1.69222723
150	-0.50451168	0.229743846	1.69267458
151	-0.504509033	0.22974764	1.6932503
152	-0.504503263	0.229718884	1.69367342
153	-0.504492235	0.229689291	1.69347065
154	-0.504485818	0.229662277	1.69270061
155	-0.504470606	0.229653587	1.69278727
156	-0.504432	0.229639013	1.69255362
157	-0.50443465	0.229646079	1.6924445
158	-0.504439848	0.229618304	1.69207134
159	-0.504459472	0.229629755	1.69201655
160	-0.50446675	0.229631488	1.6921455
161	-0.50445918	0.22959648	1.69211285
162	-0.504465481	0.22960178	1.69211844
163	-0.504462086	0.229646825	1.69237772
164	-0.504451317	0.229657388	1.69227816
165	-0.504445285	0.229628269	1.69230158
166	-0.504439036	0.229622913	1.69205071
167	-0.504447521	0.229600091	1.69270262
168	-0.504432048	0.229600511	1.69243966
169	-0.504433325	0.229601779	1.6927883
170	-0.504430071	0.229592123	1.69285689
171	-0.504428257	0.22957461	1.69258199
172	-0.504425442	0.229561963	1.69242181
173	-0.504436439	0.229568002	1.69280144
174	-0.504434529	0.229576881	1.69288672
175	-0.504438949	0.229568555	1.69335888
176	-0.504441682	0.229559007	1.69317467
177	-0.504441085	0.229606201	1.69365582
178	-0.504439461	0.229631887	1.69357518
179	-0.504432313	0.229647208	1.69355372
180	-0.504439289	0.229649686	1.69356528
181	-0.504449061	0.229661732	1.69318286
182	-0.504460132	0.229664362	1.69290085
183	-0.504471169	0.2296738	1.69299162
184	-0.504476826	0.229665134	1.69297454
185	-0.504471265	0.229675135	1.69299114
186	-0.504481247	0.22967494	1.69287615
187	-0.504495743	0.229668924	1.69260806
188	-0.504501191	0.229682499	1.69258976
189	-0.504498201	0.229704627	1.69282246
190	-0.504514316	0.229744529	1.69293581
191	-0.504534241	0.229746866	1.69305452
192	-0.504527417	0.229744263	1.69288921
193	-0.504513119	0.229756545	1.69284046
194	-0.50452099	0.229761618	1.69285455
195	-0.504529026	0.229773127	1.6929494
196	-0.50453302	0.229784232	1.69291971
197	-0.50452532	0.229791082	1.6928328
198	-0.50453297	0.229798372	1.69258873
199	-0.504538975	0.229793143	1.69250584
200	-0.5045276	0.229782227	1.6923802
