1	-0.581608	0.291277652	2.67636267
2	-0.582632	0.287886756	2.53474933
3	-0.582650667	0.288093797	2.54192
4	-0.582642	0.288606551	2.51082267
5	-0.582192	0.290442958	2.501136
6	-0.582734667	0.291069573	2.51831467
7	-0.583034286	0.289201767	2.53200381
8	-0.582887	0.289772644	2.52886933
9	-0.583134222	0.289222764	2.53326637
10	-0.5833088	0.289226767	2.5238736
11	-0.583136	0.28966849	2.51725624
12	-0.582937333	0.290384105	2.51928
13	-0.583030154	0.290160417	2.52854154
14	-0.582593143	0.290537506	2.53075467
15	-0.5826112	0.290707001	2.54004338
16	-0.5826635	0.290883524	2.54202067
17	-0.582659765	0.291091996	2.53610353
18	-0.582775556	0.291548632	2.53725807
19	-0.582739789	0.291407624	2.5398066
20	-0.5827628	0.291840976	2.54369333
21	-0.582676571	0.291629685	2.5398814
22	-0.582635636	0.291636059	2.53938182
23	-0.582605217	0.291726638	2.52992371
24	-0.582501333	0.291813127	2.52864489
25	-0.58245824	0.29159736	2.52940565
26	-0.582478154	0.291584353	2.52478174
27	-0.582315556	0.291653232	2.5209762
28	-0.582344	0.291618947	2.51919924
29	-0.582352	0.291688182	2.52348432
30	-0.582364533	0.291936381	2.5263872
31	-0.58248129	0.291864937	2.52756181
32	-0.5825005	0.291351501	2.52470467
33	-0.582409697	0.291407512	2.52162667
34	-0.582388706	0.291582745	2.52228675
35	-0.582415771	0.291261403	2.5269635
36	-0.582464444	0.291469221	2.52543778
37	-0.582461838	0.291538529	2.52430876
38	-0.582470105	0.2916795	2.525432
39	-0.582458872	0.291747633	2.52287453
40	-0.582368	0.291922151	2.51963467
41	-0.582288	0.29219096	2.52378914
42	-0.582253524	0.292271119	2.52082362
43	-0.582274791	0.292424919	2.5221249
44	-0.582211091	0.292468374	2.52392788
45	-0.582220444	0.292463789	2.52656936
46	-0.58231113	0.292500828	2.52607096
47	-0.582309617	0.29265597	2.52671149
48	-0.582250667	0.292614401	2.52699956
49	-0.582206204	0.292448971	2.52442133
50	-0.58224208	0.292516436	2.52594155
51	-0.582239686	0.292511951	2.52744146
52	-0.582196	0.292594481	2.52939118
53	-0.582241962	0.292539988	2.52932126
54	-0.58222563	0.292612124	2.52952514
55	-0.582252218	0.292800105	2.52799758
56	-0.582263714	0.292863442	2.52962038
57	-0.582302456	0.292889963	2.5304873
58	-0.582325379	0.293032078	2.53158133
59	-0.582334915	0.29307683	2.53279684
60	-0.582336133	0.293213476	2.533552
61	-0.582360918	0.29323138	2.53324599
62	-0.582317935	0.293184589	2.5322751
63	-0.582313016	0.293165775	2.53225778
64	-0.582304	0.293127236	2.5318115
65	-0.582359015	0.293112569	2.53475381
66	-0.582359758	0.293004817	2.53484113
67	-0.582357612	0.292856847	2.53427248
68	-0.582332	0.292827234	2.53108965
69	-0.582368696	0.292799741	2.53113886
70	-0.582323314	0.292832046	2.52993196
71	-0.58235662	0.292873692	2.53067358
72	-0.582375667	0.292911145	2.52847941
73	-0.582376219	0.293046658	2.52847233
74	-0.582427568	0.293066369	2.52916951
75	-0.582421013	0.293081144	2.52878421
76	-0.582428632	0.293062462	2.52952779
77	-0.582491636	0.293013929	2.5292881
78	-0.582482256	0.293058714	2.52834085
79	-0.582475949	0.293063603	2.52824209
80	-0.5825137	0.293126228	2.5293744
81	-0.582521185	0.293109786	2.52956728
82	-0.582541756	0.293151247	2.52930621
83	-0.582554506	0.293076803	2.53304688
84	-0.582509524	0.293084286	2.53387238
85	-0.582522729	0.293052813	2.53299464
86	-0.582514326	0.293071031	2.53335833
87	-0.582517425	0.293081875	2.53337857
88	-0.582496727	0.293133499	2.53332752
89	-0.582491685	0.293137893	2.53103023
90	-0.582458578	0.293133448	2.53213286
91	-0.582478418	0.293112059	2.53184785
92	-0.582494087	0.293146463	2.5341098
93	-0.582475355	0.293210272	2.53380525
94	-0.582433702	0.293214117	2.5315036
95	-0.582448674	0.293176114	2.5319218
96	-0.58243225	0.293170391	2.53088917
97	-0.582449732	0.293204235	2.53141515
98	-0.582488653	0.293255068	2.53223124
99	-0.582481697	0.293424577	2.53417147
100	-0.58248072	0.293520392	2.53365563
1	-0.580776	0.288903952	2.67659733
2	-0.583148	0.288824527	2.54813067
3	-0.58304	0.287241426	2.54204444
4	-0.582784	0.288734712	2.51567867
5	-0.582024	0.289767893	2.50800853
6	-0.582290667	0.291971565	2.52027911
7	-0.582524571	0.290135154	2.53396648
8	-0.582542	0.289902768	2.53173867
9	-0.582908444	0.28949336	2.53582459
10	-0.582964	0.289747581	2.52612427
11	-0.582858182	0.290410286	2.51913648
12	-0.582716667	0.290828567	2.52097244
13	-0.582769231	0.290642096	2.52932226
14	-0.582322857	0.29056266	2.52947352
15	-0.582388267	0.290757273	2.538176
16	-0.5825135	0.290560374	2.541112
17	-0.582514353	0.290847319	2.53613553
18	-0.582684	0.291234761	2.53811941
19	-0.582623579	0.291132862	2.54094372
20	-0.5825868	0.291703991	2.54413573
21	-0.582549333	0.291528584	2.54128483
22	-0.582472727	0.291639602	2.54062885
23	-0.582494957	0.291382784	2.53122574
24	-0.582410333	0.291485784	2.52939911
25	-0.58233568	0.291457022	2.53012907
26	-0.582361846	0.291188559	2.52549333
27	-0.582263407	0.291208137	2.5218564
28	-0.582287429	0.291310973	2.52008552
29	-0.582311172	0.291520069	2.52384883
30	-0.582280533	0.291971135	2.52668907
31	-0.58236671	0.292055534	2.52765505
32	-0.58235275	0.291644905	2.52533083
33	-0.582316121	0.291488535	2.52244299
34	-0.582288235	0.291638826	2.52280063
35	-0.582333486	0.291394902	2.52745966
36	-0.582397556	0.291543704	2.52577141
37	-0.582428973	0.291551212	2.52411258
38	-0.582444842	0.291690979	2.52555818
39	-0.582469744	0.291638374	2.5231252
40	-0.5823896	0.29179138	2.5194604
41	-0.582324293	0.29197186	2.52380995
42	-0.582309333	0.292009526	2.52080597
43	-0.582329488	0.292284319	2.52239008
44	-0.582284727	0.29233961	2.52398412
45	-0.582298133	0.29237069	2.52619876
46	-0.58237113	0.292377554	2.52587328
47	-0.582385191	0.29248387	2.52702548
48	-0.582353333	0.29258019	2.52725178
49	-0.582313143	0.292543829	2.52467341
50	-0.58235152	0.29265278	2.52567989
51	-0.582361882	0.292625699	2.5270606
52	-0.582324308	0.292648672	2.52926615
53	-0.582359547	0.292628998	2.52877555
54	-0.58234963	0.292617495	2.52886143
55	-0.582387927	0.292713381	2.52774594
56	-0.582387143	0.292830335	2.52915276
57	-0.582422596	0.292919537	2.52989118
58	-0.582450621	0.29302706	2.53078915
59	-0.582483254	0.293012142	2.53204231
60	-0.582487067	0.293175601	2.53298489
61	-0.582513574	0.29310432	2.53302155
62	-0.582474452	0.293030592	2.53211553
63	-0.582463492	0.293184737	2.53197105
64	-0.58243625	0.293234656	2.53166008
65	-0.582506954	0.293211939	2.53466749
66	-0.582507273	0.293224125	2.53519079
67	-0.58250603	0.292956025	2.53470368
68	-0.582456941	0.292961766	2.53146369
69	-0.582496	0.292919439	2.53149681
70	-0.582442286	0.292937239	2.53024267
71	-0.582472	0.292949853	2.53078625
72	-0.582479222	0.292977503	2.52872637
73	-0.582457205	0.293051796	2.52867887
74	-0.582516757	0.293053944	2.52910818
75	-0.582516373	0.293083237	2.52886684
76	-0.582526632	0.293077363	2.52969432
77	-0.582571429	0.293110369	2.52945205
78	-0.582561026	0.293161211	2.52834591
79	-0.582550886	0.293102029	2.52801722
80	-0.5825767	0.293125224	2.52897767
81	-0.582573037	0.293151563	2.52918281
82	-0.582592585	0.293090951	2.52895896
83	-0.582591711	0.292992529	2.53263537
84	-0.582541714	0.292978717	2.53334368
85	-0.582553882	0.292928764	2.53278845
86	-0.582543535	0.292930769	2.53325234
87	-0.582542621	0.293007735	2.53324665
88	-0.582517636	0.293050597	2.53311545
89	-0.582509034	0.293005787	2.53068195
90	-0.5824832	0.293070178	2.53179929
91	-0.582489934	0.293048927	2.53148314
92	-0.582516	0.2930859	2.53395113
93	-0.582499269	0.293052555	2.53365953
94	-0.582463064	0.293082356	2.53146973
95	-0.582487326	0.293022192	2.53196182
96	-0.582480333	0.293026818	2.530915
97	-0.582505814	0.292990124	2.53149707
98	-0.582533878	0.293035471	2.53238863
99	-0.582536081	0.29315458	2.53426602
100	-0.58254504	0.293217394	2.53377269
101	-0.582542733	0.293208565	2.5322861
102	-0.582549647	0.293218784	2.53215357
103	-0.582533204	0.293171479	2.53161786
104	-0.582529923	0.293174334	2.53229579
105	-0.582519162	0.293242955	2.53139561
106	-0.582542038	0.293148922	2.53103764
107	-0.582561121	0.293093048	2.53192708
108	-0.582579852	0.293138027	2.53252509
109	-0.58258033	0.293168091	2.53327609
110	-0.582566182	0.293142747	2.53216252
111	-0.582550414	0.293076038	2.53221871
112	-0.5825165	0.293094788	2.53148229
113	-0.582530832	0.293065783	2.53194535
114	-0.582535439	0.293061444	2.53143902
115	-0.582523548	0.293085187	2.53151337
116	-0.582538897	0.293114551	2.53113517
117	-0.582551863	0.293159306	2.53042042
118	-0.582528678	0.293168428	2.53107327
119	-0.582568874	0.293113578	2.53083442
120	-0.582554667	0.293169315	2.53188316
121	-0.582569388	0.293214116	2.53206303
122	-0.582559016	0.293160284	2.53121565
123	-0.582578146	0.293152591	2.53081366
124	-0.582567419	0.293097798	2.52928194
125	-0.582563328	0.293105018	2.52983966
126	-0.582555111	0.293100605	2.52924567
127	-0.582554079	0.293064286	2.52911462
128	-0.582563875	0.293053871	2.52973379
129	-0.582570419	0.292977854	2.52885271
130	-0.582546954	0.292977923	2.52839426
131	-0.582554382	0.292986568	2.528784
132	-0.582552606	0.29295004	2.52932
133	-0.582555609	0.292984776	2.52952385
134	-0.582587104	0.292967929	2.52975686
135	-0.582580385	0.292948574	2.52870882
136	-0.582581412	0.292917985	2.52933173
137	-0.582574891	0.293022135	2.52934486
138	-0.582572464	0.293113862	2.52963838
139	-0.582573813	0.293052372	2.5294108
140	-0.5825684	0.293033995	2.5294851
141	-0.582576681	0.293018637	2.52839115
142	-0.58255831	0.292983394	2.52857472
143	-0.582577678	0.293043789	2.52929723
144	-0.582568667	0.293066485	2.52884704
145	-0.582552276	0.293090879	2.52863757
146	-0.582526959	0.293120541	2.5286971
147	-0.582521687	0.293168594	2.52825847
148	-0.582522054	0.293168038	2.52850894
149	-0.582542443	0.293142631	2.52896834
150	-0.582547573	0.293127201	2.5278192
151	-0.582540079	0.29313915	2.52743237
152	-0.582550789	0.293119315	2.52771081
153	-0.582527634	0.293169465	2.52770555
154	-0.582541662	0.293163202	2.52818559
155	-0.582542606	0.293155373	2.52797072
156	-0.58252159	0.293121792	2.52616222
157	-0.582538854	0.293116638	2.52648248
158	-0.582549316	0.293079172	2.52602393
159	-0.582564528	0.293013769	2.52554311
160	-0.5825626	0.293034881	2.52518517
161	-0.582560248	0.293064124	2.52476349
162	-0.582544543	0.293064293	2.52488843
163	-0.582569472	0.293048037	2.52569505
164	-0.582553756	0.293084682	2.52495011
165	-0.582545503	0.293109572	2.52492415
166	-0.582555325	0.29310353	2.5254541
167	-0.582531737	0.29307131	2.52431326
168	-0.58250819	0.293109427	2.52405448
169	-0.582511006	0.29308648	2.52357166
170	-0.582486118	0.293114108	2.52408373
171	-0.582463064	0.29317691	2.52397109
172	-0.582455581	0.293147253	2.52430698
173	-0.582469873	0.293145703	2.52372421
174	-0.582468414	0.29317325	2.52389867
175	-0.582478446	0.293132564	2.52429336
176	-0.582484955	0.293124572	2.52541233
177	-0.582501605	0.293134461	2.52503313
178	-0.582504629	0.293129151	2.52526981
179	-0.582495285	0.293083964	2.52451814
180	-0.582491778	0.293078244	2.52443535
181	-0.582493967	0.293102005	2.52443041
182	-0.582508308	0.293084389	2.52424791
183	-0.582502383	0.293115579	2.52395713
184	-0.582518696	0.293107075	2.52396014
185	-0.582519611	0.293081907	2.5240401
186	-0.582530452	0.293101178	2.52377999
187	-0.582551144	0.293115045	2.52429117
188	-0.582564468	0.293122867	2.52318811
189	-0.582557206	0.293050182	2.52264567
190	-0.582573263	0.293089575	2.52317468
191	-0.582574576	0.293078866	2.52396755
192	-0.582591708	0.293047582	2.5243665
193	-0.582589803	0.293012311	2.52399749
194	-0.582600454	0.292983405	2.52385386
195	-0.582600164	0.293041423	2.52406537
196	-0.582611347	0.293036282	2.52429605
197	-0.582600731	0.293013033	2.52395901
198	-0.582611636	0.29303125	2.52366443
199	-0.582617809	0.293075003	2.52406829
200	-0.5826144	0.293078367	2.52503011
