1	-0.719064	0.390945616	5.30591273
2	-0.72132	0.395274713	5.67433818
3	-0.719264	0.392532686	5.45544485
4	-0.719488	0.394881895	5.41944182
5	-0.719752	0.396762269	5.43443636
6	-0.720462667	0.398579245	5.56746909
7	-0.720332571	0.398089643	5.5557226
8	-0.72029	0.397915215	5.57623091
9	-0.720253333	0.39880213	5.5666699
10	-0.72036	0.396965626	5.54775345
11	-0.720497455	0.397288419	5.53935934
12	-0.720332667	0.396486456	5.53009394
13	-0.720504615	0.395854902	5.53941762
14	-0.720651429	0.396976029	5.5331174
15	-0.720585067	0.395867328	5.53230982
16	-0.720568	0.396493964	5.54298182
17	-0.720598588	0.396369079	5.57896984
18	-0.720715111	0.396367518	5.54035758
19	-0.720725474	0.397404565	5.55791234
20	-0.7209648	0.397896026	5.58047527
21	-0.720963429	0.397922709	5.56123879
22	-0.720882182	0.396504812	5.5696605
23	-0.720883826	0.396573617	5.57136379
24	-0.72094	0.396561249	5.56935152
25	-0.720968	0.396037428	5.57690415
26	-0.720888	0.395897977	5.58285455
27	-0.720821926	0.395781274	5.57885684
28	-0.720874857	0.39641431	5.59445481
29	-0.720698483	0.396312623	5.56555486
30	-0.7206624	0.396670704	5.55536558
31	-0.720679484	0.397160957	5.55204082
32	-0.72069175	0.397275466	5.54525182
33	-0.720631273	0.397614752	5.56174722
34	-0.720498353	0.397446407	5.56591722
35	-0.720465371	0.397193192	5.56522597
36	-0.720435778	0.397159818	5.56409859
37	-0.720311351	0.397378	5.55379184
38	-0.720367368	0.39741756	5.55510067
39	-0.720421333	0.397560709	5.56979636
40	-0.7203688	0.397234643	5.55952836
41	-0.72025639	0.397371051	5.55490678
42	-0.720292	0.397149161	5.55824
43	-0.720377674	0.397358331	5.58088913
44	-0.720290364	0.397239406	5.57925653
45	-0.7202416	0.397349729	5.57860655
46	-0.720286957	0.397232874	5.57301043
47	-0.720350809	0.397223162	5.57392449
48	-0.720238833	0.397455977	5.57070409
49	-0.720224	0.397318254	5.5673462
50	-0.72023104	0.397376375	5.57117425
51	-0.720182902	0.397429515	5.57325661
52	-0.720172769	0.397223036	5.57016476
53	-0.720227774	0.397408212	5.57653214
54	-0.720282074	0.397354046	5.58618963
55	-0.720257891	0.397537407	5.59428192
56	-0.720157571	0.397605047	5.59209519
57	-0.720170246	0.397448387	5.58973614
58	-0.72024331	0.397354057	5.59461567
59	-0.720325153	0.397136595	5.59545282
60	-0.720392933	0.397395386	5.60411152
61	-0.72038977	0.397312763	5.60196566
62	-0.720399226	0.397580264	5.6036034
63	-0.720360889	0.397486294	5.60053853
64	-0.72035225	0.397473067	5.599385
65	-0.720389538	0.397427705	5.59899883
66	-0.720420485	0.397331947	5.60223592
67	-0.720392955	0.397435647	5.59972754
68	-0.720353647	0.397504812	5.59929273
69	-0.720401739	0.397488056	5.60226793
70	-0.7203616	0.397328216	5.60054816
71	-0.720341859	0.397276938	5.5982694
72	-0.720334667	0.39724385	5.59866626
73	-0.720356822	0.397308793	5.60235527
74	-0.720376757	0.397531627	5.60089022
75	-0.720353173	0.397696408	5.59557983
76	-0.720377895	0.397443192	5.59701493
77	-0.72044374	0.397524009	5.60331891
78	-0.720448821	0.397349572	5.60768662
79	-0.720424506	0.397552383	5.60711604
80	-0.7204232	0.397347223	5.60412864
81	-0.720448691	0.397149247	5.60074083
82	-0.720430829	0.397179944	5.60012576
83	-0.72041841	0.396980186	5.5981876
84	-0.72038181	0.397053909	5.59680026
85	-0.720367624	0.397180645	5.59792471
86	-0.720364186	0.39704091	5.59719992
87	-0.720372414	0.39696828	5.59717041
88	-0.720383818	0.396829641	5.59758066
89	-0.720375461	0.396855396	5.60057414
90	-0.720395022	0.39669871	5.60047887
91	-0.720392615	0.396629479	5.59937822
92	-0.720375652	0.39666924	5.59665692
93	-0.720397677	0.396563956	5.60499269
94	-0.720350809	0.396577974	5.6025959
95	-0.720333979	0.396516719	5.60278676
96	-0.720319667	0.396685596	5.604155
97	-0.72038532	0.396623007	5.60562129
98	-0.720393959	0.396674907	5.60507763
99	-0.72040396	0.396822829	5.60291622
100	-0.72040144	0.396849566	5.60215505
1	-0.719056	0.391368135	5.34164364
2	-0.721244	0.39183079	5.69994545
3	-0.718917333	0.392311137	5.46926061
4	-0.719356	0.393243564	5.43253636
5	-0.719696	0.396505635	5.44490327
6	-0.720528	0.397390664	5.57605818
7	-0.720363429	0.397296429	5.56028468
8	-0.720394	0.396035772	5.58117273
9	-0.720363556	0.397119702	5.56802747
10	-0.720424	0.395719231	5.54925164
11	-0.720533091	0.39564409	5.5416
12	-0.720352	0.395149336	5.52997455
13	-0.720593846	0.393927352	5.53876587
14	-0.720706857	0.395429546	5.53132104
15	-0.720672533	0.394462956	5.53135709
16	-0.72065	0.3947972	5.54249909
17	-0.720673412	0.394850116	5.57852963
18	-0.720813333	0.394485465	5.53959434
19	-0.720792842	0.395327901	5.55523866
20	-0.7210384	0.395963705	5.57717455
21	-0.721019429	0.396010279	5.55851602
22	-0.720927636	0.394724387	5.56661818
23	-0.720937739	0.394561549	5.56850182
24	-0.721007	0.39459249	5.56670182
25	-0.72103552	0.394574347	5.57348596
26	-0.720930154	0.394783497	5.57999804
27	-0.720894815	0.394664242	5.57674101
28	-0.720964571	0.395289587	5.59310312
29	-0.720791448	0.395179614	5.56369906
30	-0.720746933	0.395658123	5.55383661
31	-0.720747613	0.39603712	5.55044129
32	-0.72075225	0.396165709	5.54334159
33	-0.720699879	0.396469036	5.55962094
34	-0.720561176	0.396456057	5.5647585
35	-0.720554743	0.396030521	5.56438525
36	-0.720530222	0.396032671	5.56288828
37	-0.720420973	0.396013904	5.55364108
38	-0.720470737	0.396032953	5.55605167
39	-0.720514462	0.396156102	5.57083599
40	-0.7204418	0.395967941	5.56086564
41	-0.720361561	0.395938779	5.55652275
42	-0.720370476	0.395847928	5.55944139
43	-0.720468279	0.396103339	5.58209488
44	-0.720418545	0.396070714	5.58041901
45	-0.720374222	0.396177495	5.57949705
46	-0.720404696	0.396104256	5.57402514
47	-0.720462809	0.396167807	5.57475729
48	-0.720361	0.396308481	5.57176545
49	-0.720335837	0.396205609	5.56838308
50	-0.72034848	0.396326739	5.57204945
51	-0.720304	0.396284288	5.57370453
52	-0.720312308	0.396022192	5.57044965
53	-0.720363623	0.396237279	5.57661461
54	-0.720406963	0.396220555	5.58561778
55	-0.720374255	0.396404661	5.59341474
56	-0.720265714	0.396558669	5.59141896
57	-0.720289123	0.396410721	5.58880689
58	-0.720367724	0.396423486	5.59377893
59	-0.720449356	0.396306157	5.59444832
60	-0.720534533	0.396533759	5.60325309
61	-0.720523148	0.39653117	5.60151618
62	-0.720531871	0.396847841	5.60313455
63	-0.720491048	0.396860304	5.60022026
64	-0.720470625	0.396800254	5.59862523
65	-0.720511015	0.396784391	5.59840694
66	-0.720537333	0.396786272	5.60166292
67	-0.720499463	0.39692532	5.59928271
68	-0.720449412	0.396926131	5.59887818
69	-0.720491246	0.397059451	5.60151125
70	-0.720456914	0.396969714	5.59970275
71	-0.72045093	0.396968068	5.59743969
72	-0.720439444	0.397043523	5.59809263
73	-0.720459178	0.397133103	5.60198655
74	-0.720482595	0.39737823	5.60083204
75	-0.72045536	0.397587802	5.59537978
76	-0.720481684	0.397297863	5.59663675
77	-0.720540156	0.397385912	5.60330919
78	-0.720540103	0.397335527	5.60787114
79	-0.720509063	0.397528364	5.60709929
80	-0.7205034	0.397283225	5.60372518
81	-0.720520593	0.397116747	5.60038168
82	-0.720496	0.397220122	5.5998988
83	-0.720467663	0.397060403	5.59790283
84	-0.720437048	0.397112425	5.59660615
85	-0.720413365	0.397259997	5.59739337
86	-0.720413488	0.397094654	5.5965107
87	-0.720427034	0.396941113	5.59667118
88	-0.720430182	0.396851524	5.59710355
89	-0.72042418	0.396861637	5.59980952
90	-0.720444178	0.396775229	5.59970085
91	-0.720439912	0.396744694	5.59856496
92	-0.72043	0.396819359	5.59590427
93	-0.720452387	0.396690657	5.60424782
94	-0.720414723	0.396715762	5.60194244
95	-0.720402695	0.396554957	5.60216697
96	-0.720388917	0.396699845	5.60356682
97	-0.720455175	0.396605292	5.60511108
98	-0.720455918	0.396617955	5.60453929
99	-0.720465616	0.396671316	5.60249697
100	-0.72046176	0.39668212	5.60175731
101	-0.72045996	0.396573281	5.60382653
102	-0.720433647	0.396658543	5.60514203
103	-0.720424621	0.396754819	5.60540187
104	-0.720443692	0.396710228	5.60436455
105	-0.720449905	0.396725219	5.60782303
106	-0.720463094	0.396803433	5.61068048
107	-0.72049772	0.396744788	5.61235575
108	-0.720525111	0.396821048	5.61258182
109	-0.720535633	0.396919271	5.6138011
110	-0.720508945	0.396922755	5.61047147
111	-0.720497658	0.397016745	5.60764278
112	-0.720473571	0.397057888	5.60752792
113	-0.720530619	0.397000181	5.60981438
114	-0.720506456	0.396982249	5.60583375
115	-0.720524174	0.397090103	5.61101464
116	-0.720511517	0.396907176	5.60744088
117	-0.720490393	0.396900835	5.6073196
118	-0.720466983	0.39693448	5.60559951
119	-0.720480336	0.396798095	5.60219734
120	-0.7204812	0.39685882	5.60131303
121	-0.72047914	0.396926508	5.59998768
122	-0.720494623	0.396975163	5.59637443
123	-0.720502374	0.396985505	5.59434347
124	-0.720512581	0.396951829	5.5940763
125	-0.720492352	0.396912035	5.59167552
126	-0.720474032	0.396858851	5.59006234
127	-0.720476598	0.396751144	5.58943508
128	-0.720489	0.396736928	5.59082699
129	-0.720477519	0.396895369	5.59133469
130	-0.720470769	0.396905163	5.59247771
131	-0.720459176	0.396961348	5.59226482
132	-0.720452	0.396904353	5.58932446
133	-0.72043988	0.396981098	5.59069922
134	-0.720444478	0.396926905	5.59022247
135	-0.720418252	0.397022155	5.59020094
136	-0.720402647	0.397074477	5.58812979
137	-0.720404555	0.397101296	5.58693977
138	-0.720413681	0.397135462	5.58840801
139	-0.720429007	0.397102966	5.59059966
140	-0.720431029	0.397172435	5.59231034
141	-0.720408284	0.39721405	5.59447819
142	-0.720403944	0.397237196	5.59595626
143	-0.720423608	0.397161613	5.5947201
144	-0.720412444	0.397083033	5.59216364
145	-0.72037109	0.397033529	5.59099676
146	-0.720359452	0.397128159	5.59017684
147	-0.720320218	0.397209457	5.59032712
148	-0.720310865	0.397144548	5.58856108
149	-0.720311839	0.397089285	5.58938533
150	-0.72032672	0.397097915	5.59162696
151	-0.720311894	0.396947823	5.58855986
152	-0.720304632	0.396854814	5.58985478
153	-0.720307922	0.396860848	5.59299817
154	-0.720299273	0.396861202	5.59382904
155	-0.720298219	0.396707584	5.59377262
156	-0.720297846	0.396773938	5.59680047
157	-0.720327898	0.396746258	5.59476998
158	-0.720319342	0.396735276	5.59633533
159	-0.720335296	0.396704955	5.59652597
160	-0.7203256	0.396711779	5.5943155
161	-0.720322584	0.39677474	5.59562268
162	-0.720302568	0.39674856	5.59456862
163	-0.720291681	0.396805437	5.59541644
164	-0.720267317	0.39691257	5.59753437
165	-0.720250958	0.396899187	5.59483654
166	-0.720265783	0.39696845	5.5953405
167	-0.720263856	0.397047888	5.59821862
168	-0.720243095	0.397225202	5.59770961
169	-0.720267882	0.397164678	5.59568869
170	-0.720254212	0.397204752	5.59276821
171	-0.720248094	0.39728049	5.59374737
172	-0.720249023	0.397333932	5.59530372
173	-0.720250405	0.397249157	5.59471466
174	-0.720257609	0.397290723	5.5945177
175	-0.720274514	0.397242861	5.59530153
176	-0.720258545	0.397255063	5.59431533
177	-0.720246056	0.397343641	5.59390932
178	-0.72025227	0.397368986	5.59413475
179	-0.720254302	0.397303372	5.59439634
180	-0.720257822	0.397427336	5.59652622
181	-0.720262674	0.39742153	5.59513318
182	-0.720270813	0.397413647	5.59599129
183	-0.720249749	0.397403925	5.59366029
184	-0.720252913	0.397423771	5.59251787
185	-0.720239395	0.397483028	5.59141775
186	-0.720254022	0.397522055	5.59269208
187	-0.720278845	0.397601428	5.59331531
188	-0.720299319	0.397643499	5.59378526
189	-0.720305397	0.397623185	5.59326973
190	-0.720309263	0.397668448	5.59176448
191	-0.720324021	0.397665107	5.59298726
192	-0.720327417	0.397623757	5.59306697
193	-0.720343088	0.397677376	5.5933011
194	-0.720346062	0.397735653	5.59335651
195	-0.720351467	0.397667511	5.59313063
196	-0.720383469	0.397635754	5.59490712
197	-0.720376041	0.397660264	5.59503826
198	-0.720387838	0.397652514	5.59560213
199	-0.720371136	0.39759594	5.59278396
200	-0.72036768	0.397569195	5.59418378
