1	-0.99533296	0.375071869	83.200352	0.866648
2	-0.99808584	0.334925519	85.101088	0.872492
3	-0.995663413	0.348965047	84.515072	0.774504
4	-0.9982197	0.316134787	86.244052	0.814585
5	-0.999709504	0.301795272	87.284384	0.8358752
6	-1.00111425	0.285481514	88.2465307	0.852846
7	-1.00191445	0.275247097	88.9481646	0.867608
8	-1.00262967	0.27002478	89.512562	0.8784835
9	-1.00259548	0.270525904	89.4879271	0.883551556
10	-1.00241031	0.273463469	89.3933008	0.8868756
11	-1.00235506	0.274573563	89.3758589	0.887644
12	-1.00216863	0.278731743	89.150764	0.887665
13	-1.00274351	0.270063673	89.5265354	0.893083077
14	-1.00315156	0.263425957	89.8655371	0.898178
15	-1.00298183	0.267284951	89.7549728	0.8975448
16	-1.00326704	0.263661193	89.946958	0.900627
17	-1.00355629	0.260140743	90.0953233	0.902237882
18	-1.00339409	0.26276913	89.9730489	0.902615556
19	-1.00375012	0.257052184	90.2367116	0.905990105
20	-1.00368757	0.258473127	90.167772	0.9061386
21	-1.0037116	0.258007531	90.1900541	0.907465524
22	-1.00355418	0.259094619	90.1122044	0.903381636
23	-1.00354539	0.259009642	90.0944167	0.903930435
24	-1.00373741	0.256382907	90.2666353	0.906303833
25	-1.00411411	0.250550819	90.5427142	0.90936944
26	-1.00390537	0.254254049	90.3656652	0.908191385
27	-1.00417536	0.249846984	90.5794033	0.910738222
28	-1.00418851	0.249365252	90.5867657	0.911625714
29	-1.00419056	0.249337548	90.6020811	0.912065931
30	-1.0041521	0.249517077	90.5886096	0.912351867
31	-1.00415382	0.249983048	90.6128609	0.913329806
32	-1.00393584	0.254891244	90.4414115	0.911692125
33	-1.00394206	0.254768147	90.4510953	0.909939394
34	-1.00387349	0.255355281	90.4214838	0.906780353
35	-1.00385002	0.255025775	90.4854976	0.902637943
36	-1.00377401	0.255815901	90.4402324	0.903200333
37	-1.00371355	0.2568975	90.3896043	0.90338573
38	-1.00375177	0.256327605	90.4221225	0.904367263
39	-1.00388658	0.255587818	90.5372094	0.905806154
40	-1.00395603	0.254687071	90.5850264	0.9066814
41	-1.00392572	0.255346221	90.5603056	0.906969073
42	-1.00409453	0.252805664	90.670197	0.908393048
43	-1.00424009	0.25060042	90.768717	0.909734977
44	-1.00409496	0.251862848	90.7830604	0.902384545
45	-1.00404641	0.252846824	90.7701664	0.901396
46	-1.00403319	0.253483016	90.7493603	0.901720609
47	-1.00374315	0.255816649	90.6466274	0.891948936
48	-1.00387586	0.254048528	90.746589	0.893567917
49	-1.00385112	0.254608092	90.70448	0.893739918
50	-1.00366597	0.255270705	90.6918464	0.8851944
51	-1.00375787	0.254078612	90.7308753	0.886348314
52	-1.00380746	0.253529611	90.7327375	0.887011308
53	-1.00393911	0.251644354	90.830154	0.888661057
54	-1.00394316	0.252148652	90.8192735	0.889202519
55	-1.00392088	0.252600563	90.7674106	0.889265891
56	-1.00373789	0.255357415	90.6345237	0.888830214
57	-1.00379241	0.254741892	90.6581906	0.889501053
58	-1.00370638	0.255667455	90.6270541	0.886587793
59	-1.00355987	0.257679391	90.5641101	0.884380068
60	-1.00358398	0.257506658	90.5758667	0.885205733
61	-1.00361316	0.257315671	90.6004367	0.88618577
62	-1.00364032	0.257110527	90.6103079	0.886990258
63	-1.00375264	0.255332334	90.6877285	0.888324254
64	-1.00381245	0.254814728	90.7345427	0.889416313
65	-1.00382053	0.254766569	90.7228569	0.889721969
66	-1.00372582	0.255459978	90.7160027	0.884957879
67	-1.00382844	0.253957058	90.7820299	0.886192358
68	-1.00365799	0.255343622	90.7335322	0.880970235
69	-1.00364259	0.255511909	90.7092019	0.881480174
70	-1.00360684	0.256184289	90.6601776	0.881478914
71	-1.00356247	0.256641534	90.6417618	0.880748732
72	-1.00360792	0.256029674	90.6548347	0.881445889
73	-1.00351388	0.257040946	90.5684618	0.881568055
74	-1.00342047	0.258655494	90.5054147	0.880239514
75	-1.00341625	0.258568077	90.515654	0.8792176
76	-1.00338233	0.259037606	90.4887099	0.879716316
77	-1.00330847	0.260373399	90.422752	0.879662545
78	-1.00335697	0.259763809	90.4474738	0.880499846
79	-1.00340082	0.259162719	90.4755532	0.881347443
80	-1.00329945	0.259818978	90.4452466	0.87753245
81	-1.00332415	0.259548305	90.4452881	0.877832148
82	-1.003482	0.257218287	90.5479577	0.87924122
83	-1.00339045	0.258632903	90.4689525	0.879040627
84	-1.00344914	0.25777945	90.5102714	0.879885667
85	-1.00344641	0.257751702	90.5055142	0.880513224
86	-1.00338103	0.258261111	90.5028759	0.877702698
87	-1.0032791	0.25956935	90.4453552	0.875734115
88	-1.0033594	0.258491228	90.5035415	0.876820091
89	-1.00319409	0.259541562	90.4444818	0.871731506
90	-1.00315024	0.260126108	90.411067	0.871205156
91	-1.00310757	0.260825934	90.3696719	0.870798374
92	-1.00294877	0.263570755	90.2550466	0.869482
93	-1.00298495	0.263021081	90.264123	0.870167785
94	-1.00298385	0.262780724	90.2895343	0.869103319
95	-1.00304801	0.261949095	90.3239542	0.869970863
96	-1.00309234	0.261353998	90.3500838	0.870666792
97	-1.00309011	0.261439015	90.3465819	0.871206639
98	-1.00312796	0.261060076	90.3687107	0.871969429
99	-1.00315668	0.260830187	90.3901868	0.872597455
100	-1.00323336	0.259768965	90.4368766	0.87351612
1	-0.99881128	0.324647527	86.239472	0.892164
2	-0.99980432	0.309821535	86.611424	0.885216
3	-0.996842213	0.332161337	85.529168	0.783044
4	-0.99910192	0.303910561	87.007488	0.820996
5	-1.00040896	0.291981268	87.8954304	0.841008
6	-1.00169631	0.277130319	88.7523013	0.857082
7	-1.0024148	0.268110616	89.383952	0.871254286
8	-1.00307894	0.263802505	89.896776	0.881697
9	-1.00300595	0.264960507	89.8269102	0.886386222
10	-1.0027757	0.268576652	89.6984368	0.8894252
11	-1.00269255	0.270050315	89.6573309	0.889972727
12	-1.00248741	0.274333872	89.409552	0.889804
13	-1.00304874	0.265856765	89.7652738	0.895052615
14	-1.00342629	0.259595263	90.0859143	0.900000286
15	-1.00324035	0.26355575	89.9609525	0.899244
16	-1.00350597	0.260229375	90.140756	0.9022235
17	-1.00378519	0.256833825	90.2774955	0.903730118
18	-1.00361139	0.259567531	90.1463058	0.904036
19	-1.00395892	0.254014873	90.4012842	0.907335368
20	-1.00388667	0.255614145	90.3238816	0.9074136
21	-1.00389522	0.255338192	90.3363893	0.908665714
22	-1.00372721	0.256574111	90.2521178	0.904524364
23	-1.00370919	0.256623309	90.228432	0.905024522
24	-1.00389631	0.254134103	90.3949807	0.907348833
25	-1.00427092	0.248265462	90.6668237	0.91037824
26	-1.0040593	0.252058791	90.4848874	0.909164923
27	-1.00432202	0.247743357	90.6933979	0.911671556
28	-1.00432821	0.247295369	90.6963463	0.912524571
29	-1.00432614	0.247367032	90.7085142	0.912941517
30	-1.00428502	0.247556695	90.6913515	0.9131976
31	-1.00428342	0.248061244	90.7116852	0.914145032
32	-1.00406091	0.253008702	90.5376265	0.912483125
33	-1.00406413	0.252907615	90.5446158	0.910709576
34	-1.00399198	0.253559433	90.5121948	0.907528235
35	-1.0039644	0.253309734	90.5736727	0.903362629
36	-1.00388631	0.25413987	90.5259858	0.903904222
37	-1.00382455	0.255198272	90.4741423	0.904081514
38	-1.00386038	0.254687829	90.5041975	0.905039895
39	-1.00399199	0.254002337	90.6172144	0.906460923
40	-1.00405993	0.253116224	90.6627028	0.9073167
41	-1.00403104	0.253755844	90.6364238	0.90759122
42	-1.00419468	0.251304284	90.7446057	0.909000571
43	-1.00433774	0.249136266	90.8414221	0.910328744
44	-1.0041938	0.250349155	90.8545553	0.902962636
45	-1.00414392	0.251351975	90.8401319	0.901960622
46	-1.00412891	0.251989458	90.8177523	0.902271652
47	-1.00383809	0.254335192	90.7134523	0.892491574
48	-1.00396856	0.252585766	90.8112797	0.894094417
49	-1.00394105	0.253216872	90.7676699	0.894252653
50	-1.00375355	0.253889628	90.7538896	0.88569352
51	-1.00384437	0.252701154	90.7916245	0.886837882
52	-1.00389142	0.252189199	90.7927449	0.887494231
53	-1.00402062	0.250329192	90.8892942	0.889136528
54	-1.00402369	0.250849861	90.876925	0.889666222
55	-1.00400021	0.251307226	90.8241786	0.889719418
56	-1.00381697	0.254049099	90.6903177	0.889277
57	-1.00387042	0.253446735	90.713209	0.889942105
58	-1.00378087	0.254402067	90.6809233	0.887016069
59	-1.00363542	0.256401744	90.6171496	0.884801288
60	-1.00365758	0.256264216	90.6279741	0.885619133
61	-1.00368517	0.25609646	90.6515756	0.886593049
62	-1.00371155	0.25591316	90.6605197	0.887390323
63	-1.00382161	0.254171971	90.7372003	0.888718603
64	-1.00388067	0.253696407	90.7829477	0.889802438
65	-1.00388675	0.253660613	90.7707308	0.890103631
66	-1.00379117	0.254343929	90.7629806	0.885334242
67	-1.00389472	0.252818713	90.8282947	0.886562627
68	-1.00372295	0.254222815	90.7790494	0.881335529
69	-1.00370818	0.254396703	90.7545336	0.88184371
70	-1.00367134	0.255069866	90.7050414	0.881835429
71	-1.00362672	0.255547831	90.685897	0.881099606
72	-1.00367274	0.254922373	90.6985991	0.881792667
73	-1.00357841	0.255918299	90.6119803	0.881912219
74	-1.00348196	0.257574371	90.5481211	0.880578919
75	-1.0034775	0.257493674	90.5582633	0.879555147
76	-1.00344333	0.257972058	90.5309615	0.880050684
77	-1.00336947	0.259302082	90.464405	0.879990182
78	-1.00341733	0.258691731	90.4881461	0.88082041
79	-1.00346099	0.258094001	90.5153888	0.881662076
80	-1.0033582	0.258782438	90.4844062	0.87783985
81	-1.00338355	0.258503754	90.4840383	0.878135407
82	-1.00354107	0.256180556	90.5863007	0.87954122
83	-1.0034475	0.257642804	90.5066676	0.879334265
84	-1.00350562	0.256809615	90.5475575	0.880176238
85	-1.00349992	0.256828526	90.5419874	0.880798306
86	-1.00343431	0.257333744	90.5389436	0.877985023
87	-1.00333024	0.258674506	90.4806659	0.876010805
88	-1.00341077	0.257597277	90.538364	0.877092818
89	-1.00324477	0.258667909	90.4789251	0.872000315
90	-1.00319983	0.259279813	90.4450676	0.871471422
91	-1.00315756	0.259958102	90.4032137	0.871060484
92	-1.00299776	0.262702916	90.2884115	0.869744522
93	-1.00303406	0.262161809	90.2972587	0.870429677
94	-1.00303349	0.261917801	90.3226109	0.869364043
95	-1.00309695	0.261102611	90.3567751	0.870228632
96	-1.00314036	0.260525275	90.3825343	0.870922
97	-1.00313752	0.260621147	90.3784744	0.871457196
98	-1.00317521	0.26025617	90.4002942	0.872217633
99	-1.00320188	0.26006218	90.4210995	0.872841414
100	-1.00327878	0.259005205	90.467712	0.87375904
101	-1.00322612	0.259720359	90.4280447	0.873840554
102	-1.00326808	0.259092542	90.4463042	0.874529608
103	-1.00325119	0.259271056	90.4174566	0.87471499
104	-1.00324731	0.259401039	90.4014888	0.8749345
105	-1.0032877	0.258874615	90.4286482	0.875699429
106	-1.00324145	0.259611385	90.373814	0.875683774
107	-1.00324356	0.259684356	90.3659442	0.875863776
108	-1.00321078	0.260322154	90.3290498	0.875668444
109	-1.00317481	0.260738401	90.3279877	0.874263633
110	-1.00310321	0.261638897	90.2579034	0.874033091
111	-1.00313075	0.261493503	90.2739122	0.874577369
112	-1.00308619	0.262173172	90.2252893	0.874498893
113	-1.00309516	0.262163447	90.2207523	0.874853628
114	-1.00315821	0.261275847	90.2612157	0.875608561
115	-1.00318649	0.261082668	90.2735482	0.876072348
116	-1.00315043	0.261971279	90.2467793	0.876245793
117	-1.0031844	0.261719642	90.2761052	0.876953265
118	-1.00308919	0.263048055	90.20235	0.876418881
119	-1.00306687	0.263504163	90.1842111	0.876657815
120	-1.00310744	0.262925782	90.2105615	0.877315567
121	-1.00311647	0.262744224	90.2096439	0.877751008
122	-1.0030905	0.263321084	90.1847832	0.877935016
123	-1.0031014	0.263213253	90.2045306	0.877541691
124	-1.00315813	0.262368692	90.2491965	0.878319323
125	-1.00304223	0.263995457	90.1584524	0.877372256
126	-1.00306589	0.263747805	90.1776081	0.877799302
127	-1.00306962	0.263784371	90.1799152	0.878246205
128	-1.00304004	0.264113022	90.1538206	0.878461219
129	-1.00307006	0.26377735	90.172533	0.879006667
130	-1.00285717	0.266205249	90.0326948	0.876184708
131	-1.00293352	0.265041915	90.0878136	0.877005618
132	-1.00281586	0.266165419	89.9990013	0.875083788
133	-1.00285783	0.265596346	90.0249978	0.875652211
134	-1.0028546	0.265826185	90.0201549	0.875974955
135	-1.00284944	0.265894047	90.016322	0.876344504
136	-1.00283379	0.266156795	90.0022953	0.876624588
137	-1.00274486	0.267419126	89.9272872	0.876230102
138	-1.00275198	0.267376022	89.9321929	0.876616232
139	-1.00276659	0.267167923	89.939391	0.877060633
140	-1.00282731	0.266277314	89.9842571	0.877771086
141	-1.00282653	0.266177252	90.0058723	0.876535092
142	-1.00282483	0.266222673	89.9941788	0.876768254
143	-1.00285045	0.265876784	90.0105516	0.877272028
144	-1.0028989	0.265214192	90.0366259	0.87779775
145	-1.00294522	0.264510961	90.0724467	0.878436083
146	-1.0029566	0.264340991	90.0797179	0.878709589
147	-1.00289714	0.264524448	90.0830336	0.875371456
148	-1.0029379	0.263928373	90.111941	0.875968162
149	-1.00287627	0.264602524	90.0775061	0.87483345
150	-1.00292022	0.263987337	90.1055221	0.8754112
151	-1.00297341	0.263238014	90.1430449	0.876066384
152	-1.00299362	0.2630006	90.1506706	0.876446605
153	-1.00306475	0.262023529	90.2007717	0.877169281
154	-1.00304139	0.262378158	90.1775495	0.877266857
155	-1.00303144	0.262374075	90.1750988	0.876931871
156	-1.00295496	0.263463226	90.11138	0.876576333
157	-1.00292757	0.264111553	90.0782291	0.876365936
158	-1.00291112	0.264365929	90.0588527	0.876360911
159	-1.00293174	0.264216137	90.0652136	0.876572025
160	-1.0029309	0.264247578	90.0559783	0.876807475
161	-1.00292115	0.264372251	90.0534304	0.876840224
162	-1.00293139	0.264244547	90.0554347	0.877147062
163	-1.00297076	0.263633919	90.0851703	0.877701252
164	-1.0029831	0.263474341	90.0931189	0.878069732
165	-1.00302904	0.262807265	90.1255802	0.878630109
166	-1.00302584	0.262755551	90.1199118	0.878899157
167	-1.0030385	0.262571807	90.1320302	0.879134635
168	-1.0030045	0.262964456	90.1110569	0.879003595
169	-1.00297903	0.26336755	90.0882455	0.879084095
170	-1.0029846	0.263361351	90.0926493	0.879406565
171	-1.00291372	0.264246126	90.0258993	0.87910117
172	-1.00292695	0.264039175	90.0247784	0.879366233
173	-1.00293602	0.263960284	90.0302933	0.879688832
174	-1.00292408	0.264136049	90.0117021	0.879780966
175	-1.00292128	0.264156224	90.0088405	0.879974789
176	-1.00291564	0.264431193	90.0024586	0.880127386
177	-1.00292593	0.264270625	90.0124045	0.88049765
178	-1.00292944	0.264380989	90.0111167	0.880719124
179	-1.00295982	0.26396375	90.0224565	0.88105019
180	-1.00301032	0.26320763	90.056577	0.881578422
181	-1.00294297	0.263779985	90.0285732	0.880047735
182	-1.00297742	0.263365837	90.0443913	0.880361253
183	-1.00301935	0.262860246	90.0742099	0.880856087
184	-1.00304748	0.262412936	90.0960498	0.881302022
185	-1.00304944	0.26252638	90.1004106	0.881604973
186	-1.00309537	0.261864868	90.1358811	0.882136387
187	-1.00311668	0.261538567	90.1482066	0.882494995
188	-1.00310552	0.261681563	90.1407604	0.882690915
189	-1.00309259	0.261864506	90.1237611	0.882798899
190	-1.00312434	0.261411112	90.1432803	0.883193916
191	-1.00314329	0.261307152	90.15112	0.883426199
192	-1.00314313	0.261186415	90.1582993	0.882919042
193	-1.00311832	0.26151744	90.1301662	0.882885886
194	-1.00310548	0.261726887	90.1183305	0.882991526
195	-1.00311271	0.261626498	90.1245094	0.883288985
196	-1.0030576	0.262120909	90.1117573	0.881465857
197	-1.00305697	0.262121425	90.109954	0.881687168
198	-1.00305947	0.262140342	90.1116009	0.881652505
199	-1.00307664	0.26191862	90.1208211	0.88187805
200	-1.00305403	0.262121659	90.101042	0.88197138
