1	-0.68479168	0.382593682	4.72206667	0.096384
2	-0.6856098	0.381367444	4.70416333	0.08569
3	-0.6854344	0.381823154	4.55912	0.0795866667
4	-0.6853924	0.382367715	4.57398667	0.07972
5	-0.684433792	0.380822105	4.516872	0.0723296
6	-0.685049187	0.380938033	4.60799444	0.0753926667
7	-0.685050514	0.37910396	4.60704571	0.0752114286
8	-0.6851026	0.379056688	4.63719667	0.07658
9	-0.685558453	0.37890609	4.68106667	0.0789893333
10	-0.685720704	0.378441908	4.65845467	0.0789152
11	-0.685560676	0.379167852	4.65966	0.0793065455
12	-0.68533966	0.378720463	4.62802722	0.078383
13	-0.685371009	0.380295138	4.63548974	0.0789196923
14	-0.685528229	0.37963803	4.66291333	0.0813257143
15	-0.685423467	0.37889675	4.66436356	0.0835733333
16	-0.685620125	0.378470492	4.69661375	0.08413125
17	-0.685544565	0.378128794	4.6936149	0.08304
18	-0.685536724	0.378266914	4.67750037	0.0832584444
19	-0.685573314	0.379266786	4.67715579	0.082792
20	-0.685841384	0.37950872	4.672668	0.0830292
21	-0.685623619	0.379614512	4.66298476	0.0816761905
22	-0.685530458	0.379305309	4.65200364	0.0819956364
23	-0.685682483	0.379625898	4.67998377	0.082698087
24	-0.685504033	0.379452704	4.68331	0.0833183333
25	-0.685562234	0.379540682	4.67121973	0.08257568
26	-0.685591123	0.379551023	4.67157769	0.0826946154
27	-0.685461976	0.37957783	4.66879136	0.0828765926
28	-0.68530726	0.379662847	4.66280833	0.0831344286
29	-0.685220874	0.379267048	4.66817724	0.0830161379
30	-0.685270931	0.379387312	4.66841	0.0837732
31	-0.685372988	0.379609429	4.67499161	0.0837849032
32	-0.68550275	0.379539029	4.68239167	0.08495
33	-0.685428082	0.380002549	4.67656566	0.0842041212
34	-0.685258049	0.379963979	4.66728804	0.0831495294
35	-0.685234784	0.379846726	4.670776	0.0835906286
36	-0.685226209	0.379647072	4.67077111	0.083766
37	-0.685191929	0.379800081	4.66326252	0.0832829189
38	-0.685305171	0.379840971	4.66348702	0.0828164211
39	-0.685213649	0.379770235	4.66901983	0.0826927179
40	-0.685181526	0.379593619	4.67210783	0.0826163
41	-0.68507415	0.379714198	4.67186146	0.0824684878
42	-0.685104992	0.379351536	4.68072111	0.0832400952
43	-0.685113929	0.379423902	4.67507488	0.0831755349
44	-0.685044695	0.379245629	4.67287515	0.0835347273
45	-0.685036695	0.378672292	4.66292844	0.0830880889
46	-0.685174563	0.378870933	4.66712812	0.083276
47	-0.685231811	0.379056408	4.66710227	0.0831820426
48	-0.685233003	0.379086414	4.67309556	0.0840251667
49	-0.685274189	0.379127174	4.67785918	0.0842564082
50	-0.685314296	0.379286297	4.6786612	0.0841868
51	-0.685265605	0.379262603	4.68149712	0.084119451
52	-0.685245671	0.379243139	4.67974462	0.0843758462
53	-0.685310684	0.379251485	4.6779356	0.0841228679
54	-0.68538068	0.379078824	4.67862704	0.0846265926
55	-0.685383385	0.379269701	4.68195067	0.0851183273
56	-0.685397711	0.379098105	4.6811319	0.0848998571
57	-0.685406262	0.379305341	4.68528725	0.0851552281
58	-0.685441537	0.379348197	4.69274644	0.0854837241
59	-0.685486358	0.379069496	4.69802045	0.0857348475
60	-0.685442391	0.379466605	4.69700767	0.0859062
61	-0.685469797	0.379366214	4.70333202	0.0860668852
62	-0.685455754	0.379596001	4.70525409	0.0864650968
63	-0.685463942	0.379235077	4.70267302	0.0866193016
64	-0.685478069	0.379269066	4.69864094	0.0865096875
65	-0.68547089	0.37931627	4.69605579	0.0867752615
66	-0.685482742	0.379130527	4.69313758	0.0864643636
67	-0.685561176	0.379090741	4.69662	0.0868289552
68	-0.685564329	0.379312732	4.69656882	0.0868635294
69	-0.685543055	0.379494013	4.69728686	0.0869092754
70	-0.685573806	0.379595419	4.70015829	0.0872102857
71	-0.685544145	0.379455342	4.69927352	0.0874551549
72	-0.685504748	0.379540851	4.69762898	0.0873429444
73	-0.685512398	0.379670284	4.7020684	0.0873787945
74	-0.685527665	0.379720632	4.69794703	0.0875562162
75	-0.685500669	0.379837944	4.69958196	0.0876841067
76	-0.685534162	0.379814614	4.70526947	0.0880502105
77	-0.685605997	0.379854784	4.71221784	0.0880401039
78	-0.685645202	0.379791537	4.7174788	0.0879370256
79	-0.685660745	0.379895759	4.71744473	0.0879739747
80	-0.685698214	0.37987108	4.71578933	0.0878257
81	-0.685714642	0.379872124	4.71218823	0.087262963
82	-0.685704365	0.379895322	4.71190293	0.0873694634
83	-0.685704066	0.3798402	4.71515743	0.0871888193
84	-0.685668418	0.379915627	4.71303722	0.0871304286
85	-0.685668435	0.380120599	4.71639075	0.0870452706
86	-0.685651336	0.379945019	4.71670264	0.0869202791
87	-0.685671477	0.379890001	4.71952667	0.0871554483
88	-0.685684759	0.379880622	4.72190977	0.0872470455
89	-0.685700008	0.379908917	4.72053326	0.0873284944
90	-0.685682215	0.380018156	4.72113867	0.0872174222
91	-0.685695266	0.379982292	4.72012799	0.0872468132
92	-0.685733219	0.380071845	4.72565333	0.0875826957
93	-0.685737589	0.380104293	4.72642903	0.0876235269
94	-0.685727825	0.380048095	4.72239745	0.0875486809
95	-0.685715363	0.379986179	4.72128765	0.0874060211
96	-0.685662988	0.379950372	4.72043576	0.0872410417
97	-0.685670542	0.380019525	4.72085155	0.0871435876
98	-0.685666658	0.380098183	4.71872422	0.0870022857
99	-0.685670674	0.380217749	4.72088128	0.0873074343
100	-0.685620724	0.380198168	4.72032553	0.0872522
1	-0.68469216	0.375485747	4.70394667	0.095408
2	-0.68564432	0.380828843	4.67554667	0.085016
3	-0.68539336	0.383187856	4.53990444	0.0790013333
4	-0.685461	0.382725638	4.56458333	0.07935
5	-0.684507424	0.380726172	4.503992	0.0718512
6	-0.685020227	0.381281832	4.59646111	0.074878
7	-0.684982537	0.379273453	4.59479619	0.074784
8	-0.68500613	0.378929706	4.6236225	0.0762565
9	-0.685474978	0.378381183	4.67060074	0.0787266667
10	-0.685579112	0.37733931	4.64965933	0.0786356
11	-0.68551424	0.377850477	4.6537903	0.0792029091
12	-0.685310553	0.377285024	4.620935	0.0782943333
13	-0.685374351	0.378163583	4.62931179	0.0789329231
14	-0.68547556	0.378299945	4.66014333	0.0813494286
15	-0.685390581	0.377821306	4.66222311	0.0836357333
16	-0.68557991	0.377803409	4.69618417	0.0841705
17	-0.685474913	0.377422067	4.69354392	0.0831338824
18	-0.685540809	0.377575061	4.67784889	0.0833293333
19	-0.685584438	0.378242222	4.67725123	0.0828218947
20	-0.68579404	0.378759127	4.673314	0.083042
21	-0.685604952	0.378683569	4.66351048	0.0816761905
22	-0.68552256	0.378160349	4.65245515	0.0820370909
23	-0.685686296	0.378315962	4.68067072	0.0827669565
24	-0.685530393	0.378313162	4.68370722	0.0833863333
25	-0.68559416	0.37844937	4.67102053	0.0827
26	-0.685599846	0.378792855	4.67104513	0.0828384615
27	-0.685518444	0.378594911	4.66881062	0.0830185185
28	-0.685366414	0.378736461	4.66309405	0.0832778571
29	-0.685294618	0.378637114	4.66939471	0.0831722759
30	-0.68535084	0.37897743	4.66990467	0.0839153333
31	-0.685442005	0.379239452	4.67598731	0.0839325161
32	-0.685554313	0.379409083	4.68289812	0.085103125
33	-0.685497777	0.379584886	4.67783212	0.0843312727
34	-0.685350746	0.379519991	4.66832412	0.0832902353
35	-0.685345088	0.379216915	4.67189752	0.0837801143
36	-0.685341742	0.379141555	4.67125	0.0839315556
37	-0.685324251	0.378971135	4.66391315	0.083444973
38	-0.685437074	0.379007451	4.66445579	0.08298
39	-0.685350966	0.378933427	4.66911897	0.0828508718
40	-0.685315162	0.378763056	4.67251217	0.0827781
41	-0.685213327	0.378765013	4.67233301	0.0826078049
42	-0.68521467	0.378544886	4.68114698	0.0834001905
43	-0.685217155	0.378481984	4.67509039	0.0833135814
44	-0.685183855	0.378327943	4.67290485	0.0836745455
45	-0.685162736	0.377817229	4.66284933	0.0832390222
46	-0.685295976	0.378004031	4.66643942	0.0834161739
47	-0.685345234	0.378262217	4.66641433	0.0833212766
48	-0.685351988	0.378307468	4.67265014	0.0841410833
49	-0.685373158	0.378434074	4.67778816	0.0843803265
50	-0.685424878	0.378615073	4.67866547	0.08428392
51	-0.685371137	0.378488827	4.68164549	0.0842039216
52	-0.68536802	0.378392541	4.67990449	0.0844702308
53	-0.685429494	0.378272778	4.67818843	0.0842143396
54	-0.685490827	0.378266788	4.67895654	0.0847191111
55	-0.685495972	0.378513772	4.68266024	0.0852058909
56	-0.685503769	0.378405747	4.68155143	0.0849884286
57	-0.685526366	0.378650688	4.68588725	0.0852446316
58	-0.685576792	0.37871243	4.69346437	0.0855844138
59	-0.685640983	0.378407581	4.69921864	0.0858389831
60	-0.685608624	0.378719533	4.69876111	0.0860178667
61	-0.685628477	0.378732901	4.70551847	0.0861714098
62	-0.685619671	0.378898678	4.70729925	0.0865770968
63	-0.685617303	0.378635611	4.70471407	0.0867318095
64	-0.685622793	0.378649257	4.70098	0.086633375
65	-0.685615654	0.378744646	4.69785897	0.0868750154
66	-0.685620098	0.378583055	4.69467828	0.0865564242
67	-0.685699791	0.378564968	4.69792249	0.0869179104
68	-0.685687033	0.378676172	4.69737647	0.0869457647
69	-0.685658722	0.378800392	4.69794821	0.086994087
70	-0.685685305	0.37891258	4.70100571	0.0873109714
71	-0.685649574	0.378775344	4.69990469	0.0875491268
72	-0.685608534	0.37896408	4.69824102	0.0874600556
73	-0.685608066	0.379117238	4.70241224	0.0874827397
74	-0.685629587	0.379177326	4.69831027	0.0876469189
75	-0.685609269	0.37932191	4.7004032	0.0877754667
76	-0.685653578	0.379286332	4.70586833	0.0881473158
77	-0.685709942	0.379392839	4.71301481	0.0881412468
78	-0.685743082	0.379402409	4.71841769	0.0880361538
79	-0.685758013	0.379504652	4.71860996	0.0880728101
80	-0.685783684	0.379480383	4.716899	0.0879342
81	-0.685792795	0.379471553	4.71299366	0.0873632099
82	-0.685784701	0.379538824	4.71275081	0.0874643415
83	-0.685780336	0.379494487	4.71572297	0.0872866988
84	-0.685745208	0.379565799	4.71345556	0.0872270476
85	-0.685731915	0.379769897	4.7170469	0.0871510588
86	-0.685726874	0.379579985	4.71769457	0.0870274419
87	-0.685752808	0.379453004	4.72060713	0.087268
88	-0.685757253	0.379524337	4.72284652	0.0873535455
89	-0.68577258	0.379517193	4.72158884	0.0874379775
90	-0.685753412	0.379620243	4.72219504	0.0873239556
91	-0.685766414	0.379552569	4.72126901	0.0873624615
92	-0.685814066	0.37961349	4.72692275	0.0876902609
93	-0.685810893	0.379653416	4.72768853	0.0877274409
94	-0.685803636	0.379615109	4.72389262	0.0876498723
95	-0.685791283	0.379517186	4.72255761	0.0875093895
96	-0.685739139	0.379464842	4.72173187	0.0873402917
97	-0.68574906	0.379467748	4.72217656	0.0872385567
98	-0.685744502	0.379528966	4.71987816	0.0870985714
99	-0.685755173	0.37960186	4.72200229	0.0873990303
100	-0.685705939	0.379583695	4.72159773	0.08734496
101	-0.685707985	0.379563753	4.71847558	0.087133901
102	-0.685687558	0.379488473	4.71456882	0.086974
103	-0.685686756	0.379486501	4.71762926	0.087071767
104	-0.68569521	0.379436936	4.71645365	0.0867989615
105	-0.685704155	0.37934185	4.71641911	0.0868305905
106	-0.685711153	0.379401617	4.71821069	0.0869840755
107	-0.685724324	0.379537313	4.71809757	0.087083514
108	-0.685752299	0.379561435	4.71728648	0.0872445556
109	-0.685755867	0.379557484	4.7167707	0.0872355596
110	-0.685734095	0.379544104	4.71330115	0.0873084
111	-0.685747104	0.37951736	4.71579153	0.0872254775
112	-0.685738715	0.379484609	4.71483268	0.0872786071
113	-0.685756872	0.379542372	4.71695664	0.0872913628
114	-0.685765041	0.379483636	4.71833228	0.0872555789
115	-0.685771997	0.379506041	4.71610423	0.0873024696
116	-0.685792981	0.379496865	4.7183608	0.0874593793
117	-0.685777061	0.379444753	4.71498353	0.0874068718
118	-0.685746539	0.379377449	4.71191045	0.0874184746
119	-0.685748988	0.379335931	4.71195552	0.0873620168
120	-0.685754121	0.379391084	4.70824911	0.0872994
121	-0.685713773	0.379346556	4.70601449	0.086997719
122	-0.685704402	0.379401153	4.70785393	0.0869545246
123	-0.685712961	0.379374292	4.70759317	0.0870041626
124	-0.68573618	0.379457884	4.7090678	0.0871219032
125	-0.685777139	0.379348957	4.7123544	0.087157728
126	-0.685779242	0.379237576	4.71386	0.0873335238
127	-0.685748299	0.379225524	4.71194467	0.0871503622
128	-0.685739404	0.379087837	4.70992292	0.0869233125
129	-0.68574696	0.379088293	4.70975964	0.0870348217
130	-0.685741878	0.379160333	4.70883974	0.0870723385
131	-0.685726311	0.379107258	4.7083631	0.087161374
132	-0.685699137	0.379118192	4.70463636	0.0871659394
133	-0.685686908	0.379035173	4.70418511	0.0873018045
134	-0.685679033	0.379017568	4.70283095	0.087121791
135	-0.685677565	0.379021942	4.70213842	0.0870989926
136	-0.685678132	0.379179708	4.70411426	0.0872213235
137	-0.685680663	0.37913333	4.70100959	0.0872156204
138	-0.685667744	0.379209127	4.70123338	0.0873901159
139	-0.685707262	0.37928368	4.70429568	0.0876278273
140	-0.685698885	0.379255336	4.70252767	0.0874556857
141	-0.685656817	0.379204485	4.69998733	0.0874025532
142	-0.685654366	0.379243639	4.70254554	0.0875295775
143	-0.685677345	0.379248821	4.70064527	0.0873274126
144	-0.685664606	0.379244218	4.70063222	0.0873358333
145	-0.685638451	0.379264283	4.70088211	0.0872577103
146	-0.68563905	0.379303722	4.70095822	0.0873388219
147	-0.685609216	0.379382998	4.70207265	0.0873206531
148	-0.68559341	0.37934266	4.70318036	0.0871948108
149	-0.685604077	0.379373833	4.70530004	0.0871515168
150	-0.685605121	0.379385788	4.7041684	0.08712536
151	-0.685616383	0.379337213	4.70456004	0.0871926623
152	-0.685593677	0.379374269	4.70444329	0.0872259737
153	-0.685569912	0.379350908	4.7029098	0.0871700915
154	-0.685570866	0.379365438	4.7037803	0.0871432987
155	-0.685567344	0.379423433	4.70352073	0.0871181677
156	-0.685570061	0.37937434	4.70298726	0.0871517436
157	-0.685581284	0.379390914	4.7034783	0.0871304459
158	-0.685599646	0.379394955	4.70376084	0.0873316456
159	-0.685601724	0.379332589	4.70382809	0.0872006541
160	-0.685596015	0.37933476	4.70473596	0.087258225
161	-0.685580263	0.379303575	4.70519495	0.087072795
162	-0.685578409	0.379212413	4.70648362	0.0871105679
163	-0.685562856	0.379227216	4.70261963	0.0871146012
164	-0.685548562	0.379290467	4.70064744	0.087030561
165	-0.685539849	0.379299731	4.70025495	0.0869972848
166	-0.685556168	0.379376713	4.70082369	0.0869553735
167	-0.685559553	0.379442675	4.70218539	0.0870554731
168	-0.68554963	0.37954973	4.70276675	0.087172
169	-0.685555765	0.379440747	4.70341945	0.0872509586
170	-0.685539821	0.379497878	4.70232459	0.0872028
171	-0.685518514	0.379528663	4.70091294	0.0872356257
172	-0.685504934	0.379522357	4.70055481	0.0872327442
173	-0.685485381	0.379448981	4.69849121	0.0870181965
174	-0.685482298	0.37943803	4.69717686	0.0870022529
175	-0.685497351	0.379361869	4.69707737	0.0872149714
176	-0.685490131	0.379372042	4.6971197	0.0871929091
177	-0.685493376	0.379383719	4.69647186	0.0871795254
178	-0.685480698	0.379318614	4.69670202	0.0871652135
179	-0.685484574	0.379294063	4.693834	0.0871560894
180	-0.685461266	0.379361525	4.69178281	0.0871344
181	-0.6854723	0.379373043	4.69297149	0.0871398453
182	-0.685492987	0.379349298	4.69313586	0.08719
183	-0.685495407	0.379404526	4.69345617	0.0872971366
184	-0.685473386	0.379460073	4.69205909	0.0870692826
185	-0.685447391	0.379467661	4.69142	0.0870744
186	-0.685452829	0.379473742	4.69103086	0.0871446667
187	-0.685463511	0.379472626	4.69194093	0.0872247487
188	-0.685470165	0.379440618	4.6899839	0.0871763404
189	-0.685473956	0.379466197	4.68929665	0.0871750688
190	-0.685475453	0.379523052	4.68959302	0.0870947579
191	-0.685484232	0.379470412	4.68788998	0.0869948482
192	-0.685482997	0.379482054	4.68844903	0.0870623333
193	-0.685483288	0.379535405	4.69001057	0.087161285
194	-0.685483613	0.379491388	4.69065845	0.0872218763
195	-0.685497941	0.37947338	4.69060003	0.0872867897
196	-0.685518107	0.379470971	4.69248439	0.0874767551
197	-0.685516436	0.379493903	4.69309313	0.087474599
198	-0.685512774	0.379454636	4.69402434	0.0874265657
199	-0.685489039	0.37949421	4.69225092	0.0873464121
200	-0.685519831	0.379523317	4.69575597	0.08759154
