1	-0.55553456	0.276456389	2.23938	0.053528
2	-0.55602888	0.271092391	2.25767	0.054244
3	-0.556834827	0.271628699	2.29469667	0.0510746667
4	-0.55644324	0.269009369	2.2866525	0.046662
5	-0.555953488	0.269818516	2.258641	0.0455944
6	-0.555917613	0.269974569	2.26641583	0.0456806667
7	-0.556305337	0.269652135	2.27141357	0.0448097143
8	-0.55653978	0.269775778	2.27275625	0.046189
9	-0.556603884	0.269962753	2.27469278	0.0465942222
10	-0.5569708	0.269989989	2.268602	0.0465
11	-0.556684596	0.2696452	2.27332182	0.0474298182
12	-0.556441553	0.270183571	2.27256625	0.045811
13	-0.556267397	0.270235736	2.26859	0.0455236923
14	-0.555891091	0.270786046	2.26641964	0.0454974286
15	-0.556025776	0.270502217	2.26913967	0.0461954667
16	-0.556194005	0.270669937	2.26659719	0.04610025
17	-0.556110824	0.27108775	2.27064294	0.0462
18	-0.556200671	0.271392138	2.26892417	0.0466113333
19	-0.556197924	0.27151631	2.26437658	0.0463383158
20	-0.556246636	0.271788635	2.26310875	0.0462518
21	-0.556070552	0.271620121	2.26097429	0.0459657143
22	-0.555930298	0.271305522	2.25512818	0.0455149091
23	-0.555966494	0.271157222	2.24941457	0.045942087
24	-0.555868047	0.271340531	2.25445125	0.0462856667
25	-0.555861683	0.271251383	2.2525072	0.04564416
26	-0.555820335	0.271128603	2.24923058	0.0459244615
27	-0.555769096	0.271226607	2.24715111	0.0456992593
28	-0.55581742	0.271342457	2.24479661	0.0452852857
29	-0.555805274	0.271076333	2.24409828	0.045712
30	-0.555837768	0.271430445	2.24796783	0.0460484
31	-0.555939241	0.271373217	2.25422065	0.0462007742
32	-0.55591825	0.271039043	2.25525531	0.0461875
33	-0.555830999	0.271020132	2.25364379	0.0462529697
34	-0.555738602	0.271102233	2.25371059	0.0456830588
35	-0.555717003	0.271076481	2.25260129	0.0455644571
36	-0.555823098	0.271179368	2.25241722	0.0453771111
37	-0.555764716	0.271258992	2.25023446	0.045252
38	-0.555838775	0.271177118	2.25487132	0.0452650526
39	-0.555886041	0.271201084	2.25395987	0.0451225641
40	-0.55582067	0.271128471	2.25314688	0.0453235
41	-0.555704923	0.271321439	2.25547793	0.0454607805
42	-0.5557278	0.271224547	2.2544294	0.0449804762
43	-0.555722653	0.271256589	2.25605651	0.0449977674
44	-0.555704851	0.271295173	2.2574175	0.0451334545
45	-0.555715076	0.271320461	2.25371	0.0449982222
46	-0.55578705	0.271406283	2.25445913	0.0447873043
47	-0.555776007	0.271361417	2.2528266	0.0446811915
48	-0.55578584	0.271500729	2.25252521	0.044742
49	-0.555770255	0.271621123	2.25027847	0.0447168163
50	-0.555783582	0.271697153	2.2511651	0.04470712
51	-0.555769255	0.271813953	2.25167725	0.0444862745
52	-0.555738922	0.271912879	2.25330702	0.0445460769
53	-0.555758245	0.27200342	2.25423821	0.0443876981
54	-0.555808373	0.271947201	2.25384593	0.0446186667
55	-0.555819343	0.272018898	2.25419345	0.0447416727
56	-0.555884066	0.272083296	2.254635	0.0450032857
57	-0.555904018	0.272160274	2.25672746	0.0452500351
58	-0.5558758	0.27216242	2.25568491	0.0452175862
59	-0.555910766	0.272087954	2.25399695	0.0449010169
60	-0.555872419	0.271986421	2.251449	0.0447876
61	-0.555852068	0.271874688	2.25101279	0.0449247213
62	-0.555850756	0.271793256	2.25056194	0.0449507097
63	-0.555830565	0.271732385	2.24961143	0.0449504762
64	-0.555788957	0.271770531	2.25001813	0.044591625
65	-0.555816572	0.271821019	2.24816469	0.0443916923
66	-0.555802616	0.271780582	2.24801121	0.0443671515
67	-0.555816161	0.271748053	2.24791485	0.0446050746
68	-0.555813125	0.271758245	2.24894162	0.0445738824
69	-0.555787192	0.271746157	2.24769022	0.0440784348
70	-0.555790064	0.271764133	2.24653171	0.0442346286
71	-0.555775336	0.271854156	2.24543373	0.0441245634
72	-0.555740299	0.271807023	2.24458201	0.0439205
73	-0.555729986	0.2718234	2.24458205	0.0441376438
74	-0.55575112	0.271760292	2.24640703	0.0441343784
75	-0.555739573	0.271784733	2.24534253	0.044152
76	-0.555770507	0.27171846	2.24546461	0.0442201053
77	-0.555784129	0.271663556	2.24511974	0.0440687792
78	-0.555787744	0.271691407	2.24480872	0.0440641026
79	-0.55575795	0.27172282	2.24357304	0.0439582785
80	-0.555809366	0.271751659	2.243403	0.0441183
81	-0.55581638	0.271772234	2.24245414	0.0441720988
82	-0.555859203	0.271812036	2.2424525	0.0442186829
83	-0.555871724	0.27178389	2.24256289	0.044285012
84	-0.555848539	0.271810605	2.24359119	0.0443650476
85	-0.555849195	0.271804504	2.24374341	0.0443844706
86	-0.555871809	0.271830429	2.24234064	0.0444323256
87	-0.555871729	0.271887908	2.2426258	0.0443312644
88	-0.555855542	0.271876956	2.24293545	0.0444270909
89	-0.555877737	0.271855186	2.24245629	0.0444755955
90	-0.555879269	0.271964005	2.24292667	0.0444879111
91	-0.555893211	0.27197787	2.2430078	0.044432
92	-0.555880477	0.271907183	2.24340272	0.0442107826
93	-0.555897187	0.271986023	2.2433714	0.0442572043
94	-0.55588379	0.2720925	2.24243165	0.0441894894
95	-0.555906884	0.272117114	2.242597	0.0443336842
96	-0.555893561	0.272184574	2.24308734	0.0443905417
97	-0.555896848	0.272258824	2.24390639	0.0444011546
98	-0.555912722	0.272242785	2.24482403	0.0443708163
99	-0.555934628	0.272285154	2.24428212	0.0442909899
100	-0.555923545	0.272277918	2.24302885	0.04434124
1	-0.55498272	0.274441423	2.22634	0.051936
2	-0.5562708	0.270128684	2.253835	0.05314
3	-0.557111227	0.270027031	2.29202167	0.0500946667
4	-0.55639202	0.270622517	2.28550125	0.045901
5	-0.555816272	0.27088945	2.254607	0.0450536
6	-0.555703173	0.271298867	2.26323333	0.0451586667
7	-0.556042503	0.271012604	2.26963786	0.0442965714
8	-0.55625386	0.270638116	2.27226625	0.045793
9	-0.556360338	0.270708718	2.27493889	0.0462391111
10	-0.5565712	0.27041194	2.267835	0.04612
11	-0.556432545	0.270857177	2.272945	0.0471181818
12	-0.556198053	0.27114292	2.272555	0.045636
13	-0.556012345	0.271334109	2.26845615	0.0453556923
14	-0.555638674	0.271366706	2.26512429	0.0453622857
15	-0.555798507	0.271386535	2.26844	0.0460853333
16	-0.55601679	0.271343459	2.26575813	0.0459395
17	-0.555942	0.271714335	2.27094971	0.0460647059
18	-0.556136867	0.272051495	2.26942806	0.0464877778
19	-0.556104227	0.272133392	2.26334842	0.046264
20	-0.556110368	0.272535833	2.261979	0.0461784
21	-0.555975512	0.272472855	2.26125905	0.0459184762
22	-0.555754353	0.272124833	2.25526386	0.0454630909
23	-0.555800685	0.271893529	2.24922891	0.0458951304
24	-0.55576002	0.271846118	2.25482667	0.046201
25	-0.555741379	0.271720371	2.2523746	0.04556496
26	-0.555704252	0.271535839	2.24923	0.0458895385
27	-0.555667627	0.271387915	2.24723519	0.045648
28	-0.55574736	0.27154396	2.24562536	0.0452251429
29	-0.555732273	0.271601133	2.2449481	0.0456757241
30	-0.555767715	0.27202822	2.24895883	0.0460257333
31	-0.555835337	0.272173242	2.25453984	0.0461539355
32	-0.555804092	0.271955166	2.25583641	0.046129625
33	-0.555728356	0.271807854	2.2547653	0.0462238788
34	-0.555658906	0.271757879	2.25474279	0.0456747059
35	-0.555643472	0.271768	2.253435	0.0455450286
36	-0.555740516	0.271624173	2.25263111	0.045348
37	-0.555728004	0.271663653	2.25069676	0.0452326486
38	-0.555809928	0.271735913	2.25552342	0.0452437895
39	-0.555918222	0.271689453	2.25480141	0.0450700513
40	-0.555859068	0.271716358	2.2542865	0.0452634
41	-0.55576322	0.271836702	2.25636951	0.0453804878
42	-0.555812185	0.271823197	2.25516679	0.0448854286
43	-0.55578819	0.27191053	2.25653674	0.0448792558
44	-0.555813229	0.271923449	2.25798932	0.0450250909
45	-0.555828789	0.271963577	2.25449111	0.0448883556
46	-0.55587929	0.272078903	2.25524543	0.0446688696
47	-0.555857551	0.272045479	2.25365287	0.044545617
48	-0.555867383	0.27227988	2.25297188	0.0445858333
49	-0.55585606	0.272469409	2.25122276	0.0445662857
50	-0.555873533	0.272559804	2.2521526	0.04457264
51	-0.555868372	0.27265553	2.25226912	0.0443676078
52	-0.55583756	0.272660857	2.25382442	0.0444395385
53	-0.555836937	0.272689084	2.25466123	0.0442695094
54	-0.555894293	0.272656897	2.25443037	0.0445072593
55	-0.555915113	0.272748991	2.25504364	0.0446138182
56	-0.555960213	0.272806417	2.25528884	0.0449035
57	-0.555964935	0.272921363	2.25734596	0.0451449825
58	-0.55595635	0.272964149	2.25624052	0.0451278621
59	-0.555990776	0.272880501	2.25465229	0.0448404746
60	-0.555962168	0.272790525	2.25234883	0.0447417333
61	-0.55594445	0.272667924	2.25194975	0.0448749508
62	-0.555955808	0.27250925	2.25162847	0.0448936129
63	-0.555919912	0.272501863	2.25064373	0.0448908571
64	-0.555863552	0.272457601	2.25107859	0.044546375
65	-0.555922571	0.272480017	2.24923238	0.0443500923
66	-0.555917925	0.272492474	2.24895394	0.0443204848
67	-0.555925552	0.27242054	2.24893582	0.0445641791
68	-0.555912414	0.272472338	2.25007471	0.0445501176
69	-0.555870653	0.27241008	2.24886696	0.0440543768
70	-0.555861335	0.272545423	2.24775971	0.0442324571
71	-0.555843788	0.272582392	2.24641014	0.0441387042
72	-0.55580605	0.272600189	2.24557965	0.0439413889
73	-0.555770633	0.272566176	2.24556692	0.0441700274
74	-0.555795917	0.272460585	2.24719588	0.0441688108
75	-0.555799308	0.272530321	2.24642073	0.0441893867
76	-0.555837221	0.27248811	2.24672684	0.0442505263
77	-0.555844241	0.272429975	2.24635026	0.044102961
78	-0.555848877	0.272355319	2.24596724	0.0440746154
79	-0.555820479	0.27232615	2.24464424	0.0439809114
80	-0.555868481	0.272337898	2.24451081	0.04413905
81	-0.555866818	0.272334083	2.2437429	0.0441803951
82	-0.555911618	0.272345315	2.24410512	0.0442394146
83	-0.555910561	0.272306629	2.24399151	0.0443232289
84	-0.555887088	0.272291982	2.24503655	0.044402
85	-0.555880696	0.272262275	2.24512676	0.0444441882
86	-0.555900544	0.272280405	2.24380703	0.0444783721
87	-0.555900698	0.27228966	2.2439542	0.0443682299
88	-0.555881467	0.272265951	2.24443227	0.0444597273
89	-0.555910069	0.272232783	2.24410404	0.0445057079
90	-0.555918069	0.27234781	2.24459333	0.0445168
91	-0.555924695	0.272382156	2.24505615	0.0444545055
92	-0.555917725	0.272288571	2.24538424	0.0442471304
93	-0.555930013	0.272347334	2.24529839	0.0442984946
94	-0.555909737	0.272379331	2.24439793	0.0442272766
95	-0.555943743	0.272429942	2.24462679	0.0443618947
96	-0.555935981	0.272454268	2.24490089	0.044407375
97	-0.555942134	0.272551102	2.24566521	0.0444138969
98	-0.555950327	0.272590587	2.24656337	0.0443897959
99	-0.555973171	0.272608468	2.24584449	0.0443151111
100	-0.555967831	0.272603225	2.24449385	0.04436356
101	-0.555963157	0.272569226	2.24489307	0.0443400396
102	-0.5559837	0.272569381	2.2451126	0.0443496863
103	-0.555978887	0.272525152	2.24534218	0.0444239612
104	-0.555942925	0.272517209	2.24366418	0.0442424231
105	-0.555925198	0.272569946	2.24339071	0.0442713524
106	-0.555947485	0.272521896	2.24313396	0.0442006792
107	-0.555976964	0.272496332	2.24349584	0.0443397757
108	-0.5559823	0.272502142	2.24292097	0.0444187037
109	-0.555980738	0.272529587	2.24367078	0.0442809174
110	-0.555997499	0.272533989	2.24346459	0.0443658545
111	-0.555985496	0.272581991	2.24369225	0.0444243604
112	-0.555974257	0.272578683	2.24400491	0.0444664286
113	-0.555985357	0.272580845	2.24386562	0.0444820177
114	-0.555999092	0.272556351	2.24298254	0.0445054737
115	-0.555993421	0.272523038	2.24256048	0.0446275826
116	-0.556026423	0.272527083	2.24205392	0.0446314828
117	-0.556029161	0.272573153	2.24109692	0.0445554872
118	-0.556010555	0.272575566	2.24094987	0.044422678
119	-0.556042229	0.272567225	2.2410084	0.0444207059
120	-0.556021339	0.272594187	2.2406495	0.0444002667
121	-0.556043949	0.272700186	2.24129996	0.0445214215
122	-0.556040664	0.27271731	2.24130553	0.0445250164
123	-0.556063891	0.272706789	2.24125224	0.044485626
124	-0.556074293	0.272752299	2.24163782	0.0445436774
125	-0.556074531	0.272738146	2.24242104	0.044497728
126	-0.556091413	0.272774967	2.24166119	0.0445928889
127	-0.556096253	0.272741948	2.24203528	0.0445669921
128	-0.556116199	0.272678139	2.24201328	0.0445474375
129	-0.556129429	0.272735011	2.24312167	0.0444900775
130	-0.556119993	0.272738219	2.24274	0.0444334769
131	-0.556128333	0.272749176	2.24346744	0.0444563359
132	-0.556120386	0.272706507	2.24285799	0.0444647576
133	-0.556123957	0.272749753	2.2420668	0.0444444812
134	-0.556151673	0.272762126	2.2427322	0.0444344179
135	-0.556169188	0.272726303	2.24310456	0.0444505185
136	-0.556141141	0.272724433	2.24288665	0.0443982059
137	-0.556152422	0.272724392	2.24352989	0.0443977518
138	-0.556127723	0.272720732	2.24436109	0.0444788986
139	-0.556144184	0.272682535	2.24410421	0.0445875971
140	-0.556133462	0.272664005	2.24348257	0.0445902286
141	-0.556127432	0.272623097	2.24272152	0.0445162837
142	-0.556117052	0.272613057	2.24299201	0.0445737183
143	-0.556114998	0.272643618	2.2428164	0.044603049
144	-0.556104223	0.272655059	2.24311399	0.0445361389
145	-0.556079814	0.272678625	2.241971	0.0445976
146	-0.556058072	0.272696182	2.24204151	0.0445556712
147	-0.556050413	0.272730725	2.2417519	0.0443927619
148	-0.556030875	0.272745154	2.24167139	0.0443626757
149	-0.556044632	0.272748148	2.24111389	0.0444490738
150	-0.556046404	0.272746322	2.24089843	0.0444481867
151	-0.556027647	0.272711249	2.24099546	0.0444233907
152	-0.556038469	0.272707844	2.24149783	0.0443392632
153	-0.556035975	0.272717853	2.24091964	0.0443085752
154	-0.556060431	0.27269555	2.24116756	0.0442423117
155	-0.556065798	0.27265661	2.24140577	0.0443634323
156	-0.556042372	0.272612705	2.24086346	0.0443416923
157	-0.55605067	0.272575079	2.24047987	0.0442124841
158	-0.556046281	0.272561618	2.24010361	0.0442330127
159	-0.556046269	0.272504639	2.23997176	0.0441499371
160	-0.556043709	0.2725291	2.23940128	0.044080475
161	-0.556046446	0.272534851	2.23880708	0.0440589317
162	-0.556038843	0.272586576	2.23880642	0.0440335309
163	-0.55603867	0.272547871	2.23864135	0.0441347239
164	-0.556021836	0.272572857	2.23853067	0.0440332683
165	-0.555994283	0.272572589	2.23708136	0.0439759758
166	-0.555986925	0.272533554	2.23680009	0.0438835904
167	-0.555984839	0.272554298	2.23671925	0.0439389461
168	-0.55595798	0.272581214	2.23593039	0.0439633095
169	-0.555952304	0.27259844	2.23499556	0.0439465562
170	-0.555938197	0.272644239	2.23478588	0.0439263059
171	-0.555918922	0.272671408	2.23362629	0.0439156725
172	-0.555929272	0.272642799	2.23439044	0.0439822093
173	-0.555930751	0.272680832	2.23481243	0.0439456185
174	-0.555937687	0.272694825	2.23464928	0.0439556092
175	-0.555926402	0.272660758	2.23424843	0.0439041143
176	-0.555922263	0.272640174	2.23413241	0.0439517955
177	-0.555924847	0.272636779	2.2334802	0.0439237288
178	-0.555930191	0.272617267	2.23304753	0.0438758652
179	-0.555918592	0.272587403	2.23261715	0.0438715084
180	-0.555913322	0.272575137	2.23235583	0.0439616444
181	-0.555926395	0.272581642	2.23304525	0.0440744309
182	-0.555930037	0.27256543	2.23327283	0.0439568132
183	-0.555930167	0.272574448	2.23420243	0.043979388
184	-0.55593762	0.272553272	2.23446753	0.0439744565
185	-0.555940653	0.272541137	2.23440611	0.0439083243
186	-0.55596056	0.272505557	2.23421444	0.0438559785
187	-0.555961856	0.272474397	2.23327693	0.0437334545
188	-0.555979219	0.272492205	2.23385793	0.0437651915
189	-0.555983143	0.272493094	2.23334431	0.0437306878
190	-0.555982121	0.27252047	2.2336825	0.0437228842
191	-0.55599018	0.272530988	2.23367288	0.0436513927
192	-0.555989884	0.2725327	2.23320026	0.0436192083
193	-0.555983291	0.272518804	2.23235047	0.0435832124
194	-0.5559949	0.272536963	2.23169727	0.0435635464
195	-0.555993171	0.272546304	2.23151946	0.0435621538
196	-0.556010924	0.272590196	2.2320724	0.0435666122
197	-0.556004294	0.272570149	2.23205041	0.043648203
198	-0.556015575	0.272555799	2.23156722	0.0436353131
199	-0.556022285	0.27258133	2.2322141	0.0436810653
200	-0.556012916	0.272581413	2.2317743	0.0436838
