1	-0.50588848	0.232942886	1.70647111	0.033224
2	-0.50691056	0.233093272	1.75264889	0.032328
3	-0.507089093	0.229398205	1.77503259	0.0376546667
4	-0.50624252	0.230137201	1.76104889	0.035326
5	-0.506181296	0.231117248	1.75905333	0.0349048
6	-0.5059404	0.230876384	1.75955556	0.0369533333
7	-0.505966274	0.230418546	1.74906603	0.0362565714
8	-0.50588732	0.230213905	1.74482	0.034916
9	-0.506371289	0.230555655	1.74050765	0.0347422222
10	-0.506511896	0.230572401	1.73384133	0.0343148
11	-0.50640008	0.230904456	1.74177091	0.0350949091
12	-0.506151867	0.231552084	1.73318296	0.0355266667
13	-0.506115342	0.231563487	1.72355453	0.0349978462
14	-0.505883057	0.231868601	1.72327524	0.0348385714
15	-0.505938704	0.231688044	1.72450341	0.0343485333
16	-0.50594678	0.231655134	1.722295	0.034639
17	-0.505981981	0.232133966	1.72182928	0.034252
18	-0.505988969	0.23245874	1.7241442	0.0340928889
19	-0.505955335	0.23220274	1.71732491	0.0336404211
20	-0.506031196	0.232513244	1.72495222	0.0335598
21	-0.505952994	0.232687519	1.72455979	0.032964
22	-0.505980418	0.232669339	1.72215212	0.0334390909
23	-0.505969948	0.232885598	1.72359034	0.0335408696
24	-0.505923093	0.232960315	1.72227963	0.0329046667
25	-0.506038778	0.232888706	1.72606542	0.03309088
26	-0.506100308	0.232655569	1.72991145	0.0337230769
27	-0.506092116	0.232355489	1.72897564	0.0338205926
28	-0.506042743	0.232436888	1.72811841	0.0340228571
29	-0.506076513	0.232407003	1.72837364	0.0337153103
30	-0.505976832	0.232549812	1.72885689	0.0336016
31	-0.505968062	0.232538645	1.72852961	0.0335514839
32	-0.506001045	0.232406071	1.72941222	0.03365225
33	-0.5059424	0.23238645	1.73000646	0.0338715152
34	-0.505841238	0.23236533	1.72775242	0.0338383529
35	-0.505855106	0.232228918	1.72573778	0.0336581714
36	-0.505846513	0.232291014	1.72518407	0.0333812222
37	-0.505800521	0.232443328	1.72500312	0.033399027
38	-0.505820821	0.232351463	1.72512164	0.0333252632
39	-0.50578905	0.232366397	1.72266234	0.0330730256
40	-0.5057097	0.232269867	1.72417244	0.033715
41	-0.505611452	0.232336602	1.72346352	0.0335286829
42	-0.505579705	0.232285852	1.72414698	0.0334233333
43	-0.505578143	0.232366914	1.72423028	0.0332978605
44	-0.505545876	0.23232816	1.72289899	0.0331756364
45	-0.50554517	0.232231752	1.72177244	0.0330629333
46	-0.505581457	0.232138488	1.72159343	0.0329337391
47	-0.505542795	0.232094881	1.72273021	0.0330120851
48	-0.505516642	0.23226179	1.72202528	0.03292375
49	-0.505517657	0.232231142	1.72164707	0.0329032653
50	-0.505547162	0.232196414	1.72167289	0.03320608
51	-0.505502485	0.232110175	1.72261054	0.0330536471
52	-0.505511745	0.232138645	1.72216581	0.0332026154
53	-0.505569609	0.232131662	1.72275488	0.0333030943
54	-0.505623493	0.232153498	1.72392626	0.033270963
55	-0.505620809	0.232156563	1.72332186	0.0329313455
56	-0.505642476	0.232217643	1.72376706	0.0329880714
57	-0.505640081	0.232255852	1.72536483	0.0330356491
58	-0.505629996	0.23227773	1.72557203	0.0328722069
59	-0.505632262	0.232196342	1.72614411	0.0329012203
60	-0.505630844	0.232112511	1.72478363	0.0329622
61	-0.505619288	0.232093507	1.72416925	0.0329578361
62	-0.505633511	0.232103416	1.72363534	0.0329916774
63	-0.505581625	0.232094263	1.72421785	0.0329161905
64	-0.505576941	0.232171513	1.72354049	0.0330095625
65	-0.505608065	0.232166792	1.72362865	0.0329448
66	-0.50558936	0.232209156	1.72325589	0.032868
67	-0.505568256	0.232114928	1.72239575	0.0328247164
68	-0.505589646	0.232056097	1.72226765	0.0328705294
69	-0.505586274	0.23205923	1.72312316	0.0329774493
70	-0.505559971	0.232025758	1.72307321	0.0329642857
71	-0.505526505	0.232069226	1.7239784	0.0329449577
72	-0.505522298	0.232006214	1.72391728	0.0329482222
73	-0.505499817	0.232018492	1.7240965	0.0331771507
74	-0.5055308	0.231847146	1.72346823	0.0331454054
75	-0.505500682	0.231769401	1.72363597	0.0331887467
76	-0.505551093	0.231711877	1.72472912	0.0334756842
77	-0.50557081	0.23166966	1.72532808	0.0333976623
78	-0.505569368	0.231584704	1.72382541	0.0334735385
79	-0.50555095	0.231611377	1.72340911	0.0332588861
80	-0.505561852	0.231577766	1.72347689	0.0332826
81	-0.50557453	0.231576868	1.72372697	0.033225284
82	-0.505590385	0.231563702	1.72345707	0.0332021951
83	-0.505593358	0.231507505	1.72420793	0.0331859759
84	-0.505597554	0.231555334	1.72488127	0.0331348571
85	-0.505569308	0.23164092	1.72462808	0.0332842353
86	-0.505565549	0.231617778	1.72457349	0.0332867442
87	-0.505532964	0.231708983	1.72446396	0.0334022069
88	-0.505496299	0.23169166	1.72377035	0.0332104091
89	-0.505520779	0.23166269	1.7230836	0.0333153708
90	-0.505480291	0.231616222	1.72240647	0.0332723111
91	-0.505511518	0.231549482	1.7217263	0.0331143736
92	-0.505520275	0.231596469	1.72327546	0.0332006957
93	-0.505512165	0.231651361	1.72344421	0.0333372903
94	-0.505473033	0.231736848	1.72275092	0.0333622979
95	-0.505495225	0.231781852	1.72269979	0.0333802105
96	-0.505504545	0.231712371	1.72203278	0.0333230833
97	-0.505536833	0.231714742	1.72207221	0.03332
98	-0.50551462	0.231604304	1.72255882	0.0334208163
99	-0.505533292	0.231610077	1.72248714	0.0335090505
100	-0.505538563	0.231639055	1.722888	0.03359216
1	-0.50498128	0.232759248	1.70730667	0.032264
2	-0.50731272	0.231097664	1.75567556	0.031836
3	-0.50739184	0.22848071	1.77707259	0.0369253333
4	-0.50673922	0.229637194	1.76473444	0.034861
5	-0.506548032	0.230407271	1.762032	0.0346816
6	-0.506045267	0.230708713	1.76253259	0.0366633333
7	-0.50604208	0.230166216	1.7515581	0.0358182857
8	-0.50605177	0.230060453	1.74806389	0.0344385
9	-0.506506631	0.230294613	1.74452543	0.0342648889
10	-0.506417992	0.230806441	1.73667511	0.0338596
11	-0.506377142	0.231047038	1.74332162	0.0347843636
12	-0.506233727	0.231285885	1.73514556	0.035253
13	-0.506228505	0.231291473	1.72484718	0.0346867692
14	-0.505947554	0.231631665	1.72413587	0.0345205714
15	-0.50602904	0.23141453	1.72617037	0.0339853333
16	-0.506058525	0.231048649	1.72435639	0.03427625
17	-0.506045586	0.231129841	1.72331895	0.0339028235
18	-0.506058133	0.231415244	1.72602864	0.0337733333
19	-0.505932362	0.231183692	1.71877146	0.0332917895
20	-0.505994308	0.231755997	1.72731311	0.0332554
21	-0.50590331	0.231979214	1.72703767	0.0326702857
22	-0.505920349	0.231932266	1.72449576	0.0331265455
23	-0.505922824	0.232097994	1.72585739	0.0332890435
24	-0.50590314	0.231938862	1.72435037	0.032657
25	-0.505955622	0.231858996	1.72776818	0.03286912
26	-0.505964803	0.231707512	1.73151983	0.0334555385
27	-0.505967381	0.231352871	1.73042321	0.0335542222
28	-0.50595742	0.231409826	1.73014111	0.033771
29	-0.505973396	0.231610062	1.7301692	0.0335249655
30	-0.505880045	0.231802472	1.730732	0.0334156
31	-0.505822545	0.231826326	1.72962925	0.0333465806
32	-0.505836877	0.231735368	1.73088708	0.033506375
33	-0.505796737	0.231740106	1.73195259	0.0337641212
34	-0.505722089	0.231603888	1.72976784	0.0337044706
35	-0.505749106	0.231540147	1.72751644	0.0335238857
36	-0.505740178	0.23153965	1.72630543	0.0332422222
37	-0.505745574	0.231662804	1.72635532	0.0332354595
38	-0.505788427	0.231715399	1.72666327	0.0331476842
39	-0.505842258	0.231718337	1.72445436	0.0328821538
40	-0.505755704	0.231674225	1.72587867	0.0335252
41	-0.505665182	0.231725952	1.72524596	0.0333761951
42	-0.505635453	0.231783272	1.72521492	0.0332488571
43	-0.50563147	0.231939539	1.72534811	0.0331734884
44	-0.505612076	0.231853505	1.72414929	0.0330492727
45	-0.505622732	0.231834225	1.72300948	0.0329410667
46	-0.505655607	0.231817146	1.72284386	0.0327890435
47	-0.505627758	0.231750851	1.72353608	0.0328517447
48	-0.505615927	0.231921333	1.72285148	0.0327463333
49	-0.505618088	0.231966889	1.7227678	0.0327329796
50	-0.505677738	0.231938983	1.72265547	0.03305488
51	-0.505637205	0.231905141	1.72354388	0.0329190588
52	-0.505649626	0.231819085	1.72331838	0.0330736154
53	-0.505664279	0.231841295	1.72365476	0.0331535849
54	-0.505710711	0.231904128	1.72501877	0.0331133333
55	-0.505707473	0.231979566	1.72464356	0.0327700364
56	-0.505721956	0.232018588	1.72503214	0.0328192143
57	-0.505716647	0.232060564	1.7265777	0.0328779649
58	-0.505719206	0.232059869	1.72670345	0.0327395862
59	-0.505750551	0.231951731	1.72741959	0.0327410847
60	-0.505753308	0.231917042	1.72609089	0.0328187333
61	-0.505752489	0.231886204	1.72544036	0.0328375738
62	-0.505764281	0.231930244	1.72517548	0.0328914839
63	-0.505690062	0.232068394	1.72546328	0.0327951746
64	-0.50566939	0.232071051	1.72457542	0.03288825
65	-0.505702391	0.232016569	1.72462844	0.0328241846
66	-0.505687578	0.232035807	1.72429212	0.0327486061
67	-0.505675439	0.231894521	1.72347038	0.0327032836
68	-0.505679932	0.231881273	1.72319216	0.0327495294
69	-0.50568146	0.231891811	1.72389997	0.0328613913
70	-0.505663357	0.231910417	1.72417962	0.0328535429
71	-0.505595974	0.231914298	1.72496695	0.0328353239
72	-0.505603552	0.231876238	1.72500352	0.0328331667
73	-0.505577058	0.231907346	1.72514892	0.0330665753
74	-0.505599997	0.231742928	1.72439826	0.0330214595
75	-0.505569606	0.231720977	1.724592	0.0330829867
76	-0.505616141	0.231726646	1.72585345	0.0333754737
77	-0.505619895	0.231662749	1.72642291	0.0332960519
78	-0.505611533	0.231598644	1.72491573	0.0333715385
79	-0.505592003	0.231592535	1.724591	0.0331393924
80	-0.505606796	0.231556959	1.72450267	0.0331648
81	-0.50561911	0.231533385	1.72493569	0.0331184691
82	-0.50563758	0.231480609	1.72461957	0.0331033659
83	-0.505636808	0.231417919	1.7252257	0.0330982169
84	-0.505630161	0.231445775	1.72597275	0.0330556667
85	-0.50560118	0.231491523	1.72568722	0.0332072471
86	-0.505602101	0.231490804	1.72556512	0.0332120465
87	-0.505557539	0.231528601	1.72538238	0.0333206437
88	-0.505512463	0.231508042	1.72462449	0.0331231364
89	-0.505535621	0.231505931	1.72385518	0.0332349663
90	-0.505508144	0.231487209	1.72325235	0.0331983111
91	-0.505533759	0.231478819	1.72257968	0.0330571868
92	-0.505546954	0.231521225	1.72405628	0.0331520435
93	-0.505536686	0.231617756	1.72423756	0.0332987957
94	-0.505499916	0.231677356	1.72343872	0.0333277021
95	-0.505535276	0.231739722	1.72342596	0.0333406316
96	-0.505540392	0.231693366	1.72273051	0.0332862917
97	-0.505574992	0.231717739	1.72284985	0.033281567
98	-0.50555405	0.231629062	1.72338481	0.0333922857
99	-0.505572384	0.231620821	1.72345692	0.0334717172
100	-0.505571367	0.231653591	1.72370467	0.03355236
101	-0.505614392	0.231613045	1.72364559	0.0335275248
102	-0.505621463	0.231616787	1.72354383	0.0335790196
103	-0.505602813	0.231611834	1.72342179	0.0336591068
104	-0.505553205	0.231601697	1.72238957	0.033591
105	-0.505532954	0.231595737	1.72174019	0.0336991238
106	-0.505568057	0.231603116	1.72141291	0.0337160755
107	-0.505569774	0.231636668	1.72170771	0.033744785
108	-0.505537276	0.231586817	1.72088259	0.0336601111
109	-0.505531268	0.231620775	1.72025745	0.033605578
110	-0.505523932	0.231669588	1.72132469	0.0337202182
111	-0.50549257	0.231637265	1.72136188	0.0335654414
112	-0.505499643	0.231650753	1.72046476	0.0335285714
113	-0.505529873	0.231598491	1.72070619	0.0335980531
114	-0.505546775	0.231553893	1.72135209	0.0335457895
115	-0.505549004	0.231521359	1.72152986	0.033738887
116	-0.505571132	0.231533858	1.72146295	0.0337014138
117	-0.505595043	0.231491943	1.7215769	0.0336769231
118	-0.505589112	0.231504735	1.72085785	0.0336149153
119	-0.505611479	0.231466589	1.72102629	0.0335588235
120	-0.505603913	0.231472997	1.72059093	0.0335489667
121	-0.505618895	0.231496945	1.72094656	0.0335893554
122	-0.505572957	0.231486392	1.72113647	0.0336052459
123	-0.505575847	0.231454569	1.72121926	0.0335435772
124	-0.505570053	0.231440892	1.72117405	0.0335736129
125	-0.505594724	0.231448047	1.72088366	0.033553824
126	-0.505584023	0.231488475	1.72116656	0.0335186032
127	-0.505613405	0.231475452	1.72218649	0.033492315
128	-0.505626665	0.231440256	1.72261785	0.033411375
129	-0.505633513	0.231450373	1.72185426	0.0334306977
130	-0.505641271	0.231391669	1.72229306	0.0333928
131	-0.505645236	0.231406115	1.72211243	0.033437374
132	-0.505643267	0.231379883	1.72198323	0.0334118182
133	-0.505648159	0.231391323	1.72224531	0.0333433083
134	-0.505668977	0.23144906	1.72246882	0.0333294627
135	-0.505686409	0.231419605	1.72248523	0.0334967407
136	-0.505662453	0.231392304	1.72252745	0.0334814706
137	-0.505651587	0.231356741	1.72206187	0.0334523504
138	-0.505642743	0.231267511	1.7216115	0.0333951014
139	-0.505646114	0.231278478	1.72224521	0.0335949065
140	-0.505639419	0.231251148	1.72211676	0.0334938286
141	-0.505632709	0.231223027	1.7218892	0.0334283404
142	-0.505621655	0.231269688	1.72196854	0.0334461127
143	-0.505637053	0.231317285	1.72117883	0.0335253986
144	-0.505653214	0.231314595	1.7214954	0.0335579167
145	-0.505646714	0.231308487	1.72155292	0.0335577931
146	-0.505642345	0.231334852	1.72205945	0.0335227123
147	-0.505619093	0.231353475	1.72155686	0.0334716463
148	-0.505594262	0.231377929	1.72153381	0.0335022703
149	-0.505615248	0.23133399	1.72207454	0.0334737987
150	-0.505613541	0.231299643	1.72147612	0.0334317067
151	-0.50560169	0.231303913	1.72118328	0.0334884768
152	-0.505590552	0.231272679	1.72088529	0.0334539211
153	-0.505557921	0.231249144	1.72043402	0.033433281
154	-0.505553516	0.231227126	1.72007492	0.0333459221
155	-0.505543676	0.231220467	1.72000077	0.0333515613
156	-0.505522677	0.231221159	1.71988239	0.033305641
157	-0.505526189	0.231236072	1.72001404	0.0333260127
158	-0.505536594	0.23124189	1.72025083	0.0332980506
159	-0.505553017	0.231251198	1.72077772	0.0333338616
160	-0.505540252	0.231259648	1.7204945	0.0334126
161	-0.505545145	0.23119795	1.7202758	0.0333541615
162	-0.505536293	0.231195989	1.71976428	0.0334047901
163	-0.505537935	0.231237642	1.71982975	0.0334243436
164	-0.505519557	0.231243165	1.71969469	0.0333827317
165	-0.505509765	0.23121602	1.71983628	0.0333815758
166	-0.505498238	0.231212613	1.71997901	0.0332733494
167	-0.505510132	0.231210034	1.72052756	0.0333078084
168	-0.50550155	0.231222672	1.72054291	0.0333608571
169	-0.505502369	0.231246931	1.7206212	0.0333527811
170	-0.505496895	0.231248862	1.72045584	0.0333412235
171	-0.505490354	0.231262186	1.72016044	0.0333223626
172	-0.505494442	0.23122297	1.72041401	0.0334523256
173	-0.505506898	0.231248427	1.72065734	0.0334142659
174	-0.505510172	0.23123009	1.72060243	0.0334649425
175	-0.5055052	0.231250785	1.72093379	0.0335251657
176	-0.505505508	0.231247195	1.72076285	0.0335776591
177	-0.505503959	0.231274087	1.72068206	0.0336589605
178	-0.505502069	0.231293634	1.72038612	0.0335978427
179	-0.505494109	0.231304205	1.72056613	0.0336216536
180	-0.50549496	0.23130148	1.72048862	0.0336746889
181	-0.505491787	0.231306194	1.72004349	0.0337208177
182	-0.505514031	0.231313286	1.719798	0.0337125275
183	-0.505515121	0.231285041	1.71950441	0.033635847
184	-0.505509416	0.231301393	1.71966336	0.0336251522
185	-0.505512355	0.231300477	1.71951779	0.0335529081
186	-0.505522089	0.231315417	1.71967355	0.0335603441
187	-0.505544555	0.231266372	1.71939926	0.0334951444
188	-0.505548928	0.231276713	1.71905255	0.0334549149
189	-0.505543494	0.231290274	1.71895567	0.0334667513
190	-0.505546893	0.231291745	1.71945071	0.0334288421
191	-0.505553825	0.231273103	1.71921473	0.033421089
192	-0.50555459	0.231290147	1.71910144	0.0334274167
193	-0.505546177	0.231300303	1.71899671	0.0334850155
194	-0.50555364	0.231305326	1.71920912	0.033490268
195	-0.505565901	0.23134278	1.71907875	0.0335053128
196	-0.505566987	0.231374506	1.71970519	0.0334840204
197	-0.505556771	0.231387644	1.71941554	0.0334385381
198	-0.505548373	0.2313464	1.71916891	0.0333519798
199	-0.50556274	0.231352003	1.71896168	0.0332807035
200	-0.505554029	0.231349575	1.7186122	0.03327746
