1	-0.531752	0.253953815	1.84714824
2	-0.531672	0.250520381	1.82998824
3	-0.531034667	0.248623405	1.84779451
4	-0.530844	0.248632632	1.86810588
5	-0.5303984	0.24937754	1.88026729
6	-0.530288	0.248630102	1.89710667
7	-0.530002286	0.248855137	1.89320807
8	-0.529845	0.24869293	1.89746294
9	-0.529977778	0.247931967	1.88881516
10	-0.53036	0.248033926	1.88287482
11	-0.529997091	0.248088358	1.87892834
12	-0.529764667	0.248356261	1.88281098
13	-0.529497231	0.248552627	1.87714208
14	-0.529238286	0.248811027	1.87664303
15	-0.529252267	0.248529618	1.87654965
16	-0.529294	0.248483188	1.88044794
17	-0.529341647	0.249013598	1.88965176
18	-0.529330667	0.249440089	1.8872332
19	-0.529292632	0.249874058	1.89268805
20	-0.5292276	0.249729255	1.89496376
21	-0.529205333	0.249850223	1.89357132
22	-0.529149091	0.249408424	1.89323957
23	-0.529185739	0.249427826	1.89099028
24	-0.52912	0.24956813	1.89120863
25	-0.52917568	0.249613404	1.88815454
26	-0.529144308	0.249441601	1.88927059
27	-0.528929185	0.249456331	1.88593516
28	-0.528832286	0.249415046	1.88144857
29	-0.52878869	0.249388782	1.88324511
30	-0.528711733	0.249303694	1.88154071
31	-0.528739613	0.24928815	1.88184046
32	-0.5287725	0.249018373	1.88320118
33	-0.528644606	0.249067077	1.8855354
34	-0.528545412	0.249241537	1.88526256
35	-0.528516114	0.249330755	1.88685096
36	-0.528493333	0.249266095	1.88669569
37	-0.52843827	0.249238572	1.88945386
38	-0.528487158	0.249088801	1.89024842
39	-0.528499897	0.249061277	1.88982419
40	-0.5284364	0.249006509	1.88823753
41	-0.528350634	0.2490105	1.89004958
42	-0.528359429	0.248865086	1.89175765
43	-0.528378791	0.24889376	1.89462369
44	-0.528364364	0.248917435	1.89622781
45	-0.528397156	0.248757092	1.89773971
46	-0.528434783	0.248807123	1.89812061
47	-0.528396936	0.248804858	1.89719459
48	-0.528442167	0.248891665	1.89854775
49	-0.528446041	0.24887371	1.89818785
50	-0.5284264	0.249007367	1.89770701
51	-0.528441725	0.24894398	1.8984514
52	-0.528440308	0.248940964	1.90153122
53	-0.528479245	0.248927201	1.90162353
54	-0.528517778	0.248951093	1.90151599
55	-0.528545455	0.249049359	1.9023947
56	-0.528570571	0.249187565	1.90346647
57	-0.528592	0.249170359	1.90314328
58	-0.528573517	0.249243752	1.90220316
59	-0.528586576	0.249197163	1.90206357
60	-0.528616533	0.24917057	1.90213773
61	-0.528616918	0.249210167	1.90132552
62	-0.528600903	0.249064327	1.90066011
63	-0.528588698	0.249076197	1.89999514
64	-0.528630625	0.249091729	1.89969522
65	-0.528661662	0.249106336	1.89987866
66	-0.52866	0.249062265	1.90146118
67	-0.528699104	0.248992152	1.90214356
68	-0.528669412	0.248966127	1.90205654
69	-0.528648464	0.248952119	1.90228951
70	-0.528627429	0.248979809	1.90264161
71	-0.528616676	0.249081238	1.90129544
72	-0.528595333	0.24906917	1.90114255
73	-0.52856011	0.249012174	1.89975961
74	-0.528568541	0.248933663	1.89904343
75	-0.52855456	0.248893184	1.89898692
76	-0.528572526	0.248837249	1.90003195
77	-0.528583273	0.248911424	1.89979905
78	-0.528565846	0.249023237	1.9003962
79	-0.528597165	0.249127467	1.90252891
80	-0.5286271	0.249084821	1.90265865
81	-0.528628346	0.249082702	1.90323172
82	-0.528635707	0.249016205	1.90167133
83	-0.528590265	0.248954006	1.90142078
84	-0.528570381	0.248962247	1.90227754
85	-0.528544941	0.248932343	1.90279114
86	-0.528541116	0.248966568	1.9014481
87	-0.528517149	0.249082523	1.90273601
88	-0.528478818	0.249082321	1.90290834
89	-0.52848809	0.248996289	1.90203342
90	-0.528481689	0.24899773	1.9015555
91	-0.528537407	0.248965781	1.90194431
92	-0.528558174	0.24904843	1.90205586
93	-0.52853471	0.249093113	1.90213268
94	-0.528487234	0.249171431	1.90100546
95	-0.528474526	0.249208716	1.90140577
96	-0.528466083	0.249156763	1.90198966
97	-0.528499299	0.24919758	1.90267944
98	-0.528516327	0.249223319	1.90362535
99	-0.528528323	0.249243214	1.9041831
100	-0.52853296	0.249260696	1.90459068
1	-0.530904	0.251805931	1.86869176
2	-0.531648	0.249546203	1.83996941
3	-0.531088	0.248297232	1.85856
4	-0.530524	0.249929826	1.87563882
5	-0.53008	0.250081451	1.88491388
6	-0.529973333	0.249316107	1.90093961
7	-0.529718857	0.248665638	1.89425748
8	-0.529581	0.248257875	1.89752647
9	-0.529815111	0.247781454	1.88694275
10	-0.5301088	0.2478237	1.88002024
11	-0.529874182	0.247478307	1.87604492
12	-0.529702667	0.247671306	1.87967725
13	-0.529467077	0.247904084	1.87483765
14	-0.529109714	0.247999013	1.87471328
15	-0.52916	0.24795735	1.87525835
16	-0.529188	0.247940127	1.87790029
17	-0.529261176	0.248299575	1.88818491
18	-0.529288889	0.248714557	1.88622431
19	-0.529200421	0.249034222	1.89144867
20	-0.5290952	0.249217708	1.89343459
21	-0.529127238	0.249205286	1.89305031
22	-0.529002909	0.248990279	1.89171187
23	-0.529016	0.248980077	1.88922946
24	-0.529002333	0.248747573	1.88914235
25	-0.52902784	0.248860417	1.88622419
26	-0.528952923	0.248849119	1.88747692
27	-0.528781926	0.248677057	1.88421072
28	-0.528689714	0.248826653	1.88037277
29	-0.528641379	0.248923578	1.88211002
30	-0.528559733	0.24899857	1.88021867
31	-0.528534968	0.249101956	1.88039818
32	-0.52855125	0.249074564	1.88240015
33	-0.528477091	0.249122289	1.88494332
34	-0.528370118	0.249015972	1.88441093
35	-0.528359086	0.249122632	1.88578447
36	-0.528362444	0.248933398	1.88539595
37	-0.528327784	0.248833708	1.88882836
38	-0.528372842	0.248850231	1.89021944
39	-0.528449846	0.248726303	1.88999602
40	-0.5284148	0.248648875	1.888178
41	-0.528349659	0.248594415	1.88965957
42	-0.528360952	0.248605529	1.89180179
43	-0.528367814	0.248764342	1.89487037
44	-0.528388909	0.248748349	1.89643241
45	-0.528434311	0.248595515	1.89788361
46	-0.528466609	0.248599597	1.8982846
47	-0.52844817	0.248569936	1.89764075
48	-0.528510667	0.248747387	1.89910559
49	-0.528520816	0.248770033	1.89870588
50	-0.52851968	0.248838909	1.89804264
51	-0.528548706	0.248829462	1.89893527
52	-0.528561538	0.248750437	1.90157729
53	-0.528570415	0.248820688	1.90177279
54	-0.528594963	0.248783444	1.90168383
55	-0.528632145	0.248851663	1.90253271
56	-0.528650429	0.249051148	1.90364118
57	-0.528637754	0.249133195	1.90346147
58	-0.528619172	0.249163331	1.90252243
59	-0.528664542	0.249120553	1.9027476
60	-0.528705333	0.249099398	1.90265349
61	-0.528703607	0.249047239	1.90179186
62	-0.528680774	0.248993649	1.90143499
63	-0.528652952	0.249160225	1.90048373
64	-0.52866825	0.249156549	1.90022015
65	-0.528700923	0.249165249	1.9000619
66	-0.528708485	0.249169781	1.90185996
67	-0.528752119	0.249074166	1.90239642
68	-0.52874	0.249118828	1.90216651
69	-0.528712348	0.249053118	1.90239338
70	-0.528697029	0.249059317	1.90283771
71	-0.528662761	0.249055655	1.90128252
72	-0.528643667	0.249080749	1.90105725
73	-0.528600767	0.249044713	1.89958002
74	-0.528598486	0.248885964	1.8986201
75	-0.52858976	0.248960797	1.89884637
76	-0.528608526	0.24893996	1.90001573
77	-0.528608935	0.249007398	1.89953167
78	-0.528585436	0.249044985	1.89986739
79	-0.528601215	0.24904808	1.90183666
80	-0.5286209	0.249044488	1.90168565
81	-0.528616	0.249041821	1.90214275
82	-0.528627024	0.248904466	1.90068218
83	-0.528568	0.248848849	1.90027838
84	-0.528531905	0.248870198	1.90131653
85	-0.528501082	0.248917132	1.90178065
86	-0.528510791	0.248946807	1.90055343
87	-0.528486437	0.248966681	1.90178943
88	-0.528436727	0.248982381	1.90210198
89	-0.528436135	0.248925892	1.90132436
90	-0.528434756	0.249008805	1.9007577
91	-0.528489143	0.249060214	1.90114917
92	-0.52851913	0.249098615	1.90144558
93	-0.528493763	0.249117664	1.90143165
94	-0.52845217	0.24915721	1.90025181
95	-0.528459453	0.249157251	1.90054197
96	-0.52845875	0.24911007	1.90126828
97	-0.528504165	0.249105924	1.9019462
98	-0.528521061	0.249139067	1.90299712
99	-0.528531071	0.24909268	1.90362881
100	-0.52854472	0.249140934	1.90397812
101	-0.528576792	0.249138905	1.90413666
102	-0.528608314	0.249161959	1.90468258
103	-0.528592544	0.249263048	1.90486894
104	-0.528582692	0.249287849	1.90553394
105	-0.528564419	0.249294155	1.90533629
106	-0.528595849	0.249323352	1.90619316
107	-0.528593271	0.249309777	1.90629933
108	-0.52858637	0.249333663	1.9060434
109	-0.528580917	0.24937158	1.90546707
110	-0.528576145	0.249402606	1.90506781
111	-0.528558775	0.249411361	1.90513437
112	-0.528555357	0.249390263	1.90449622
113	-0.528553062	0.249417543	1.90421226
114	-0.52855214	0.249381699	1.9032677
115	-0.528525287	0.249351087	1.90321285
116	-0.528541517	0.24934729	1.90339176
117	-0.528576547	0.249385446	1.90310415
118	-0.528593153	0.249419502	1.90328227
119	-0.528620706	0.24944761	1.90420579
120	-0.528604867	0.249548482	1.90427475
121	-0.528632463	0.249611143	1.90409408
122	-0.528622623	0.249598953	1.90439506
123	-0.528636618	0.249604346	1.90407847
124	-0.528647613	0.249561427	1.90384345
125	-0.528654208	0.249538688	1.90337329
126	-0.528634159	0.249527339	1.90310204
127	-0.528645354	0.249487021	1.90390777
128	-0.52864825	0.249419044	1.90359438
129	-0.528664062	0.249434825	1.9041009
130	-0.528656431	0.24938082	1.90427464
131	-0.528657221	0.249392222	1.90438477
132	-0.52867903	0.249391117	1.90458545
133	-0.528696361	0.249384403	1.90509881
134	-0.528725791	0.249417772	1.90519996
135	-0.52873197	0.249378784	1.9041181
136	-0.528719941	0.249402745	1.90402211
137	-0.528710307	0.249376983	1.9040563
138	-0.528683652	0.249367321	1.90335199
139	-0.528683281	0.249376529	1.90376992
140	-0.528672857	0.249440564	1.90385415
141	-0.528674383	0.249415118	1.90380335
142	-0.528658423	0.249410403	1.90369296
143	-0.528680448	0.249401829	1.90375602
144	-0.528680333	0.249426558	1.9036435
145	-0.528676855	0.249412295	1.90350858
146	-0.528677644	0.249444388	1.90401528
147	-0.528661714	0.249450514	1.9045042
148	-0.528635622	0.249478607	1.90396245
149	-0.528635383	0.24942959	1.90402157
150	-0.528641493	0.249439691	1.90361371
151	-0.528618755	0.24940076	1.90343342
152	-0.528620263	0.249429438	1.90295728
153	-0.52861051	0.249398392	1.90358013
154	-0.528624208	0.249408361	1.90471111
155	-0.528616052	0.249415695	1.90477662
156	-0.528593385	0.249447445	1.9049641
157	-0.528592357	0.249392906	1.90440015
158	-0.528607696	0.249365021	1.90443318
159	-0.528634516	0.249365671	1.90469786
160	-0.52863705	0.249368956	1.90484797
161	-0.52862405	0.249366614	1.90480818
162	-0.528609778	0.249336802	1.90423837
163	-0.52860589	0.249364475	1.90466073
164	-0.528596	0.249376497	1.90441765
165	-0.528588218	0.249384458	1.90499525
166	-0.528594217	0.249389791	1.90487413
167	-0.528586826	0.249415805	1.90488327
168	-0.528569762	0.249435875	1.90462908
169	-0.528556497	0.249436612	1.90471861
170	-0.528535859	0.249441298	1.9044302
171	-0.52852407	0.249475546	1.90467778
172	-0.528523535	0.249444913	1.90474008
173	-0.528536832	0.249430444	1.90521238
174	-0.528543632	0.24942107	1.90505717
175	-0.528555611	0.249384326	1.90501964
176	-0.528557364	0.249368894	1.90478928
177	-0.528564203	0.249393716	1.90537959
178	-0.528574966	0.24938109	1.90556029
179	-0.528572291	0.249377462	1.90502212
180	-0.528555378	0.249372009	1.90498688
181	-0.528558851	0.24938209	1.9047895
182	-0.528568484	0.249348661	1.90497352
183	-0.528566601	0.249388778	1.90473515
184	-0.528562826	0.249355696	1.90478322
185	-0.528569903	0.249326236	1.90489356
186	-0.528587183	0.249325923	1.90514505
187	-0.528594567	0.249340104	1.90561716
188	-0.528612766	0.249366483	1.90568696
189	-0.528610582	0.249361973	1.90583741
190	-0.528618442	0.249340934	1.90637476
191	-0.528639623	0.249327126	1.90659986
192	-0.528631792	0.249320152	1.9066439
193	-0.528623627	0.249308877	1.90647261
194	-0.528633237	0.249311127	1.90627146
195	-0.528653949	0.249315056	1.90613893
196	-0.52865351	0.249290087	1.90523419
197	-0.52864601	0.249291241	1.90489679
198	-0.528645495	0.249264053	1.9048719
199	-0.528662553	0.249294814	1.90469113
200	-0.52864852	0.249311532	1.90449805
