1	-0.844248	0.430940195	14.0696
2	-0.848576	0.429290675	15.58609
3	-0.847074667	0.428078648	15.5373133
4	-0.8483	0.427695225	15.3265225
5	-0.8483296	0.432861044	15.146694
6	-0.848249333	0.437923902	15.12709
7	-0.848566857	0.43758943	15.12802
8	-0.848189	0.439021846	15.285985
9	-0.847870222	0.44044596	15.3336744
10	-0.8475992	0.438618351	15.213913
11	-0.847438545	0.439788755	15.1841682
12	-0.847881333	0.439106011	15.2270275
13	-0.847554462	0.439626273	15.1196038
14	-0.847850286	0.442282452	15.2410021
15	-0.847584533	0.440342526	15.0598107
16	-0.8479065	0.442035348	15.2152969
17	-0.848201882	0.442247546	15.3445853
18	-0.848210667	0.441527676	15.3042539
19	-0.848025263	0.440809536	15.25583
20	-0.8480752	0.439825963	15.1858625
21	-0.847874286	0.438974173	15.122051
22	-0.847881091	0.439189891	15.1528832
23	-0.847646261	0.439517265	15.102083
24	-0.847834667	0.438490829	15.1205033
25	-0.84811104	0.439437866	15.2535544
26	-0.848067692	0.438872538	15.2761981
27	-0.848274074	0.439429662	15.3673178
28	-0.848321714	0.439283531	15.3692146
29	-0.848353379	0.441010991	15.4364341
30	-0.848360533	0.440427785	15.4601
31	-0.848426323	0.43964463	15.4101384
32	-0.84820825	0.439320929	15.3207363
33	-0.848079273	0.439353017	15.2348179
34	-0.848112	0.439488193	15.2148547
35	-0.848070629	0.439450832	15.1685571
36	-0.848117778	0.440379858	15.1818142
37	-0.848169297	0.440807429	15.2193349
38	-0.848120211	0.440612372	15.1091605
39	-0.847998974	0.441676186	15.0855264
40	-0.848108	0.441324653	15.0929437
41	-0.848092098	0.441118122	15.0903629
42	-0.848108381	0.440556571	15.0300519
43	-0.848352744	0.440382589	15.109537
44	-0.848342	0.440232959	15.108015
45	-0.848147911	0.439548626	15.0551404
46	-0.848221391	0.438738169	15.0361672
47	-0.848251574	0.438528631	15.04612
48	-0.848239	0.438287	15.0272315
49	-0.848323918	0.437470683	15.035419
50	-0.84816096	0.437495221	14.9875718
51	-0.848135059	0.437889332	15.0105716
52	-0.848108769	0.438251488	15.0191335
53	-0.848152755	0.438734193	15.0295542
54	-0.848235704	0.439075852	15.0503596
55	-0.8481696	0.438819871	15.0462218
56	-0.848276571	0.438743364	15.0827136
57	-0.848313825	0.438539972	15.1141974
58	-0.848369931	0.438540066	15.1181988
59	-0.848442847	0.438355568	15.1182427
60	-0.848393867	0.438295197	15.100642
61	-0.848305443	0.437845225	15.0757457
62	-0.848192	0.438111005	15.035501
63	-0.848222984	0.437605447	15.0232302
64	-0.848241375	0.437951407	15.0396233
65	-0.848247138	0.43774216	15.0225888
66	-0.848101939	0.43792956	14.9735309
67	-0.848134567	0.437925104	14.997116
68	-0.848102353	0.438506937	15.0031494
69	-0.848016928	0.438262186	14.9664694
70	-0.848034629	0.43832068	14.9717626
71	-0.84806569	0.438523318	14.982789
72	-0.848080222	0.438593319	14.9982249
73	-0.848073534	0.438598164	15.0037579
74	-0.848034811	0.438648608	14.9936834
75	-0.848026773	0.438701757	14.982852
76	-0.848020316	0.438524934	14.9811446
77	-0.848116883	0.438288725	14.9965417
78	-0.848050462	0.438344979	14.983391
79	-0.848115342	0.43849741	15.0164199
80	-0.848146	0.438610252	15.0277122
81	-0.848223012	0.438143903	15.011502
82	-0.84819278	0.43819486	14.999067
83	-0.848135422	0.438388052	14.9883906
84	-0.848158381	0.438405899	15.0010242
85	-0.848176659	0.438197959	14.9946416
86	-0.848163535	0.438497624	15.0184431
87	-0.848201471	0.438625037	15.0342378
88	-0.848180545	0.438228047	15.0367361
89	-0.848151371	0.438031821	15.0162481
90	-0.848184267	0.437759283	15.0169148
91	-0.848163253	0.438092991	15.021988
92	-0.848140435	0.438010754	15.0234364
93	-0.848128086	0.437723334	15.0088397
94	-0.848092681	0.437819894	15.0011173
95	-0.848070232	0.437990999	15.0091675
96	-0.848035167	0.437880377	14.9910895
97	-0.848037608	0.437886293	14.9897932
98	-0.848015673	0.437726142	14.9720986
99	-0.847993778	0.437281213	14.9468245
100	-0.8479836	0.437245382	14.9657186
1	-0.844664	0.432950555	13.73434
2	-0.848768	0.429678075	15.421155
3	-0.847176	0.428953715	15.4352
4	-0.848352	0.427996255	15.2507025
5	-0.8484288	0.43318454	15.091358
6	-0.848288	0.438488197	15.0806933
7	-0.848638857	0.437651562	15.0846771
8	-0.848219	0.438972867	15.2464088
9	-0.847918222	0.439995481	15.30025
10	-0.8476528	0.438329451	15.18234
11	-0.847495273	0.438886955	15.1540564
12	-0.847962667	0.438353441	15.198855
13	-0.847644308	0.438661452	15.0951215
14	-0.847901714	0.441415335	15.2198157
15	-0.847640533	0.439391645	15.04182
16	-0.8479795	0.441068202	15.2000406
17	-0.848254118	0.441626084	15.32974
18	-0.84828	0.440789051	15.2894967
19	-0.848135158	0.439792922	15.2429
20	-0.8481728	0.438752196	15.1749425
21	-0.847969524	0.437997771	15.1112814
22	-0.847957091	0.43829209	15.1405823
23	-0.847728348	0.438682962	15.0905013
24	-0.847932	0.437721812	15.1112696
25	-0.84821088	0.438644785	15.2460112
26	-0.848166769	0.438102738	15.2696246
27	-0.848373333	0.438415317	15.3621626
28	-0.848426	0.43830667	15.3650107
29	-0.848461517	0.440048315	15.4322503
30	-0.848461867	0.439438125	15.455979
31	-0.848507871	0.43882275	15.4065606
32	-0.84829125	0.438530038	15.3177506
33	-0.848173091	0.438500128	15.2322961
34	-0.848208471	0.438518714	15.2130497
35	-0.848169371	0.438443748	15.1671214
36	-0.848210667	0.439344359	15.1807308
37	-0.848258378	0.439666807	15.2180186
38	-0.848196211	0.439542264	15.1080545
39	-0.848074051	0.440947072	15.0840264
40	-0.8481694	0.440712371	15.091524
41	-0.848149268	0.440394664	15.0884268
42	-0.848161143	0.439683058	15.0288879
43	-0.848397209	0.43948467	15.1087349
44	-0.84839	0.439300916	15.1082111
45	-0.848205867	0.438661988	15.0554084
46	-0.848292348	0.437776996	15.036545
47	-0.848336681	0.437588953	15.0459762
48	-0.848313333	0.437414849	15.0269738
49	-0.848392	0.436720317	15.0357973
50	-0.84823664	0.436621303	14.9878576
51	-0.848211608	0.437060405	15.0103476
52	-0.848185538	0.4373242	15.0194848
53	-0.84823683	0.437806029	15.0299287
54	-0.848307704	0.43819906	15.0504535
55	-0.848236218	0.437921876	15.0464282
56	-0.848337286	0.437990488	15.0831441
57	-0.848374035	0.437829215	15.1147511
58	-0.848436	0.437730606	15.1192105
59	-0.848512	0.437514984	15.1193756
60	-0.8484604	0.437445707	15.1020372
61	-0.848376787	0.437069843	15.077452
62	-0.848264774	0.437354035	15.0375008
63	-0.848286603	0.436908573	15.0247368
64	-0.848302625	0.437205712	15.0414019
65	-0.848306215	0.437041895	15.023972
66	-0.848155273	0.43722665	14.9746609
67	-0.84819391	0.437223741	14.9983654
68	-0.84816	0.43782915	15.0042076
69	-0.848073159	0.437629927	14.9680039
70	-0.848096229	0.437676891	14.9726399
71	-0.848125521	0.43785764	14.9834166
72	-0.848135889	0.437908237	14.9985976
73	-0.848129315	0.43793923	15.0042505
74	-0.848094054	0.438071396	14.9942331
75	-0.8480896	0.438103717	14.9837903
76	-0.848083368	0.437946675	14.9822371
77	-0.848168623	0.437754993	14.9976797
78	-0.848103692	0.437774125	14.9843623
79	-0.848171646	0.437945601	15.0176092
80	-0.8482013	0.438016461	15.0292186
81	-0.84827684	0.437580202	15.0132607
82	-0.848244488	0.437659455	15.000792
83	-0.848184193	0.437939822	14.9901075
84	-0.84820381	0.437930988	15.0025124
85	-0.848214212	0.437764124	14.9961956
86	-0.848205953	0.438101759	15.0201656
87	-0.848246437	0.438228799	15.035618
88	-0.848228091	0.437819537	15.0381427
89	-0.848200449	0.437608653	15.0178069
90	-0.848235378	0.437384627	15.018786
91	-0.84821767	0.437687786	15.0237185
92	-0.848189565	0.437638157	15.025027
93	-0.848179183	0.437371865	15.0103757
94	-0.848143234	0.437447696	15.0023377
95	-0.848120758	0.437608562	15.010054
96	-0.848082083	0.437545265	14.9917752
97	-0.848086928	0.437547233	14.9905164
98	-0.848060653	0.437434265	14.9727123
99	-0.848037253	0.436986671	14.9475969
100	-0.84802736	0.436978496	14.9663813
101	-0.848082059	0.436800014	14.9709855
102	-0.848054353	0.436790129	14.948932
103	-0.848037748	0.437082514	14.9595805
104	-0.848027692	0.437133457	14.9652746
105	-0.848010895	0.437295848	14.9655875
106	-0.848027925	0.437188551	14.9795938
107	-0.848036112	0.437191052	14.9633243
108	-0.848064815	0.437494021	14.9833085
109	-0.84804756	0.437678134	15.0001878
110	-0.848013455	0.437732044	15.0012757
111	-0.848006198	0.438273115	15.0178605
112	-0.848017286	0.438144054	15.013117
113	-0.848058761	0.438003764	15.0234188
114	-0.848068211	0.437751794	15.0053839
115	-0.848043478	0.437736718	14.9985353
116	-0.848055655	0.437927042	15.0091519
117	-0.848049504	0.437865662	15.0140245
118	-0.848035051	0.437852442	15.0188414
119	-0.848013311	0.437738818	14.9989876
120	-0.848063733	0.437999722	15.0156438
121	-0.848087736	0.437989408	15.0239197
122	-0.848095803	0.438185972	15.0279172
123	-0.84811935	0.438113408	15.0329643
124	-0.848088903	0.43789375	15.0169471
125	-0.848042944	0.438021966	15.008008
126	-0.848038921	0.437983404	15.0007569
127	-0.848082961	0.43794166	14.9985096
128	-0.848111188	0.437928153	15.0032933
129	-0.848093147	0.438118914	15.0050743
130	-0.848031692	0.438222224	14.9945255
131	-0.848027786	0.438009703	14.9920602
132	-0.848010303	0.43780428	14.9867348
133	-0.84802797	0.437813758	14.9921111
134	-0.84805003	0.437505629	14.977307
135	-0.848080356	0.437449871	14.9776114
136	-0.848120294	0.437458963	14.9919546
137	-0.84807492	0.437582743	14.9847104
138	-0.848085971	0.437395187	14.9723779
139	-0.848091971	0.437409854	14.9702165
140	-0.848117714	0.437265589	14.9780833
141	-0.848135489	0.437378472	14.9778516
142	-0.848161465	0.437484099	14.9942924
143	-0.848160392	0.437515259	15.0031888
144	-0.848147667	0.437752109	15.0022886
145	-0.848158621	0.437783781	15.0049582
146	-0.848137041	0.438060883	15.0100588
147	-0.848099701	0.437880211	14.9986852
148	-0.848104595	0.437801743	14.9986505
149	-0.848086174	0.437669218	14.9982335
150	-0.848055947	0.437475519	14.9802229
151	-0.848059497	0.437551394	14.9781002
152	-0.848039526	0.437547293	14.9815753
153	-0.848035242	0.437709666	14.9873503
154	-0.848042909	0.437795736	14.9854012
155	-0.84807231	0.437981227	15.0076166
156	-0.84809959	0.437977351	15.023525
157	-0.848126013	0.438049026	15.0358348
158	-0.84809443	0.438073599	15.0333978
159	-0.848089509	0.438128627	15.035646
160	-0.84809865	0.438274522	15.0471153
161	-0.848109913	0.438393776	15.0583101
162	-0.848086963	0.438331734	15.0562017
163	-0.84807735	0.438265459	15.0480034
164	-0.848061415	0.438402362	15.0491232
165	-0.848065261	0.438385027	15.0477865
166	-0.848086554	0.438510343	15.0556881
167	-0.848068743	0.438451649	15.049526
168	-0.848063238	0.438653501	15.0502251
169	-0.848044923	0.438441479	15.0343666
170	-0.848028094	0.438554179	15.0370085
171	-0.848015018	0.438544968	15.0403102
172	-0.848013163	0.438503269	15.0444119
173	-0.848021133	0.438581335	15.0437693
174	-0.84804354	0.438687761	15.0530889
175	-0.848085806	0.438465406	15.0542055
176	-0.848089636	0.438483528	15.0651473
177	-0.848071684	0.438554892	15.0651458
178	-0.848100045	0.4386251	15.0775785
179	-0.84811057	0.438807153	15.0769868
180	-0.848151956	0.439052307	15.0922951
181	-0.848168928	0.43900731	15.0987764
182	-0.848195385	0.438880783	15.1013281
183	-0.848196809	0.438917849	15.1043109
184	-0.848192783	0.438908278	15.1044362
185	-0.84821107	0.438935698	15.1144386
186	-0.848223699	0.43898813	15.1162613
187	-0.848268278	0.43898218	15.1259775
188	-0.848262383	0.438946875	15.1184648
189	-0.848257651	0.439040324	15.1211374
190	-0.848295579	0.439155204	15.1371775
191	-0.848280419	0.439239061	15.140171
192	-0.848287042	0.439296003	15.1466086
193	-0.848343668	0.439232562	15.1601315
194	-0.848335505	0.439311672	15.1647432
195	-0.848344492	0.439319301	15.1714481
196	-0.848354082	0.43925968	15.1638533
197	-0.848349401	0.439118945	15.158615
198	-0.84833103	0.439010846	15.1576823
199	-0.848332462	0.439186924	15.1645546
200	-0.848321	0.439118989	15.1607103
