1	-0.889424	0.435541656	24.0238743
2	-0.890204	0.427256121	23.03368
3	-0.887592	0.420265733	22.5690743
4	-0.88936	0.427199481	23.6245114
5	-0.889888	0.435003666	23.952656
6	-0.890028	0.430749824	23.5874095
7	-0.889925714	0.426725602	23.5060947
8	-0.889521	0.426381722	23.0904786
9	-0.889557333	0.424288253	23.1608114
10	-0.8892464	0.427293134	23.1875726
11	-0.890243636	0.431594439	23.713013
12	-0.890454667	0.432074272	23.762201
13	-0.890132308	0.43049966	23.7454136
14	-0.890583429	0.428611661	23.7788629
15	-0.890642133	0.428966644	23.7771474
16	-0.8910075	0.428357159	24.0764914
17	-0.891022588	0.431655251	24.1098877
18	-0.891388444	0.433374394	24.3590654
19	-0.891297684	0.434412515	24.3447687
20	-0.891526	0.434833182	24.4818474
21	-0.891544762	0.43364401	24.5052033
22	-0.891424364	0.433389233	24.4585912
23	-0.891317565	0.433417806	24.4034405
24	-0.891215333	0.432657326	24.2928938
25	-0.8914784	0.432470072	24.433995
26	-0.891397231	0.433561885	24.4424963
27	-0.891387259	0.433386757	24.3941579
28	-0.891365429	0.433387514	24.3653506
29	-0.891504	0.432491155	24.4664418
30	-0.891774133	0.432888955	24.633824
31	-0.891962581	0.432300162	24.6842909
32	-0.8918265	0.432144986	24.635335
33	-0.891722667	0.432514123	24.5576242
34	-0.891781647	0.431685623	24.5697862
35	-0.891888914	0.432825079	24.6647448
36	-0.891899556	0.434231066	24.7522102
37	-0.891881946	0.435059136	24.7713733
38	-0.891982737	0.434894887	24.8164427
39	-0.891971077	0.434374152	24.7854532
40	-0.8917598	0.433615435	24.6617277
41	-0.891788683	0.432950382	24.6254308
42	-0.891806095	0.433033608	24.6137298
43	-0.891876465	0.431978749	24.6243588
44	-0.891894182	0.432461203	24.6669304
45	-0.891756089	0.431671039	24.6147347
46	-0.891874609	0.431914314	24.6903637
47	-0.891627745	0.431739511	24.5691497
48	-0.891673333	0.431422145	24.6215205
49	-0.89168898	0.431120998	24.5921931
50	-0.89162576	0.43132583	24.5412859
51	-0.891555608	0.431876603	24.5510071
52	-0.891482615	0.432181532	24.5233004
53	-0.891654491	0.431843508	24.5762361
54	-0.891589778	0.431039706	24.4843782
55	-0.891666473	0.430886827	24.5420145
56	-0.891762857	0.430843768	24.5927041
57	-0.891837193	0.431307447	24.6231916
58	-0.892049931	0.431515026	24.7209133
59	-0.892009627	0.431349279	24.7040785
60	-0.892089733	0.431000026	24.7136606
61	-0.892051934	0.431050065	24.6715056
62	-0.891973935	0.431193512	24.6493266
63	-0.891976381	0.431068626	24.6389058
64	-0.89203325	0.431068862	24.7068066
65	-0.892086031	0.431156884	24.7166884
66	-0.891965333	0.431512493	24.670031
67	-0.891998209	0.431369035	24.6812464
68	-0.891901529	0.431077744	24.6187227
69	-0.891905159	0.431123539	24.6372101
70	-0.891839771	0.430965419	24.6085536
71	-0.891941296	0.431500678	24.6686925
72	-0.891997333	0.431344528	24.6828329
73	-0.891942247	0.431052561	24.6318528
74	-0.891969622	0.431310835	24.6576836
75	-0.891953067	0.430814268	24.6458185
76	-0.891910316	0.430617304	24.6294841
77	-0.891924364	0.431111285	24.6424907
78	-0.891866769	0.431068002	24.6237654
79	-0.891934987	0.430970462	24.6543426
80	-0.8919461	0.431179281	24.6575801
81	-0.891900741	0.430986307	24.6234131
82	-0.891896195	0.431095316	24.6368619
83	-0.891890024	0.431245095	24.6350432
84	-0.891828	0.431530294	24.6225476
85	-0.891828988	0.431287878	24.616724
86	-0.891783442	0.431462604	24.595314
87	-0.891770391	0.431549733	24.5957521
88	-0.891802545	0.431629015	24.6325952
89	-0.89182427	0.431888678	24.6454245
90	-0.89184	0.432096788	24.6539945
91	-0.891825495	0.432523499	24.6818939
92	-0.891780435	0.432346622	24.6683477
93	-0.891851183	0.432298162	24.6959232
94	-0.891862468	0.432310622	24.7038675
95	-0.891868968	0.4326082	24.719072
96	-0.891892917	0.432160611	24.731422
97	-0.891886021	0.431892451	24.7262741
98	-0.891858286	0.432135893	24.7332647
99	-0.891934545	0.432392086	24.7804532
100	-0.8918952	0.432292165	24.7529845
1	-0.890904	0.429206407	24.2949143
2	-0.890924	0.425112839	23.1607829
3	-0.888125333	0.417199349	22.6484229
4	-0.889778	0.423180387	23.6812714
5	-0.8902496	0.431956504	24.0032891
6	-0.890314667	0.427872433	23.6305867
7	-0.8902	0.424111092	23.5417453
8	-0.889743	0.423873431	23.1200971
9	-0.889780444	0.422035267	23.1862883
10	-0.8894144	0.42538588	23.2083474
11	-0.890404364	0.429673133	23.7296166
12	-0.890611333	0.430321286	23.7746829
13	-0.89028	0.42902828	23.7583007
14	-0.890700571	0.427517191	23.7899265
15	-0.890756267	0.427716186	23.787443
16	-0.8911105	0.427173798	24.0870164
17	-0.891109176	0.430365353	24.1196874
18	-0.891489333	0.432021505	24.3691479
19	-0.891396211	0.43302876	24.3556728
20	-0.89163	0.43343901	24.4941954
21	-0.891637714	0.432480246	24.5158547
22	-0.891505455	0.432476144	24.4718769
23	-0.891398261	0.432487556	24.4171046
24	-0.891306667	0.431658397	24.3068324
25	-0.89157664	0.431404555	24.4465573
26	-0.891490462	0.432730593	24.4557662
27	-0.891479407	0.432392193	24.4055361
28	-0.891462	0.43238801	24.3752322
29	-0.891606069	0.431363056	24.4756587
30	-0.891868533	0.43192432	24.642493
31	-0.89203871	0.431433289	24.6920649
32	-0.891899	0.431405098	24.6433114
33	-0.891792485	0.431943931	24.5654528
34	-0.891852235	0.431216459	24.5775129
35	-0.891958629	0.432384351	24.6724317
36	-0.891966	0.43392927	24.7600822
37	-0.891949189	0.434738334	24.7798082
38	-0.892046526	0.434611977	24.8257462
39	-0.892035692	0.434109426	24.7934561
40	-0.8918176	0.433393606	24.6695971
41	-0.891842146	0.43274803	24.6327075
42	-0.891859619	0.432692718	24.6208316
43	-0.891928	0.431556912	24.630746
44	-0.89195	0.431924898	24.6738078
45	-0.891814044	0.431299419	24.6216074
46	-0.89193687	0.431514047	24.6974999
47	-0.891702979	0.431304301	24.576526
48	-0.891742667	0.431002686	24.6292252
49	-0.891750531	0.430704738	24.5994043
50	-0.89168624	0.430792228	24.5484642
51	-0.891611765	0.431422592	24.5576334
52	-0.891545077	0.431581096	24.530013
53	-0.891717283	0.431262832	24.5837658
54	-0.891644296	0.430614378	24.4918425
55	-0.891717964	0.430390286	24.5482618
56	-0.891815714	0.430355101	24.5988629
57	-0.891888281	0.430896551	24.6295118
58	-0.892104552	0.431062299	24.7271557
59	-0.892071458	0.430781507	24.7105042
60	-0.892152133	0.430455802	24.7200006
61	-0.892115803	0.430473348	24.677952
62	-0.892040516	0.430616285	24.6556649
63	-0.892038476	0.430467508	24.645415
64	-0.89209125	0.430484991	24.7135764
65	-0.892149415	0.430531783	24.723805
66	-0.89202703	0.430897471	24.6769344
67	-0.892065313	0.430697834	24.6878565
68	-0.891967529	0.430414623	24.6257639
69	-0.891972058	0.43042376	24.644766
70	-0.891908114	0.430270141	24.6156317
71	-0.892005972	0.430867962	24.6756493
72	-0.892060889	0.430699555	24.6900446
73	-0.892002521	0.430384521	24.6386818
74	-0.89202973	0.430708216	24.6647283
75	-0.892014507	0.430220203	24.6527156
76	-0.891971368	0.430057803	24.6368338
77	-0.891980571	0.430545918	24.6495614
78	-0.891925538	0.43051989	24.6305248
79	-0.891995848	0.430394438	24.6607363
80	-0.8920047	0.430606202	24.6638544
81	-0.891958025	0.430443875	24.6296751
82	-0.891954634	0.430528031	24.6432835
83	-0.891946024	0.430685503	24.6413471
84	-0.89188219	0.43097269	24.6285094
85	-0.891877741	0.430762133	24.6219492
86	-0.891834233	0.430949338	24.6009977
87	-0.891816552	0.4310345	24.6010162
88	-0.891852273	0.431123624	24.638004
89	-0.891874607	0.431338715	24.6507928
90	-0.891891556	0.431593092	24.6599374
91	-0.89187789	0.432028042	24.6878873
92	-0.89183113	0.431869667	24.6736851
93	-0.891903656	0.431795111	24.7012651
94	-0.891913617	0.431777419	24.7092907
95	-0.891918737	0.432081373	24.7240624
96	-0.8919435	0.431634038	24.7367912
97	-0.891942103	0.431319455	24.7315635
98	-0.891911429	0.431575783	24.7387776
99	-0.891987636	0.431844945	24.7857606
100	-0.89194808	0.431760421	24.758208
101	-0.891926733	0.431582511	24.7362578
102	-0.891854745	0.43173397	24.720079
103	-0.891890252	0.431893179	24.7446298
104	-0.891927846	0.431815673	24.7692141
105	-0.8918704	0.431786756	24.738817
106	-0.891925736	0.431771203	24.759567
107	-0.891905869	0.43185814	24.7466396
108	-0.891945185	0.432246068	24.7673964
109	-0.891949284	0.432714171	24.7851936
110	-0.891988218	0.432696586	24.8039491
111	-0.891946739	0.432766681	24.790512
112	-0.891981786	0.432428276	24.7919037
113	-0.89201869	0.432203349	24.7976728
114	-0.892009825	0.431991705	24.7877669
115	-0.891955339	0.431967612	24.7570377
116	-0.891976207	0.431779899	24.7550418
117	-0.891976479	0.432080793	24.7647302
118	-0.89197261	0.431958152	24.7510296
119	-0.891935933	0.431563681	24.713134
120	-0.8918866	0.431518582	24.6818364
121	-0.891865653	0.431642565	24.6718788
122	-0.891903803	0.431779628	24.6922222
123	-0.891950829	0.431879191	24.7162783
124	-0.891901871	0.431852241	24.7036818
125	-0.891864384	0.431957724	24.6912261
126	-0.891884127	0.431884024	24.7012942
127	-0.891880126	0.431659086	24.6913816
128	-0.89188775	0.4318254	24.6960305
129	-0.891952558	0.431858346	24.7311597
130	-0.891892615	0.432095522	24.7267659
131	-0.891877924	0.432068744	24.7229455
132	-0.89189497	0.432340889	24.7484632
133	-0.891952541	0.432305764	24.7711521
134	-0.891931164	0.431992523	24.7458675
135	-0.891931911	0.4318014	24.740451
136	-0.891921294	0.431750581	24.7254408
137	-0.891867387	0.431817637	24.7045575
138	-0.891862029	0.431895391	24.6897398
139	-0.89184564	0.431873347	24.6678543
140	-0.891827714	0.431653522	24.66568
141	-0.891796028	0.431796948	24.6507735
142	-0.891833859	0.431745245	24.6597656
143	-0.891835413	0.432020077	24.6773204
144	-0.891873667	0.432028544	24.694923
145	-0.891869959	0.432218506	24.6977015
146	-0.891862247	0.432250393	24.7038403
147	-0.89185034	0.432099077	24.7038664
148	-0.891837459	0.432023612	24.6963061
149	-0.891807356	0.431714255	24.6688201
150	-0.89179344	0.431499943	24.6484315
151	-0.891789669	0.431314758	24.6412911
152	-0.891793421	0.431084807	24.6418763
153	-0.891786667	0.431014	24.6336053
154	-0.891763065	0.431139634	24.6219863
155	-0.891778942	0.430812702	24.6156102
156	-0.891767641	0.431132714	24.628648
157	-0.891802497	0.431173428	24.6331507
158	-0.891834329	0.431010979	24.6574807
159	-0.891754969	0.430985179	24.6211006
160	-0.89170035	0.430962455	24.5940386
161	-0.891670012	0.43090092	24.5842727
162	-0.891629926	0.430809801	24.5685846
163	-0.891647558	0.431048801	24.587627
164	-0.891615902	0.431226577	24.5799651
165	-0.891642812	0.431256672	24.5894557
166	-0.891623325	0.431361289	24.5732504
167	-0.891603114	0.431457678	24.5602683
168	-0.891564095	0.43139295	24.5356098
169	-0.891556686	0.431263166	24.5239303
170	-0.891562729	0.431364909	24.5297747
171	-0.891545684	0.431215151	24.5132898
172	-0.891560186	0.431424365	24.5334025
173	-0.891569942	0.431371358	24.5286761
174	-0.891566943	0.431700857	24.5340418
175	-0.891610149	0.431621703	24.5489629
176	-0.891618318	0.431611602	24.5612826
177	-0.891598011	0.431555647	24.5483058
178	-0.891613079	0.43159277	24.5591122
179	-0.891668827	0.431641211	24.5895144
180	-0.891705244	0.431651213	24.607123
181	-0.891707757	0.431521791	24.6116067
182	-0.891680967	0.431365843	24.598924
183	-0.891728874	0.43142344	24.6262402
184	-0.891748261	0.431330539	24.6285801
185	-0.891718054	0.431499263	24.6183244
186	-0.891691914	0.431265152	24.5943328
187	-0.891699166	0.431286188	24.6021145
188	-0.891692426	0.431464004	24.6077627
189	-0.89166146	0.431280151	24.5888653
190	-0.891679916	0.431258339	24.5980874
191	-0.891698555	0.43121849	24.6007353
192	-0.891662083	0.431447235	24.6018242
193	-0.891726591	0.431548424	24.6325476
194	-0.891719175	0.431352013	24.6246112
195	-0.891732267	0.431399789	24.6355128
196	-0.891730735	0.431173212	24.627372
197	-0.891715289	0.431012009	24.6191317
198	-0.891722343	0.430884529	24.6206861
199	-0.891709427	0.430830448	24.6111667
200	-0.89172744	0.430742471	24.6176527
