1	-0.67972	0.374286167	4.37446667
2	-0.68212	0.376177278	4.44294
3	-0.681749333	0.376269388	4.36715333
4	-0.68137	0.376107129	4.41190667
5	-0.6813968	0.374541106	4.37863333
6	-0.681718667	0.374897938	4.40682556
7	-0.68176	0.371286169	4.39725619
8	-0.681569	0.370500164	4.40721417
9	-0.681777778	0.370154279	4.40040296
10	-0.6820424	0.368659782	4.431174
11	-0.682008	0.368999143	4.40580364
12	-0.681760667	0.368816918	4.39859833
13	-0.68176	0.369164683	4.38053333
14	-0.681646286	0.370022691	4.38701238
15	-0.6814976	0.368528537	4.387332
16	-0.6818205	0.368969963	4.4137875
17	-0.681808	0.368647495	4.4014051
18	-0.681950667	0.368985695	4.40636407
19	-0.681948632	0.369737662	4.41590386
20	-0.6821796	0.370121441	4.416667
21	-0.682054095	0.37010579	4.41754381
22	-0.682021818	0.369962777	4.41954576
23	-0.682075478	0.370492352	4.4162513
24	-0.681966	0.370722322	4.40864944
25	-0.68208288	0.370602468	4.4265576
26	-0.681979077	0.370466823	4.43468282
27	-0.681884444	0.370035938	4.42460815
28	-0.681807429	0.370375833	4.42124595
29	-0.681782069	0.370326248	4.40873724
30	-0.6818344	0.37052385	4.40833
31	-0.681853419	0.370344815	4.3985086
32	-0.68182875	0.370296005	4.38802667
33	-0.681693333	0.370969264	4.38521152
34	-0.681558588	0.371183873	4.3870751
35	-0.681570971	0.371008334	4.38818514
36	-0.681621778	0.370762385	4.38160852
37	-0.681626811	0.370983757	4.36892775
38	-0.681818316	0.37083221	4.38804895
39	-0.681759179	0.370705246	4.38701812
40	-0.6816984	0.370349445	4.3883105
41	-0.681546537	0.37064551	4.38973366
42	-0.681521524	0.370382318	4.38793048
43	-0.681547721	0.370312468	4.39809814
44	-0.681525818	0.37018237	4.39616288
45	-0.681493867	0.370123496	4.398432
46	-0.681638435	0.370131617	4.39946261
47	-0.68167234	0.369896041	4.39574709
48	-0.681596333	0.370041215	4.40227597
49	-0.68163902	0.370047516	4.40502503
50	-0.68171072	0.370143614	4.40504747
51	-0.681658667	0.370378971	4.4066485
52	-0.681603538	0.370400196	4.40041974
53	-0.681606792	0.370429153	4.40077447
54	-0.681641481	0.370376794	4.40404222
55	-0.681708945	0.3707159	4.412556
56	-0.681675571	0.370783259	4.41141238
57	-0.681673123	0.370914669	4.41009158
58	-0.681674069	0.370874123	4.41402989
59	-0.681697898	0.37068009	4.41070452
60	-0.681662933	0.370740514	4.41099322
61	-0.68170282	0.370678752	4.41381344
62	-0.681678452	0.37069574	4.41140903
63	-0.681675048	0.370671875	4.41661122
64	-0.681717375	0.3707322	4.41609865
65	-0.681739446	0.370881782	4.41719221
66	-0.681811758	0.37089123	4.41806222
67	-0.681818507	0.370833812	4.41595672
68	-0.681795529	0.370990798	4.41650931
69	-0.681844174	0.371043597	4.41743111
70	-0.681868114	0.370909526	4.41696695
71	-0.681867718	0.370787392	4.41709568
72	-0.681839778	0.370702372	4.41747204
73	-0.681839781	0.370832997	4.41786493
74	-0.681841622	0.370953542	4.41607838
75	-0.681819307	0.370953556	4.41865547
76	-0.681805263	0.370864727	4.41704737
77	-0.681897974	0.370786255	4.41956805
78	-0.681904718	0.370870141	4.41519043
79	-0.68189681	0.370834778	4.41265527
80	-0.6819438	0.370921847	4.41129775
81	-0.681999012	0.371039322	4.40977062
82	-0.682003805	0.37111501	4.4159222
83	-0.682047422	0.370964918	4.41460667
84	-0.682019143	0.371029312	4.41361921
85	-0.681989647	0.371046648	4.41207553
86	-0.681988558	0.37104207	4.40960271
87	-0.681984552	0.371083936	4.41231134
88	-0.681955091	0.371025513	4.41064485
89	-0.681958742	0.370962774	4.40644622
90	-0.681960444	0.371040232	4.41014119
91	-0.681946901	0.370933116	4.40874842
92	-0.681932087	0.370853038	4.40710696
93	-0.681905548	0.370949613	4.40648186
94	-0.681899064	0.370955438	4.40714723
95	-0.681905095	0.370960691	4.40768519
96	-0.681901833	0.370862036	4.40552132
97	-0.68196	0.370908149	4.40622454
98	-0.681977714	0.370912636	4.40762762
99	-0.681990141	0.37089689	4.40659912
100	-0.68197552	0.370946047	4.40737567
1	-0.679608	0.36975022	4.38759333
2	-0.682232	0.374365722	4.45291
3	-0.681648	0.37812263	4.37199333
4	-0.681364	0.376956363	4.41397333
5	-0.6813984	0.376224262	4.38040133
6	-0.681658667	0.375980626	4.41048222
7	-0.681684571	0.372068187	4.39740381
8	-0.681465	0.371084641	4.40837
9	-0.681651556	0.370103768	4.40037481
10	-0.6818128	0.368723066	4.43121667
11	-0.681856727	0.368949783	4.40637818
12	-0.681668667	0.36878869	4.398025
13	-0.681744615	0.369249351	4.38058359
14	-0.681577143	0.370059219	4.38657238
15	-0.681448	0.368666823	4.38746978
16	-0.6818065	0.369240923	4.41365667
17	-0.681793412	0.368856921	4.40241961
18	-0.681997778	0.36925032	4.4076937
19	-0.681982737	0.369763952	4.41763368
20	-0.682206	0.370305795	4.41926067
21	-0.682110857	0.370284813	4.42074698
22	-0.682083636	0.370024824	4.42351667
23	-0.682141913	0.37019735	4.41882493
24	-0.682047333	0.370253919	4.41161611
25	-0.68216224	0.370177253	4.42895067
26	-0.682051385	0.370320171	4.43636282
27	-0.681982815	0.3698811	4.42653827
28	-0.681905143	0.370044031	4.42387333
29	-0.681904828	0.370071159	4.41030598
30	-0.6819496	0.370492133	4.41101622
31	-0.681969032	0.370098353	4.40186581
32	-0.6819255	0.370128253	4.39159
33	-0.681801212	0.370791438	4.38815152
34	-0.681667294	0.371129054	4.38992118
35	-0.681691886	0.370911407	4.390744
36	-0.681725556	0.370763759	4.38418685
37	-0.681737514	0.370756124	4.3712818
38	-0.681925053	0.370574374	4.38999947
39	-0.681879385	0.370264471	4.38907162
40	-0.6818084	0.369917059	4.38993833
41	-0.681685073	0.369991449	4.39127024
42	-0.68162419	0.369778855	4.38938571
43	-0.681653395	0.369414509	4.39993271
44	-0.681670182	0.369276331	4.39799182
45	-0.681640711	0.369163432	4.39990356
46	-0.681770957	0.369266154	4.40094667
47	-0.681804426	0.36906736	4.39741816
48	-0.681743	0.369266862	4.40391819
49	-0.681779592	0.36925573	4.40690245
50	-0.68185904	0.369410751	4.40662933
51	-0.681796235	0.369584909	4.40790863
52	-0.681752615	0.369684623	4.4015359
53	-0.681752604	0.369746844	4.40175497
54	-0.681776444	0.369826248	4.40564185
55	-0.681849018	0.370197494	4.41407782
56	-0.681811429	0.370275673	4.41309405
57	-0.681821474	0.370470103	4.41175789
58	-0.68183931	0.37044677	4.41537425
59	-0.681890305	0.370226496	4.41186825
60	-0.681860267	0.370338643	4.41259167
61	-0.68189482	0.37047932	4.41599016
62	-0.681876129	0.37056806	4.41339398
63	-0.681860952	0.37062877	4.41838254
64	-0.681896375	0.370550673	4.41762271
65	-0.681915815	0.370738918	4.41858287
66	-0.68198303	0.370703802	4.41976687
67	-0.681976955	0.370740767	4.41782786
68	-0.681934235	0.370815054	4.41813618
69	-0.681980754	0.370802487	4.41933546
70	-0.682005371	0.370705805	4.41889181
71	-0.682006761	0.370666469	4.41886761
72	-0.681966333	0.370729966	4.41914296
73	-0.681948932	0.371004363	4.41946429
74	-0.681956324	0.371175255	4.41768486
75	-0.681941867	0.371245455	4.42053013
76	-0.681937789	0.371188085	4.41888807
77	-0.68202026	0.37121383	4.42139662
78	-0.68202759	0.371316075	4.41660085
79	-0.682009418	0.371325703	4.41393325
80	-0.6820531	0.371315428	4.41273075
81	-0.682101531	0.371520093	4.41121037
82	-0.682103805	0.371615328	4.41757472
83	-0.682127904	0.371477709	4.41602956
84	-0.682099429	0.371504797	4.41510087
85	-0.682060424	0.371594725	4.41357286
86	-0.682070233	0.371574069	4.41147085
87	-0.682067862	0.371555356	4.41400046
88	-0.682032727	0.371564035	4.41237614
89	-0.682037303	0.371516424	4.40811955
90	-0.682041333	0.371542291	4.41175807
91	-0.682026286	0.371438723	4.41030198
92	-0.682025304	0.371417322	4.40859413
93	-0.681996301	0.371489847	4.4078838
94	-0.681990553	0.371559739	4.40878851
95	-0.682	0.371490916	4.40939432
96	-0.681994917	0.371423401	4.40723646
97	-0.68205699	0.371462702	4.40780179
98	-0.682071102	0.371453107	4.40923667
99	-0.682089212	0.371395707	4.40792734
100	-0.6820784	0.371380508	4.40879573
101	-0.682056871	0.371374757	4.40859822
102	-0.682020471	0.371419387	4.40586837
103	-0.68200435	0.371417429	4.40527023
104	-0.682010077	0.371385945	4.40136064
105	-0.682031314	0.371378652	4.40123759
106	-0.682053811	0.371304331	4.39898943
107	-0.682050243	0.371401515	4.40033931
108	-0.682082519	0.371481977	4.40182543
109	-0.682081541	0.371501184	4.40185388
110	-0.682092582	0.371438855	4.40013485
111	-0.682082955	0.371370309	4.3978624
112	-0.682077714	0.37139488	4.39783083
113	-0.682095434	0.371394334	4.40034808
114	-0.68209614	0.371305807	4.40091754
115	-0.6820928	0.371338784	4.40265055
116	-0.682129517	0.371372254	4.4039604
117	-0.682115829	0.371381335	4.40262222
118	-0.682110237	0.371367122	4.40097017
119	-0.682111395	0.371302805	4.4004791
120	-0.682111533	0.37141286	4.40308756
121	-0.682112198	0.371400907	4.40238821
122	-0.682119541	0.371407614	4.40179596
123	-0.682118829	0.371381273	4.40239935
124	-0.682123548	0.371371671	4.40358651
125	-0.682141312	0.371261056	4.40222005
126	-0.682141079	0.371172922	4.40367063
127	-0.682129575	0.3710458	4.40092777
128	-0.682141812	0.370988091	4.40004792
129	-0.682154233	0.370965288	4.39827354
130	-0.682155569	0.371038638	4.39874477
131	-0.682145038	0.371068039	4.39935628
132	-0.682123455	0.371076653	4.39945192
133	-0.682117414	0.371071945	4.40088787
134	-0.682121672	0.371019619	4.40007045
135	-0.682120296	0.371037111	4.40111605
136	-0.682129118	0.371058534	4.39915142
137	-0.682114861	0.37105307	4.39756818
138	-0.68209542	0.371018144	4.3991772
139	-0.682120403	0.371080772	4.39958134
140	-0.682160686	0.371013356	4.40116243
141	-0.682122894	0.371040577	4.40064983
142	-0.68211431	0.371091734	4.39951728
143	-0.682148923	0.370993196	4.39833417
144	-0.682138111	0.370947634	4.39600491
145	-0.682117848	0.370927152	4.39551549
146	-0.682104438	0.370903748	4.39431374
147	-0.682087837	0.37094232	4.39461832
148	-0.682076054	0.370944785	4.39456396
149	-0.68208945	0.370957398	4.39426787
150	-0.682083093	0.370972643	4.39321129
151	-0.682116238	0.370979962	4.39431095
152	-0.682074737	0.37108529	4.39462167
153	-0.682071582	0.371112335	4.3936156
154	-0.682078597	0.371146739	4.39487797
155	-0.682080052	0.371140445	4.39413527
156	-0.682084513	0.371168599	4.39383432
157	-0.682095134	0.371129309	4.39219597
158	-0.682109266	0.371115654	4.39163861
159	-0.682113711	0.371099358	4.39326969
160	-0.6821071	0.371133912	4.39294446
161	-0.682093019	0.371149224	4.39148609
162	-0.682081926	0.371058298	4.38880383
163	-0.682078871	0.371106894	4.38789333
164	-0.682067659	0.371161108	4.38982618
165	-0.6820608	0.371215436	4.39031669
166	-0.682057205	0.371275805	4.39162064
167	-0.682059976	0.371314084	4.39165317
168	-0.682046095	0.371334289	4.39108472
169	-0.682081183	0.371300042	4.39218122
170	-0.682062824	0.371325115	4.39244753
171	-0.682036211	0.371311821	4.39186101
172	-0.682024093	0.371271119	4.39236733
173	-0.682016462	0.371239523	4.39138917
174	-0.682018621	0.371221934	4.39100023
175	-0.682014309	0.371193301	4.3904872
176	-0.682000091	0.371227762	4.3899703
177	-0.682005876	0.371288084	4.39069232
178	-0.682016719	0.371196427	4.39157255
179	-0.682023106	0.37121996	4.39252149
180	-0.682015067	0.37124102	4.39144859
181	-0.682002564	0.371209965	4.39107738
182	-0.682027429	0.371145125	4.39154469
183	-0.682014645	0.371202359	4.39063537
184	-0.681994435	0.37122245	4.39118033
185	-0.681965492	0.37124976	4.39030638
186	-0.681976043	0.371262502	4.3908486
187	-0.681992556	0.371269646	4.39013861
188	-0.682016085	0.371246543	4.39292099
189	-0.682024254	0.371239147	4.39153287
190	-0.682040632	0.371273419	4.3911386
191	-0.682046785	0.37126557	4.39061476
192	-0.682052458	0.37134632	4.39200913
193	-0.682059689	0.371354592	4.39325765
194	-0.68204033	0.371281573	4.39293766
195	-0.682030441	0.371248788	4.39084222
196	-0.682038816	0.371203633	4.3906148
197	-0.682040244	0.371219361	4.3908801
198	-0.682039919	0.371193775	4.38997845
199	-0.682031598	0.371219241	4.38956399
200	-0.68203976	0.371187703	4.3903613
