1	-0.64964896	0.352882713	3.85666462	0.093248
2	-0.64899716	0.342475418	3.72827385	0.073858
3	-0.64818864	0.349311506	3.68887385	0.069832
4	-0.6478988	0.348362809	3.71320923	0.07184
5	-0.647730368	0.348696325	3.64929231	0.0699584
6	-0.647614427	0.349561453	3.64749949	0.0691213333
7	-0.647749897	0.349970895	3.66007736	0.0702377143
8	-0.64790931	0.35065933	3.68921154	0.0709155
9	-0.648418	0.350224921	3.67402872	0.0704111111
10	-0.648978776	0.350669256	3.678664	0.0684988
11	-0.649104684	0.351083383	3.70718322	0.0691250909
12	-0.648700467	0.351261653	3.69295282	0.0690233333
13	-0.648643052	0.350486451	3.69838012	0.0695372308
14	-0.648740246	0.350019447	3.70292088	0.0706122857
15	-0.648873605	0.349775534	3.70528862	0.0725336
16	-0.64914581	0.34971546	3.71636308	0.0725655
17	-0.649246146	0.349999409	3.72223783	0.0727072941
18	-0.6493476	0.350056862	3.72890393	0.0729577778
19	-0.649244232	0.350492734	3.72938332	0.0719378947
20	-0.649294256	0.351269293	3.72420123	0.0725328
21	-0.64928133	0.351446145	3.72550769	0.0725426667
22	-0.649091582	0.351283042	3.72829119	0.0715427273
23	-0.649189572	0.351503406	3.73357592	0.0722264348
24	-0.64902996	0.351119397	3.72219897	0.072448
25	-0.649176339	0.35114279	3.72478523	0.07286496
26	-0.649161748	0.35106123	3.73440521	0.0721643077
27	-0.649143647	0.35099722	3.73350815	0.0716416296
28	-0.649058354	0.351130082	3.73385582	0.0717748571
29	-0.649017559	0.350897985	3.73611905	0.0719951724
30	-0.649083328	0.350614301	3.74099405	0.0723130667
31	-0.649035822	0.350718123	3.74483633	0.0714298065
32	-0.649011187	0.350373847	3.73950096	0.070796875
33	-0.648971248	0.350213579	3.74039944	0.0720775758
34	-0.648912798	0.350347591	3.74309629	0.0720281176
35	-0.648869762	0.350174795	3.73838013	0.0716366857
36	-0.648932949	0.35052376	3.74564256	0.0713918889
37	-0.648922091	0.350963123	3.75115293	0.0719856216
38	-0.649018154	0.350923929	3.75466057	0.0723708421
39	-0.648988939	0.350940546	3.75732103	0.0723085128
40	-0.64899904	0.350743048	3.75475477	0.073022
41	-0.64889489	0.350774536	3.7504845	0.073066439
42	-0.648842402	0.350806948	3.74747824	0.0731105714
43	-0.64886763	0.350955737	3.75006841	0.0732140465
44	-0.648889385	0.351074133	3.75078182	0.0733056364
45	-0.648886096	0.350948705	3.74611651	0.0729625778
46	-0.64892419	0.350970584	3.74546502	0.0730094783
47	-0.648962718	0.350872687	3.75074946	0.0730550638
48	-0.648898687	0.351059473	3.74769333	0.0728093333
49	-0.648912891	0.35109577	3.74945306	0.0725670204
50	-0.648929326	0.351122929	3.74257514	0.07242632
51	-0.648909751	0.351119803	3.74355572	0.0721149804
52	-0.648923275	0.351225603	3.74793172	0.0727406923
53	-0.648944687	0.351216689	3.74648813	0.0723588679
54	-0.648988711	0.350957337	3.7495608	0.0723688889
55	-0.648941089	0.35100985	3.74938059	0.0724726545
56	-0.648903977	0.350990829	3.74782571	0.072006
57	-0.648889076	0.35106415	3.74674818	0.0719204912
58	-0.648871197	0.351192741	3.74637538	0.072021931
59	-0.648923422	0.35096696	3.74964005	0.0719745085
60	-0.648877852	0.350935527	3.74747559	0.0719192667
61	-0.648892734	0.350835174	3.74560666	0.071935082
62	-0.648895867	0.350835101	3.74745816	0.0723998065
63	-0.648873603	0.350671854	3.74633592	0.0722388571
64	-0.64880978	0.350676609	3.74388154	0.0721765
65	-0.648838757	0.350740971	3.74713714	0.0727809231
66	-0.648860473	0.350689457	3.74880019	0.0729448485
67	-0.648857133	0.350565816	3.74629722	0.0725342687
68	-0.648855153	0.350690718	3.74843457	0.07274
69	-0.64886762	0.350893297	3.7496594	0.0729809855
70	-0.648831706	0.350893412	3.74852721	0.0726481714
71	-0.64883063	0.350761241	3.75234843	0.0725568451
72	-0.648814277	0.35065753	3.75121171	0.0724638333
73	-0.648837785	0.350850192	3.7530663	0.0726289863
74	-0.648846432	0.350913265	3.75395443	0.0724567568
75	-0.648822597	0.350914917	3.75527672	0.0727352
76	-0.648845984	0.350886971	3.75764591	0.0726623684
77	-0.648864603	0.350934339	3.75771253	0.0728093506
78	-0.648908892	0.350899476	3.75945736	0.0726292308
79	-0.648922179	0.350912289	3.76043934	0.0725494684
80	-0.6489477	0.350836806	3.75877323	0.072275
81	-0.64896937	0.350781027	3.75831438	0.0721524444
82	-0.648942827	0.350792578	3.75731257	0.0719852683
83	-0.648962836	0.35070239	3.75671904	0.0718381687
84	-0.648951964	0.350609691	3.75735707	0.0718458095
85	-0.648948214	0.350515889	3.75585354	0.0718765647
86	-0.648965759	0.350461415	3.75746583	0.0718833023
87	-0.648982864	0.350479187	3.75740966	0.0720397701
88	-0.64894389	0.350519938	3.75672273	0.0719854091
89	-0.648977335	0.350694164	3.76068418	0.0720892135
90	-0.648951028	0.350682348	3.7616919	0.0720002667
91	-0.648956345	0.350631962	3.7647718	0.0719623297
92	-0.648948871	0.350603388	3.76280495	0.0717913913
93	-0.648906288	0.35049953	3.76030319	0.0716929032
94	-0.648883065	0.350527607	3.75910723	0.0716808936
95	-0.648906235	0.350528853	3.76259589	0.0721075368
96	-0.64890332	0.350457801	3.76321308	0.0723368333
97	-0.648936677	0.350499485	3.76370151	0.0722565361
98	-0.648928045	0.350583335	3.76250217	0.0723573469
99	-0.648874201	0.350535629	3.76071671	0.0722797576
100	-0.64885722	0.350464616	3.7596872	0.072237
1	-0.6491112	0.357722151	3.82464	0.09196
2	-0.64904232	0.345816696	3.71552	0.073316
3	-0.648022613	0.35032113	3.67888	0.069264
4	-0.64773512	0.348765839	3.71241231	0.071556
5	-0.647602256	0.349942378	3.64986462	0.0697928
6	-0.64741256	0.350047285	3.65234462	0.0690946667
7	-0.647561657	0.349936016	3.66296703	0.0702542857
8	-0.64780894	0.349599345	3.69221538	0.070897
9	-0.648271307	0.34955499	3.67552957	0.0704097778
10	-0.648717616	0.350690564	3.67979692	0.0686008
11	-0.648966335	0.351041031	3.7074993	0.0692985455
12	-0.6485862	0.351409245	3.69318051	0.0692766667
13	-0.648554652	0.350974955	3.69829254	0.0697326154
14	-0.64862244	0.350749459	3.7031556	0.0708077143
15	-0.648822368	0.350733391	3.70391795	0.0727450667
16	-0.64907317	0.351050899	3.71485077	0.0727085
17	-0.649161087	0.350871971	3.72075692	0.0728543529
18	-0.649328302	0.351017162	3.72722803	0.0730817778
19	-0.649202501	0.35104198	3.72814575	0.0720618947
20	-0.649207024	0.351737201	3.72354831	0.0726712
21	-0.649203943	0.351858778	3.72523927	0.0726542857
22	-0.64900128	0.351298633	3.72832336	0.0716458182
23	-0.649095621	0.351162517	3.73393151	0.0723288696
24	-0.648952407	0.350710876	3.72243744	0.0725536667
25	-0.649087152	0.350787577	3.72491988	0.0730136
26	-0.649095822	0.350633225	3.73483787	0.0723295385
27	-0.649095938	0.35061697	3.73378712	0.0718042963
28	-0.649006097	0.350794667	3.73388044	0.0719334286
29	-0.648969578	0.350634022	3.73538716	0.0721064828
30	-0.649010349	0.35038506	3.7393479	0.0723974667
31	-0.648932661	0.350375759	3.74227216	0.0715233548
32	-0.648885712	0.350166102	3.73781673	0.070923125
33	-0.648853799	0.349903323	3.73875058	0.0721929697
34	-0.64882652	0.35013898	3.7409971	0.072126
35	-0.648802343	0.34997968	3.73649143	0.07174
36	-0.648863442	0.350240075	3.74344393	0.0714387778
37	-0.648879178	0.350548875	3.74925838	0.0720454054
38	-0.648988842	0.350578069	3.75339725	0.0724315789
39	-0.648973979	0.350569639	3.75612702	0.0723810256
40	-0.648980596	0.350493617	3.75434308	0.0730898
41	-0.648869143	0.350425333	3.75047114	0.0731157073
42	-0.648810773	0.350406865	3.74769114	0.0731672381
43	-0.648836175	0.350430322	3.7500468	0.0732506047
44	-0.648910375	0.35055033	3.75126713	0.0733732727
45	-0.648916473	0.350414333	3.74608301	0.0730325333
46	-0.648946972	0.350308927	3.74532615	0.0730790435
47	-0.648984327	0.350299409	3.75037198	0.0731142128
48	-0.64893684	0.350453476	3.74763821	0.0728836667
49	-0.648962155	0.350406286	3.74940458	0.0726302041
50	-0.649004142	0.350460137	3.74300148	0.07250312
51	-0.648980864	0.350472432	3.74450087	0.0721883137
52	-0.649005728	0.350425219	3.74892817	0.0728171538
53	-0.649016786	0.350399188	3.7474479	0.0724393208
54	-0.64906619	0.350369834	3.75071157	0.0724502222
55	-0.649037722	0.350436351	3.7504772	0.0725261091
56	-0.64898664	0.350492009	3.74867758	0.0720677143
57	-0.648967465	0.350622149	3.74776561	0.0719802807
58	-0.648952903	0.35078023	3.74745602	0.0721072414
59	-0.649016125	0.350627978	3.75046696	0.0720604746
60	-0.648969223	0.350661707	3.74837938	0.0719944667
61	-0.648981561	0.35062381	3.74645387	0.0720091803
62	-0.6489964	0.350675177	3.74812764	0.0724651613
63	-0.648955397	0.350739574	3.74715165	0.0722968254
64	-0.648882226	0.350833528	3.74454356	0.0722300625
65	-0.648910558	0.350958732	3.74793941	0.0728386462
66	-0.648934006	0.350896319	3.75000904	0.0730033333
67	-0.64892378	0.350684912	3.74741217	0.0725890149
68	-0.648912009	0.350762046	3.74942787	0.0728004706
69	-0.64894295	0.350840166	3.75080508	0.0730489275
70	-0.648903037	0.350857009	3.74991921	0.0727118286
71	-0.648902349	0.350729845	3.75363684	0.0726160563
72	-0.648882817	0.350671029	3.7523153	0.0725241667
73	-0.648891259	0.350894205	3.75368986	0.0726999452
74	-0.648898637	0.351021524	3.75437713	0.0725156216
75	-0.64887918	0.351032373	3.75592164	0.07279632
76	-0.648915649	0.351087752	3.75849822	0.0727193158
77	-0.648915717	0.351132454	3.75837459	0.0728611948
78	-0.64896268	0.351101807	3.76022178	0.0726878462
79	-0.6489679	0.351150492	3.76115139	0.0726076456
80	-0.648981229	0.35096927	3.75948731	0.07232645
81	-0.648995284	0.350894035	3.75889755	0.0722037037
82	-0.648980247	0.35085815	3.75797291	0.0720416098
83	-0.648994953	0.350773378	3.75745305	0.0719115181
84	-0.648984628	0.350695462	3.75809048	0.0719170952
85	-0.648972811	0.350611422	3.75650708	0.0719582118
86	-0.649001865	0.3505431	3.75815148	0.0719723256
87	-0.649023204	0.350574957	3.75835841	0.0721165057
88	-0.648979221	0.350583033	3.75764189	0.0720565
89	-0.648999867	0.350718301	3.7616466	0.0721596404
90	-0.64898283	0.350728835	3.76216697	0.0720659556
91	-0.648985929	0.350733063	3.76520453	0.0720261099
92	-0.648982464	0.350700622	3.76319585	0.071858
93	-0.648931228	0.350663482	3.76056179	0.0717656774
94	-0.64891306	0.350680754	3.75948223	0.0717593617
95	-0.648950573	0.350618101	3.76303197	0.0721855158
96	-0.648953013	0.350558646	3.76347077	0.0724048333
97	-0.648991628	0.350627198	3.76402671	0.0723277938
98	-0.648979677	0.350691635	3.76282411	0.0724246531
99	-0.648934438	0.350634924	3.76097697	0.0723461414
100	-0.648913478	0.350617818	3.75985132	0.07230192
101	-0.648939698	0.350517306	3.75885386	0.0723116436
102	-0.648930509	0.350409695	3.75628893	0.0721685882
103	-0.648922941	0.350319779	3.7544092	0.0721664466
104	-0.648915296	0.350258057	3.75244657	0.0718340385
105	-0.648875771	0.350082358	3.74909357	0.0717313905
106	-0.64889918	0.350019135	3.75072331	0.071842
107	-0.64889836	0.349975461	3.74839816	0.0718077383
108	-0.648924423	0.349948508	3.7495637	0.0719433704
109	-0.648947924	0.349881963	3.75054747	0.0719539817
110	-0.648899028	0.34990676	3.74916744	0.0717114182
111	-0.648861701	0.349873806	3.745867	0.0716363964
112	-0.648853316	0.349888563	3.74463115	0.0717551071
113	-0.648901843	0.349848586	3.74398023	0.0718213451
114	-0.648900574	0.349851692	3.74497036	0.072025193
115	-0.648897931	0.34983684	3.74691821	0.0719609043
116	-0.648921469	0.34987329	3.74838642	0.0720355172
117	-0.648921945	0.349807277	3.74947329	0.0720323077
118	-0.648903816	0.349859723	3.75061789	0.0721297627
119	-0.648918612	0.349792328	3.75047074	0.0718768403
120	-0.648941957	0.349806206	3.75171185	0.0720178333
121	-0.648937956	0.349810295	3.75236801	0.0718762975
122	-0.648951906	0.34981374	3.75597054	0.0720772459
123	-0.648967721	0.34974976	3.75417481	0.0719275122
124	-0.648953933	0.349788983	3.75278194	0.071816
125	-0.648946525	0.349772372	3.75419392	0.071966272
126	-0.648926895	0.349698113	3.75337548	0.0719733016
127	-0.648920707	0.349680916	3.75249914	0.0718180472
128	-0.648914032	0.349733418	3.75183279	0.0716485
129	-0.648918732	0.349691624	3.74963654	0.0717102636
130	-0.648925497	0.349635255	3.74839901	0.0716379385
131	-0.648912418	0.349686435	3.74674297	0.0716789313
132	-0.648915958	0.349663397	3.74639207	0.0717857576
133	-0.648908621	0.349646301	3.74747429	0.071891188
134	-0.648904804	0.349614188	3.74786673	0.0718282388
135	-0.64891241	0.349611067	3.7474612	0.0718782815
136	-0.648905387	0.349657413	3.74874136	0.0720046471
137	-0.648889918	0.349607224	3.74745172	0.0720608467
138	-0.648896613	0.349663243	3.74822256	0.0720886087
139	-0.648916401	0.349690021	3.7495266	0.0721480863
140	-0.648906593	0.349688526	3.74970985	0.0720696286
141	-0.648885618	0.349693347	3.75130479	0.0719432908
142	-0.648876944	0.349683709	3.75210119	0.0720640845
143	-0.648864011	0.349612495	3.75063096	0.0720452867
144	-0.648854232	0.349725713	3.75117201	0.0719726944
145	-0.648840417	0.349700214	3.75122139	0.0720263724
146	-0.648848732	0.349749053	3.7519396	0.0721078082
147	-0.648839986	0.349816692	3.75080381	0.0719611973
148	-0.648827849	0.349799829	3.74881518	0.071905973
149	-0.648841928	0.349749588	3.74764419	0.0718440537
150	-0.648853484	0.349718842	3.74849666	0.0718981867
151	-0.648847987	0.349696548	3.74799079	0.0718642649
152	-0.648844921	0.349727486	3.74844818	0.0718618421
153	-0.648816489	0.349776438	3.74731664	0.0716793725
154	-0.648817718	0.349747037	3.74706298	0.0716287532
155	-0.648821257	0.349790135	3.74766285	0.0716022194
156	-0.648827989	0.34979492	3.74823653	0.0716814872
157	-0.648836999	0.349790243	3.74687051	0.0717276433
158	-0.648852528	0.349844938	3.74606232	0.0718111899
159	-0.648852007	0.349805721	3.74506179	0.0717626164
160	-0.64883354	0.349748479	3.7454985	0.071799525
161	-0.648804896	0.34977509	3.74441854	0.0716485466
162	-0.648823099	0.34979488	3.74620729	0.0719030864
163	-0.648799529	0.349823423	3.74678041	0.0720230675
164	-0.64879848	0.34985925	3.74657092	0.072067878
165	-0.648785767	0.349932279	3.74597833	0.072044703
166	-0.648803316	0.349908257	3.74767959	0.0719899036
167	-0.648805995	0.349905026	3.74786649	0.0720961677
168	-0.648812773	0.349965982	3.74828681	0.0721624762
169	-0.648819378	0.349988734	3.74839905	0.0721902249
170	-0.648812793	0.350042099	3.74756644	0.0722702353
171	-0.64877266	0.349966865	3.7451941	0.0721464561
172	-0.648748251	0.349908305	3.7442098	0.0721613953
173	-0.648743363	0.349924143	3.74482373	0.0720930173
174	-0.648730208	0.349917258	3.74389807	0.0720552184
175	-0.648733353	0.349860956	3.74350896	0.0720459429
176	-0.64874337	0.349823258	3.74400276	0.0721344318
177	-0.648741679	0.349845223	3.74571289	0.0721822599
178	-0.648746853	0.34981623	3.74521559	0.072140382
179	-0.648749877	0.349862462	3.74685858	0.0722670168
180	-0.648745381	0.349890418	3.74747231	0.0721646
181	-0.648753238	0.349927403	3.74815837	0.0721370166
182	-0.648764717	0.349906683	3.74842313	0.0722578462
183	-0.648758274	0.34987298	3.74707736	0.0722153224
184	-0.648742077	0.349892827	3.74563184	0.0721386087
185	-0.648743674	0.34993003	3.74584007	0.072117773
186	-0.648771477	0.349927711	3.74640821	0.0721953548
187	-0.648775623	0.34997136	3.74598009	0.072229262
188	-0.64879035	0.349893772	3.74683182	0.0723983404
189	-0.648813423	0.349936581	3.74855124	0.0724362328
190	-0.648824127	0.350033018	3.74958193	0.0724800421
191	-0.648859391	0.350040584	3.7509852	0.0724816126
192	-0.648857398	0.350018854	3.75055833	0.0725511667
193	-0.64886224	0.349974971	3.75102457	0.0725441244
194	-0.648870583	0.349948672	3.75036276	0.072595134
195	-0.648886554	0.349932187	3.75072546	0.0725164103
196	-0.648904864	0.349947973	3.75111203	0.0726166531
197	-0.648905504	0.349918066	3.75094198	0.0725747005
198	-0.648899925	0.349885299	3.75106508	0.0724629293
199	-0.648893768	0.349928358	3.75089815	0.072491397
200	-0.648903898	0.34994908	3.74957526	0.07243288
