1	-0.81041824	0.45595194	11.91616	0.193312
2	-0.81232536	0.459259647	11.6532622	0.187668
3	-0.809980693	0.461069166	11.2511467	0.174768
4	-0.81211422	0.462023873	11.7043356	0.199011
5	-0.811167424	0.463988349	11.6159929	0.1986912
6	-0.81191992	0.464533946	11.7268859	0.201462667
7	-0.8128144	0.464745676	11.899106	0.21072
8	-0.81252334	0.464854325	11.9948311	0.209167
9	-0.812981351	0.462952332	11.9907674	0.210267556
10	-0.81291076	0.463089361	11.8701253	0.205658
11	-0.812999462	0.462401442	11.7970893	0.207100364
12	-0.812764993	0.463467169	11.7588319	0.205316333
13	-0.812682585	0.463985532	11.7542455	0.206313846
14	-0.812781143	0.46491253	11.7991314	0.207114286
15	-0.812711808	0.466617734	11.8361067	0.205883733
16	-0.812548605	0.465685983	11.781685	0.20395525
17	-0.812551929	0.467575555	11.7888131	0.199855294
18	-0.812827338	0.466554306	11.8175481	0.199322444
19	-0.812860594	0.466395209	11.7798395	0.199029684
20	-0.812870624	0.466042282	11.7201084	0.2009112
21	-0.812661135	0.465324263	11.6898167	0.19667581
22	-0.812548193	0.465139136	11.6633055	0.196064182
23	-0.812853169	0.465310846	11.7110864	0.197858435
24	-0.81323952	0.465133331	11.8077533	0.201626
25	-0.813170253	0.464408354	11.7889735	0.19963264
26	-0.813333871	0.463723867	11.8207631	0.201832
27	-0.813435129	0.464370873	11.8707193	0.203252741
28	-0.813459977	0.464906115	11.9064578	0.202970286
29	-0.8133788	0.464289762	11.8548883	0.201271034
30	-0.813274893	0.464924199	11.842309	0.200518
31	-0.813207775	0.464614807	11.8180809	0.198582323
32	-0.813243133	0.46546895	11.8415636	0.199344125
33	-0.813362579	0.466238786	11.868842	0.200710788
34	-0.813378426	0.465986375	11.8613477	0.201203647
35	-0.813453083	0.466758416	11.8906611	0.200859886
36	-0.813359653	0.467198616	11.8897398	0.199671556
37	-0.813255245	0.467115658	11.8633934	0.200275784
38	-0.8132816	0.466411541	11.8582559	0.199553684
39	-0.813215352	0.467074894	11.8621124	0.200377846
40	-0.813152788	0.467457719	11.8619653	0.2002394
41	-0.813237149	0.46734452	11.848028	0.199369659
42	-0.813205733	0.467893351	11.8508584	0.199372381
43	-0.813241615	0.467767736	11.8417695	0.198834233
44	-0.813263698	0.46846906	11.8675527	0.199248545
45	-0.813257701	0.46866341	11.8728709	0.197871733
46	-0.813325508	0.468442434	11.882137	0.198188435
47	-0.813358439	0.468886306	11.8805316	0.198415574
48	-0.813179245	0.468144364	11.8403635	0.19713725
49	-0.813192782	0.467641431	11.8326115	0.196275837
50	-0.8131492	0.4680927	11.8387922	0.196268
51	-0.813078864	0.468083806	11.8354702	0.196570667
52	-0.81293428	0.468124673	11.8220079	0.196152462
53	-0.81298022	0.467991594	11.8116636	0.196460075
54	-0.812955684	0.467868695	11.783213	0.196406444
55	-0.812851482	0.467512689	11.7478552	0.195439564
56	-0.812886869	0.46754605	11.7499257	0.194679143
57	-0.812847523	0.467467336	11.7539674	0.195288421
58	-0.813050378	0.467336048	11.7932589	0.196753379
59	-0.81312349	0.467075359	11.787617	0.196920271
60	-0.813119595	0.46706941	11.7893369	0.1972464
61	-0.813203873	0.467540071	11.8100839	0.198324787
62	-0.813158658	0.467664804	11.810609	0.197229677
63	-0.813135304	0.467468995	11.7955815	0.197089016
64	-0.813173933	0.467880146	11.8167358	0.197721625
65	-0.813207396	0.467896179	11.8237392	0.197366708
66	-0.813281225	0.468214509	11.8518646	0.197806727
67	-0.813301284	0.467709902	11.8356971	0.197816418
68	-0.813289374	0.468127161	11.8456047	0.197909882
69	-0.813320764	0.468720387	11.8721029	0.198861391
70	-0.813290135	0.469017564	11.8871903	0.199443886
71	-0.813398095	0.469330807	11.9208332	0.200096282
72	-0.813428983	0.469390114	11.9334774	0.200415833
73	-0.813437283	0.469764951	11.9439392	0.199929918
74	-0.813517864	0.470027632	11.9743032	0.200812108
75	-0.813536537	0.47020094	11.9834194	0.20124816
76	-0.813577787	0.470655608	11.9942856	0.201752526
77	-0.813630001	0.470095292	11.9793785	0.201744208
78	-0.813693351	0.470408072	12.0009934	0.202447026
79	-0.813702156	0.470097365	12.0085992	0.203082481
80	-0.813704055	0.470145861	12.0016523	0.20308775
81	-0.813717908	0.46990347	12.0022033	0.203184296
82	-0.813714788	0.469502864	11.9880323	0.202646732
83	-0.813686509	0.469575165	11.98097	0.201776048
84	-0.81368647	0.469728565	11.9937541	0.201961619
85	-0.813592053	0.469440734	11.9730079	0.201315576
86	-0.813570675	0.469309428	11.9756533	0.201124465
87	-0.813592397	0.469115769	11.982699	0.201435954
88	-0.813547333	0.468726889	11.9634667	0.200875727
89	-0.813571002	0.468746714	11.9626119	0.201084944
90	-0.813597983	0.468776612	11.9613052	0.2011036
91	-0.813627834	0.469029222	11.9749893	0.201391692
92	-0.813602909	0.468829878	11.9762519	0.201271522
93	-0.813587634	0.468678947	11.9697908	0.201613935
94	-0.813525611	0.468622824	11.9651939	0.201203957
95	-0.81349124	0.468355664	11.9531934	0.201037811
96	-0.813425661	0.468375489	11.9421045	0.200470542
97	-0.813448865	0.468409184	11.9511808	0.200591711
98	-0.813442101	0.468268885	11.9517224	0.20042751
99	-0.813338289	0.467779499	11.9250093	0.199823556
100	-0.813320062	0.467617207	11.9167628	0.19943912
1	-0.80910152	0.457435743	11.81032	0.174676
2	-0.811648	0.458044368	11.5896711	0.1782
3	-0.809515813	0.46010264	11.2063911	0.168590667
4	-0.8117748	0.461482865	11.6685289	0.19424
5	-0.810894656	0.464049545	11.5807716	0.1948928
6	-0.811686107	0.463879566	11.695757	0.198238667
7	-0.812623646	0.464723378	11.8740863	0.207925143
8	-0.81230372	0.464146969	11.9736222	0.206786
9	-0.812805716	0.462222874	11.9711832	0.208108
10	-0.812729896	0.462936724	11.8517111	0.2036948
11	-0.812810385	0.462164639	11.7821883	0.205282909
12	-0.812583387	0.463100901	11.7459215	0.203636
13	-0.812550142	0.463705062	11.7436814	0.204768615
14	-0.812660731	0.464606151	11.7868025	0.205665143
15	-0.812625019	0.466604083	11.824579	0.204530933
16	-0.81250264	0.465431127	11.7725778	0.202657
17	-0.812510574	0.467374073	11.7803686	0.198611059
18	-0.812798964	0.466114959	11.8090968	0.198148222
19	-0.812836817	0.465726068	11.7716332	0.197882947
20	-0.812844268	0.465498483	11.7128902	0.1998534
21	-0.812614773	0.464885293	11.6818413	0.195691048
22	-0.812496687	0.464750036	11.6549927	0.195125273
23	-0.812779468	0.465057207	11.7043011	0.196956
24	-0.813173897	0.464697085	11.8024974	0.200794833
25	-0.813114502	0.463975186	11.7847211	0.19886112
26	-0.813267092	0.463213574	11.8156564	0.201077692
27	-0.813387283	0.463845405	11.8658831	0.202534519
28	-0.8134369	0.464313768	11.9024702	0.202302143
29	-0.813380337	0.46365579	11.850571	0.200644414
30	-0.813259789	0.464244393	11.8380916	0.199909467
31	-0.813182663	0.463710679	11.8139527	0.197997677
32	-0.813213053	0.464621868	11.8374425	0.198777625
33	-0.81334543	0.465365175	11.8653425	0.200168485
34	-0.813350649	0.465110401	11.8583822	0.200673647
35	-0.813455586	0.465825389	11.8879261	0.200367886
36	-0.813358038	0.466340281	11.8868926	0.199190778
37	-0.81324805	0.466428931	11.860042	0.199818703
38	-0.813276528	0.465703173	11.8547478	0.199100105
39	-0.81321288	0.46635652	11.8580684	0.199946564
40	-0.813133044	0.466783359	11.8580884	0.1998222
41	-0.81321698	0.466666576	11.844748	0.198966049
42	-0.813183606	0.467200593	11.8470919	0.198980286
43	-0.813221948	0.467167654	11.8383469	0.198455535
44	-0.813263478	0.467914409	11.8640745	0.198883
45	-0.813266155	0.468062194	11.869779	0.197529956
46	-0.813339689	0.467839505	11.8790924	0.197862696
47	-0.813374856	0.468316704	11.8773314	0.198113021
48	-0.81319098	0.467651284	11.8371689	0.196849
49	-0.813202996	0.467347593	11.8299902	0.19601102
50	-0.813160606	0.467662604	11.8357499	0.19601432
51	-0.813093144	0.467798568	11.8324742	0.196319922
52	-0.812953108	0.467966458	11.8190356	0.195893846
53	-0.81300227	0.467910934	11.8088855	0.196211623
54	-0.812963665	0.4677018	11.7803855	0.196168444
55	-0.812850278	0.467500778	11.7450667	0.195197527
56	-0.812881061	0.46766902	11.7470348	0.194438786
57	-0.812841486	0.467649733	11.7514494	0.195056772
58	-0.813041623	0.467455774	11.7910009	0.196515655
59	-0.81312787	0.46700273	11.7853984	0.196685017
60	-0.813124391	0.466994544	11.7868573	0.197012867
61	-0.813208852	0.467417463	11.8077054	0.198088525
62	-0.813172857	0.467440107	11.8084803	0.196991226
63	-0.813139101	0.467329378	11.7934538	0.196840762
64	-0.813175638	0.467714894	11.8153331	0.197488125
65	-0.813215134	0.467757014	11.8224963	0.197138215
66	-0.813287808	0.468076589	11.8510139	0.197584364
67	-0.813311712	0.467547931	11.8351452	0.197609493
68	-0.813301047	0.467917647	11.8453093	0.197705294
69	-0.813329381	0.46849632	11.8721478	0.198654551
70	-0.813302363	0.468797342	11.8873328	0.199238171
71	-0.813410475	0.469208069	11.920691	0.199898423
72	-0.813433274	0.469260751	11.93311	0.200219278
73	-0.813439962	0.469672505	11.9432177	0.199740548
74	-0.813523357	0.469918651	11.9732989	0.200611081
75	-0.813540475	0.470146392	11.9824629	0.2010504
76	-0.813584986	0.470669257	11.9938315	0.201559842
77	-0.813627338	0.470174819	11.9790267	0.201553922
78	-0.813693875	0.470427882	12.0006215	0.202262974
79	-0.813701411	0.470155447	12.0081327	0.202908506
80	-0.813701635	0.470143812	12.0011263	0.20291675
81	-0.813715037	0.469937666	12.0017364	0.203011111
82	-0.813710461	0.469502566	11.9880153	0.202479171
83	-0.813683731	0.46964419	11.9810209	0.20161788
84	-0.813676709	0.469794848	11.9935693	0.201797333
85	-0.813568236	0.469605255	11.9729003	0.201155341
86	-0.813552661	0.46951045	11.9753097	0.200963302
87	-0.813572632	0.469338881	11.9822622	0.201275264
88	-0.813531987	0.468924976	11.9631919	0.200717545
89	-0.813560452	0.468875814	11.9623615	0.200930472
90	-0.813593949	0.468951266	11.9612436	0.200955244
91	-0.813624922	0.469245702	11.9755138	0.201259297
92	-0.813600613	0.469079022	11.9765334	0.201135
93	-0.813582779	0.468936048	11.9698717	0.201474452
94	-0.813519534	0.468909833	11.9652796	0.201066043
95	-0.813484877	0.468667174	11.9529319	0.200896505
96	-0.813415739	0.468725862	11.9417032	0.200332792
97	-0.813446738	0.468780865	11.9512433	0.200460619
98	-0.813434993	0.468669471	11.9521872	0.200296571
99	-0.813326271	0.468236313	11.9255373	0.199695354
100	-0.81330683	0.468101396	11.9173764	0.19930948
101	-0.813348782	0.468344521	11.93068	0.199771762
102	-0.813308326	0.468447005	11.9289124	0.199745725
103	-0.813301792	0.468646305	11.9385461	0.200429398
104	-0.813282088	0.468384541	11.9297947	0.199815923
105	-0.813254585	0.46831639	11.922045	0.1994264
106	-0.813217565	0.468166558	11.9166478	0.199508415
107	-0.813224603	0.468089775	11.9130914	0.199570318
108	-0.813244657	0.46798807	11.9223249	0.199943963
109	-0.813212637	0.467827356	11.9197162	0.199864881
110	-0.813197159	0.467915512	11.9120288	0.199785236
111	-0.813216961	0.468384423	11.9286261	0.200552577
112	-0.813258026	0.468441213	11.9436734	0.200926321
113	-0.813274731	0.468378988	11.9471883	0.20056485
114	-0.813267204	0.468194617	11.9366935	0.200405825
115	-0.8133137	0.468308131	11.945576	0.200725009
116	-0.813378692	0.468081215	11.9577449	0.200958724
117	-0.813337506	0.467947019	11.9498209	0.200762462
118	-0.81333051	0.467905792	11.9463735	0.200518712
119	-0.813352662	0.467751259	11.9508321	0.200856639
120	-0.81335559	0.46778285	11.954345	0.200496167
121	-0.813383289	0.467857901	11.9608205	0.200658678
122	-0.81332265	0.467777459	11.9507326	0.200289869
123	-0.813344321	0.468118825	11.9529585	0.200529854
124	-0.813335272	0.468274003	11.9491147	0.200637806
125	-0.81329506	0.46799035	11.9432484	0.199994624
126	-0.813277121	0.467899787	11.9420562	0.199475079
127	-0.813244645	0.467688488	11.9288623	0.198893669
128	-0.813159216	0.467574439	11.9128833	0.198592031
129	-0.81315005	0.467547584	11.9086758	0.198389333
130	-0.813070494	0.467642523	11.8945962	0.1980816
131	-0.813051546	0.467706149	11.8922047	0.198046015
132	-0.813018217	0.467809303	11.888302	0.19802297
133	-0.812994864	0.46790426	11.8862979	0.19838382
134	-0.813006371	0.467984773	11.8896738	0.198267791
135	-0.813023659	0.468040268	11.8898594	0.198338489
136	-0.813037345	0.468328981	11.9001444	0.198690765
137	-0.812969492	0.468348392	11.8859336	0.198337372
138	-0.812945629	0.468497392	11.8774415	0.198377101
139	-0.812951732	0.468312871	11.868327	0.198326187
140	-0.812981817	0.468448104	11.873404	0.1985194
141	-0.812941059	0.468435503	11.8652542	0.198060057
142	-0.812957921	0.468534811	11.8689931	0.198169296
143	-0.81295792	0.468544006	11.8692747	0.198379916
144	-0.812961839	0.468523011	11.867425	0.198297528
145	-0.812919167	0.468448617	11.856847	0.197939034
146	-0.812914061	0.468572751	11.8579138	0.197557863
147	-0.812906104	0.468737939	11.8626398	0.197604517
148	-0.812912138	0.46858553	11.8696332	0.197858243
149	-0.812875664	0.468568011	11.8633802	0.197283866
150	-0.812876578	0.468559052	11.8624793	0.197250213
151	-0.812878906	0.468587196	11.8632176	0.196755894
152	-0.812851098	0.468656225	11.8601036	0.196902263
153	-0.812854022	0.468555335	11.8544477	0.196897176
154	-0.812834498	0.468229421	11.8411769	0.196467766
155	-0.812836842	0.468169693	11.8388105	0.196291148
156	-0.812826273	0.468151028	11.8327074	0.196044436
157	-0.812826898	0.468161843	11.8271723	0.195971669
158	-0.812812432	0.46817135	11.8255281	0.196049468
159	-0.812782661	0.468025796	11.8182603	0.196209761
160	-0.812782775	0.467908204	11.8197144	0.19633375
161	-0.812778106	0.468057623	11.8257551	0.196545068
162	-0.81274439	0.468012455	11.8190905	0.196157778
163	-0.812762809	0.468020385	11.8219057	0.19639811
164	-0.812737131	0.467873105	11.81635	0.19637361
165	-0.812725192	0.468042898	11.8228743	0.196531127
166	-0.8127556	0.468062521	11.8350482	0.196799253
167	-0.812728222	0.467939443	11.8322736	0.196468599
168	-0.812714354	0.468063779	11.8311456	0.196624857
169	-0.812716314	0.468069684	11.8301099	0.196530485
170	-0.812680528	0.46811382	11.8229406	0.196071129
171	-0.812656196	0.468034332	11.8226421	0.196098667
172	-0.812653684	0.468198399	11.8322879	0.196323721
173	-0.812607651	0.468173673	11.8266118	0.195934012
174	-0.812612721	0.468177958	11.8300227	0.196072851
175	-0.81261069	0.468001937	11.8256386	0.195880777
176	-0.812609772	0.467935082	11.8210478	0.195781795
177	-0.812636244	0.467941385	11.8280094	0.196078847
178	-0.812616507	0.468018919	11.827373	0.195953416
179	-0.812579872	0.468018805	11.822798	0.195777966
180	-0.812576472	0.468116332	11.8215339	0.195881356
181	-0.8126124	0.468068464	11.8260803	0.196184663
182	-0.812618382	0.467972585	11.8226577	0.196272967
183	-0.812598471	0.468045249	11.8241367	0.196255803
184	-0.812601557	0.468147405	11.8310693	0.19628
185	-0.812595668	0.468090831	11.8294493	0.196293686
186	-0.812620821	0.468126663	11.828077	0.196428151
187	-0.812665309	0.468213796	11.8351013	0.196747786
188	-0.812664748	0.468201411	11.8354892	0.19657783
189	-0.812664944	0.468163506	11.8355292	0.196735026
190	-0.812680298	0.468031498	11.8307413	0.196583326
191	-0.812694357	0.468060726	11.8352138	0.196474932
192	-0.812690932	0.468088345	11.8384551	0.196421583
193	-0.812674628	0.467864971	11.8323007	0.196282674
194	-0.812676022	0.467801233	11.8290307	0.196384598
195	-0.812668382	0.467660984	11.8246149	0.196379118
196	-0.812672136	0.467738513	11.8296808	0.196253714
197	-0.812674071	0.467758859	11.8270435	0.195965503
198	-0.812658747	0.467730635	11.8238604	0.195840404
199	-0.812641534	0.46773138	11.8200912	0.195881709
200	-0.812653591	0.467677856	11.8239636	0.19578956
