1	-0.46262816	0.198383844	1.32052	0.023008
2	-0.463172	0.195079931	1.360188	0.0244
3	-0.463071813	0.196064613	1.35792667	0.0247906667
4	-0.46322148	0.19651518	1.361604	0.024174
5	-0.462551712	0.196932645	1.355032	0.0230256
6	-0.462722253	0.196656368	1.35397533	0.0233126667
7	-0.462795566	0.197281448	1.35747886	0.0250925714
8	-0.46278258	0.197082749	1.363157	0.024429
9	-0.46289352	0.1977461	1.36620933	0.0249426667
10	-0.462904904	0.197461398	1.3637372	0.0243252
11	-0.462894335	0.197829813	1.35970873	0.0251894545
12	-0.46280486	0.197765149	1.36113433	0.024043
13	-0.462863415	0.197730223	1.36067169	0.0244323077
14	-0.462796823	0.198025577	1.36328	0.0244697143
15	-0.462956624	0.197984174	1.36378693	0.0251912
16	-0.46294706	0.197911008	1.3650925	0.025403
17	-0.462950348	0.197889231	1.36515412	0.0255409412
18	-0.462898604	0.197799565	1.36593422	0.025708
19	-0.463020493	0.197715314	1.36478084	0.0258035789
20	-0.462955012	0.197725201	1.3660106	0.0259706
21	-0.462851219	0.197934536	1.364228	0.0257609524
22	-0.462829295	0.197807259	1.36579564	0.0256465455
23	-0.462892522	0.197660976	1.36340974	0.025426087
24	-0.462882267	0.197687286	1.36339233	0.02573
25	-0.462874874	0.197423111	1.36403232	0.02575968
26	-0.462933114	0.19742691	1.36442585	0.0260403077
27	-0.462987467	0.197335832	1.36683022	0.0259659259
28	-0.46300286	0.197385988	1.367955	0.0261572857
29	-0.462933451	0.197137355	1.36533986	0.0259277241
30	-0.46289168	0.197260538	1.36595787	0.0257573333
31	-0.462789185	0.197269961	1.36557484	0.0254205161
32	-0.462810317	0.197006757	1.36493063	0.025203375
33	-0.46274455	0.197040674	1.36438194	0.0253729697
34	-0.462661678	0.197123927	1.36452506	0.0250956471
35	-0.462626459	0.197176786	1.36443474	0.0251744
36	-0.462661744	0.197238688	1.36340878	0.0250205556
37	-0.462635408	0.197207936	1.36456238	0.0247757838
38	-0.462672634	0.197145883	1.36607632	0.0248948421
39	-0.462721799	0.197231526	1.36627272	0.0252899487
40	-0.462708752	0.197088644	1.364988	0.0257076
41	-0.462617315	0.197069269	1.36399024	0.0258120976
42	-0.462602931	0.197070103	1.36413971	0.0256894286
43	-0.462592876	0.197113523	1.36480902	0.0256624186
44	-0.462592015	0.197197092	1.36523345	0.025628
45	-0.462650924	0.197231075	1.36440933	0.0256928889
46	-0.462670816	0.197290819	1.36519296	0.0258103478
47	-0.462635202	0.197349659	1.36598477	0.0257345532
48	-0.462667075	0.197418784	1.36472925	0.0257370833
49	-0.462667414	0.197429388	1.36467045	0.025713551
50	-0.462667741	0.197430969	1.36484976	0.02579504
51	-0.46264674	0.197465712	1.36479835	0.0256468235
52	-0.462651975	0.197503532	1.364746	0.0258449231
53	-0.462619303	0.197505486	1.36504045	0.0256821132
54	-0.462661702	0.197443306	1.3648057	0.0256184444
55	-0.462697184	0.197419753	1.36562327	0.0256882909
56	-0.462675443	0.197440832	1.36598029	0.0255792857
57	-0.462631667	0.197375055	1.36547221	0.0257377544
58	-0.462614377	0.197419418	1.36625648	0.0257602069
59	-0.462635437	0.197431458	1.36686	0.0257176271
60	-0.462671955	0.19739528	1.36726187	0.0258110667
61	-0.462691302	0.197434495	1.36612603	0.0256405246
62	-0.462687177	0.197450298	1.366472	0.0256491613
63	-0.462670772	0.197499924	1.36666419	0.0257036825
64	-0.462689325	0.197436082	1.36616275	0.02567875
65	-0.462721047	0.197389969	1.36575514	0.0256585231
66	-0.462695088	0.197356422	1.36565236	0.0257604848
67	-0.462710903	0.19731513	1.36593988	0.0257600597
68	-0.462729902	0.19738737	1.36663394	0.0258068824
69	-0.462733517	0.197403603	1.36638957	0.0257656812
70	-0.462715362	0.197489296	1.36743246	0.0258709714
71	-0.46270579	0.19749696	1.3676182	0.0258134648
72	-0.462704483	0.197509573	1.36762383	0.0258852778
73	-0.462677123	0.197465819	1.36763337	0.0259054795
74	-0.462694457	0.197391341	1.36765876	0.0259336757
75	-0.462697823	0.197387471	1.36723995	0.0258618133
76	-0.462736576	0.197389351	1.36843805	0.0260551053
77	-0.462755438	0.197366738	1.36864462	0.0260628052
78	-0.462752084	0.197404372	1.36870667	0.0261734359
79	-0.462746162	0.19740794	1.3683401	0.0261081013
80	-0.462753445	0.197436732	1.36859335	0.02603725
81	-0.46272973	0.197386391	1.36884602	0.0260717037
82	-0.462749462	0.197357937	1.36853302	0.0262975122
83	-0.462737014	0.197332104	1.36831769	0.0262482892
84	-0.462758838	0.197305016	1.36887114	0.0263228571
85	-0.462768662	0.197294522	1.36904908	0.0263860235
86	-0.462791147	0.197297067	1.37006256	0.0265015349
87	-0.462748112	0.197329463	1.36991071	0.0265182529
88	-0.462740375	0.197343783	1.37072564	0.0265914545
89	-0.462748144	0.197363144	1.37065213	0.0265352809
90	-0.462737838	0.19738543	1.37151093	0.0265719111
91	-0.462776119	0.197329602	1.37207099	0.0266037363
92	-0.46277357	0.19728392	1.37198622	0.0265436957
93	-0.462768594	0.197306191	1.3722612	0.026692086
94	-0.462746643	0.197344126	1.37199583	0.0266172766
95	-0.462754967	0.197385651	1.37210691	0.0266957053
96	-0.462754713	0.19736834	1.37267025	0.0267731667
97	-0.462782283	0.197432195	1.3726626	0.0268749691
98	-0.462766809	0.197395639	1.37279416	0.0269322857
99	-0.462788073	0.197440531	1.37328525	0.0269915152
100	-0.462788492	0.197453748	1.3732514	0.0269486
1	-0.46167264	0.196469609	1.314104	0.021632
2	-0.46381256	0.193590455	1.353956	0.023628
3	-0.464202773	0.194740987	1.35419467	0.0244053333
4	-0.4643497	0.195269963	1.362383	0.024085
5	-0.463489264	0.196099467	1.3593384	0.0228632
6	-0.46340844	0.195747476	1.35767	0.023022
7	-0.46343736	0.196468256	1.36114229	0.024668
8	-0.46329132	0.196495209	1.367424	0.023866
9	-0.46341224	0.197027336	1.37148311	0.0243897778
10	-0.463249704	0.197060756	1.3697004	0.0238052
11	-0.463359265	0.196867492	1.36523891	0.0247269091
12	-0.463231873	0.196734702	1.36652567	0.0236603333
13	-0.46319848	0.196910251	1.36558062	0.0240778462
14	-0.463047109	0.197087141	1.36807886	0.0240982857
15	-0.463165184	0.197461303	1.367808	0.0246858667
16	-0.463280075	0.197491484	1.36985825	0.02495375
17	-0.46329208	0.197447389	1.36951976	0.0251451765
18	-0.463324902	0.197253026	1.37041933	0.0253562222
19	-0.463299916	0.197233174	1.36862568	0.0254168421
20	-0.463185656	0.197491231	1.3694284	0.0256228
21	-0.463082823	0.197560536	1.36755295	0.025436381
22	-0.463000298	0.19751279	1.36869964	0.0253421818
23	-0.46305833	0.197597802	1.36660452	0.0251252174
24	-0.463049923	0.197345965	1.36672417	0.0253795
25	-0.462961875	0.197144279	1.36675776	0.02538976
26	-0.462962409	0.197231016	1.36725338	0.0257204615
27	-0.463036507	0.197188634	1.36970237	0.0256327407
28	-0.463022603	0.197374878	1.37037557	0.0257872857
29	-0.462983655	0.197323646	1.36833724	0.0255689655
30	-0.462906904	0.197415336	1.3685788	0.0253852
31	-0.462789453	0.1974086	1.36837665	0.0250726452
32	-0.46276872	0.197333918	1.3678195	0.0248485
33	-0.462691869	0.197413999	1.36748339	0.0250661818
34	-0.462646144	0.197556526	1.36785518	0.0248012941
35	-0.462609088	0.197640901	1.3674656	0.0248886857
36	-0.462651511	0.197652516	1.36585044	0.0247866667
37	-0.462632078	0.197710452	1.36665903	0.0245228108
38	-0.462706175	0.197753385	1.36803884	0.0246561053
39	-0.462839001	0.19779729	1.36902985	0.0251090256
40	-0.462816664	0.197660155	1.367704	0.0255332
41	-0.462719056	0.197580773	1.36704624	0.0256503415
42	-0.462684971	0.197571809	1.367008	0.0255342857
43	-0.462694664	0.197547138	1.36772484	0.025523907
44	-0.462693935	0.197548837	1.36780364	0.0254694545
45	-0.462784951	0.197585881	1.36701289	0.0255497778
46	-0.462782577	0.197690764	1.36781148	0.0256245217
47	-0.462756376	0.197646966	1.36857591	0.0255549787
48	-0.462787745	0.197761126	1.36746175	0.0255539167
49	-0.462798358	0.19781047	1.36721371	0.0255178776
50	-0.46281197	0.197775721	1.36704728	0.02561448
51	-0.462787291	0.197839867	1.36706243	0.0254900392
52	-0.46279098	0.197831493	1.36674915	0.0256874615
53	-0.462729057	0.197799223	1.36692332	0.025554717
54	-0.462752105	0.197794974	1.36664126	0.0255163704
55	-0.462772726	0.197785212	1.36742582	0.0255817455
56	-0.462759801	0.197740819	1.36770821	0.0254686429
57	-0.462717329	0.197746663	1.36712582	0.0256208421
58	-0.462725963	0.19784249	1.36790228	0.0256429655
59	-0.462780228	0.197835296	1.3685802	0.0255944407
60	-0.462794401	0.197873865	1.3691342	0.0256800667
61	-0.462825919	0.197918731	1.36803613	0.0255188852
62	-0.462826492	0.197900942	1.3681989	0.0255374839
63	-0.462812926	0.197945759	1.36855371	0.0255923175
64	-0.462817867	0.197878524	1.367902	0.025574625
65	-0.462845879	0.19781466	1.36747465	0.0255308923
66	-0.462812258	0.197796622	1.36739158	0.0256250303
67	-0.462826954	0.197760986	1.36760155	0.0256282985
68	-0.462848171	0.197854137	1.36824665	0.025685
69	-0.462857418	0.197829575	1.36834661	0.0256303188
70	-0.462817174	0.197899787	1.36930074	0.0257329714
71	-0.462794918	0.197898529	1.36939944	0.0256839437
72	-0.462788927	0.197922481	1.36953311	0.0257574444
73	-0.462750101	0.197907357	1.36961868	0.0257844932
74	-0.462768717	0.197793368	1.3694553	0.0258196216
75	-0.4627853	0.197749315	1.36901712	0.02575568
76	-0.462822064	0.197748439	1.37009511	0.0259453158
77	-0.462833483	0.197770964	1.37016629	0.0259494545
78	-0.462818972	0.197805674	1.37005395	0.0260716923
79	-0.462809111	0.197830707	1.36964461	0.0259998481
80	-0.46280561	0.197803288	1.3696785	0.0259255
81	-0.462790793	0.197809342	1.37013768	0.0259445926
82	-0.462821055	0.197790197	1.36990054	0.0261893171
83	-0.462813333	0.197755618	1.3698306	0.026150988
84	-0.462830263	0.197705195	1.3704441	0.0262321905
85	-0.462830061	0.197690649	1.37050786	0.0262983529
86	-0.462859231	0.197676012	1.37138479	0.0264080465
87	-0.462807037	0.197685992	1.3711389	0.0264254253
88	-0.462795192	0.197663344	1.37183805	0.0265005
89	-0.462798665	0.197632852	1.37193479	0.0264501124
90	-0.462794219	0.197662254	1.37268933	0.0264976
91	-0.462828869	0.197644501	1.37319363	0.0265335824
92	-0.462826577	0.197628092	1.37312548	0.0264636522
93	-0.462816414	0.19764771	1.37334645	0.0266056344
94	-0.46279334	0.197682294	1.37290289	0.0265308085
95	-0.462809457	0.197706164	1.37305549	0.0266033684
96	-0.462811412	0.197729525	1.37339521	0.026683125
97	-0.462835789	0.197757522	1.37333394	0.026779134
98	-0.462817562	0.197769245	1.37349971	0.0268413469
99	-0.462847541	0.197791108	1.37403257	0.0269063434
100	-0.462852989	0.197797993	1.3740272	0.02685744
101	-0.462863318	0.197811848	1.3737682	0.0268965941
102	-0.462860946	0.197837931	1.37393067	0.0268316078
103	-0.46284307	0.197801587	1.37401503	0.0268214757
104	-0.462832794	0.197737735	1.37382746	0.0267435385
105	-0.462803106	0.197755057	1.37387851	0.0267724571
106	-0.462826368	0.19776939	1.37436411	0.0266353585
107	-0.462827135	0.197728656	1.37404632	0.026631514
108	-0.462808394	0.197701181	1.37351237	0.0265419259
109	-0.462807379	0.197709771	1.3737095	0.0265451009
110	-0.462814452	0.197696638	1.37341451	0.0266025818
111	-0.462815824	0.197724598	1.37397859	0.0265858018
112	-0.46280946	0.197721175	1.37439879	0.0267408571
113	-0.462827959	0.197697229	1.37416538	0.0266864425
114	-0.462870972	0.197647952	1.37458516	0.0266749123
115	-0.46286354	0.197676202	1.3750568	0.0266587478
116	-0.462879346	0.19768447	1.37550603	0.0267914138
117	-0.462893925	0.197648361	1.37593771	0.026809094
118	-0.462885731	0.197687192	1.37572064	0.0267611186
119	-0.462899453	0.197661631	1.37577432	0.0266566723
120	-0.462868749	0.197670534	1.37571343	0.0266374333
121	-0.462894194	0.197677478	1.37582433	0.0267063802
122	-0.462874528	0.197720849	1.37567223	0.0267427869
123	-0.462890565	0.197722065	1.37610055	0.0267266341
124	-0.46291545	0.197710482	1.37648432	0.0267273548
125	-0.462955833	0.19769185	1.37665091	0.026706848
126	-0.462934655	0.197718358	1.3766119	0.0267866984
127	-0.462952467	0.197687595	1.37654872	0.0267792756
128	-0.462964579	0.197667718	1.37641728	0.0267195937
129	-0.462976993	0.197639526	1.37645926	0.0267070078
130	-0.462969676	0.197623629	1.3759464	0.0267361231
131	-0.462975799	0.197658586	1.37590721	0.0266861374
132	-0.462957797	0.197645472	1.37543524	0.0266716667
133	-0.462954763	0.197658001	1.37537756	0.0266524511
134	-0.462950229	0.197660908	1.37521388	0.0266726269
135	-0.462955126	0.197638893	1.37531529	0.0266274074
136	-0.462965728	0.197655251	1.37531262	0.0266010882
137	-0.462975352	0.197653771	1.37515413	0.0265340438
138	-0.462961173	0.197625887	1.37517751	0.026534029
139	-0.462962789	0.197619101	1.37473917	0.0266516835
140	-0.462956234	0.197600487	1.37435574	0.0266259714
141	-0.46296811	0.197548218	1.37415628	0.0265898723
142	-0.462941852	0.197559032	1.37386287	0.026571493
143	-0.462945462	0.197552869	1.37342761	0.0265206434
144	-0.462950196	0.19754703	1.37352978	0.0264847778
145	-0.462944531	0.19757695	1.3733763	0.0265313931
146	-0.462943564	0.197539705	1.37332874	0.0264905479
147	-0.462917602	0.197508968	1.37325317	0.0264950748
148	-0.462905745	0.197516221	1.37320727	0.0265251081
149	-0.462918395	0.19751613	1.37344432	0.0265694228
150	-0.462914014	0.197524328	1.37345896	0.0265460533
151	-0.462916394	0.197521589	1.3735089	0.0264713377
152	-0.462918307	0.197525601	1.37334205	0.0264837895
153	-0.462903494	0.197517782	1.37347278	0.0264688105
154	-0.462916729	0.197497445	1.37367652	0.0264130909
155	-0.462910602	0.197528626	1.37324552	0.0264307613
156	-0.462893261	0.197540618	1.37302638	0.0264451026
157	-0.462909084	0.197545791	1.37264775	0.0264707771
158	-0.462908535	0.197552395	1.37266081	0.0264469873
159	-0.46291434	0.19755025	1.3723038	0.0264389937
160	-0.462903538	0.197541332	1.37206583	0.026444425
161	-0.462904177	0.197480443	1.37233235	0.0264361988
162	-0.462897218	0.19747421	1.37221459	0.0263720247
163	-0.462895171	0.197468296	1.37245401	0.0263732761
164	-0.462881779	0.197470873	1.37208341	0.0263596585
165	-0.462870551	0.197449823	1.37181741	0.026361503
166	-0.462865806	0.197408928	1.37159405	0.0263408916
167	-0.462878283	0.197409505	1.37184843	0.0263285269
168	-0.462878153	0.197421083	1.37202721	0.0263838333
169	-0.462893717	0.197422978	1.37265505	0.0263923787
170	-0.462889645	0.197424101	1.37281522	0.026454
171	-0.462892436	0.197419222	1.37321591	0.0264954854
172	-0.462895557	0.197433377	1.37344065	0.0265476279
173	-0.462904644	0.197437525	1.37332326	0.0265223815
174	-0.462908443	0.197423755	1.37307101	0.0264681149
175	-0.462909779	0.197429464	1.37322128	0.0264855086
176	-0.462895405	0.197413016	1.37298364	0.026443
177	-0.462901763	0.19745337	1.37300906	0.0264779887
178	-0.462896356	0.197502216	1.37303939	0.0264514831
179	-0.462890557	0.197513188	1.37302637	0.0264518883
180	-0.462893867	0.197500613	1.37284229	0.0264466889
181	-0.46289918	0.197501068	1.37291021	0.0264971271
182	-0.462900829	0.197469486	1.37292451	0.0265315824
183	-0.462895468	0.197440465	1.37293196	0.0265482623
184	-0.462889322	0.19742994	1.37294328	0.026509587
185	-0.462889092	0.197439568	1.37291509	0.026592973
186	-0.462899276	0.197410009	1.37332508	0.0266089462
187	-0.462907608	0.197385207	1.3731221	0.026612492
188	-0.462929688	0.197400942	1.37335389	0.0266120638
189	-0.462911596	0.197399721	1.37329086	0.0266379894
190	-0.462917737	0.197427413	1.37315781	0.0266510737
191	-0.462941362	0.197413554	1.37325925	0.026678555
192	-0.462935983	0.197421632	1.37320217	0.0266825
193	-0.462937043	0.197438019	1.37323225	0.0267423005
194	-0.462950265	0.197430869	1.37313388	0.026766866
195	-0.462953355	0.197425922	1.37297586	0.0268103179
196	-0.462961411	0.197457076	1.37336002	0.0268113673
197	-0.462951838	0.197453259	1.37349287	0.0268345584
198	-0.462943939	0.197430761	1.37369871	0.0269080404
199	-0.462945127	0.197432696	1.37343614	0.0268865126
200	-0.462947817	0.197419528	1.37342036	0.02690084
