1	-0.93268	0.405491333	41.3656
2	-0.9347	0.375954111	41.3582667
3	-0.935130667	0.398707182	42.8511644
4	-0.935746	0.415773496	43.50869
5	-0.934072	0.41747198	42.617784
6	-0.934701333	0.41766019	42.8217156
7	-0.934676571	0.424130504	43.3102248
8	-0.934548	0.422724818	43.1572133
9	-0.934170667	0.420453432	42.9055215
10	-0.9343128	0.418702666	43.0668533
11	-0.934642909	0.42424198	43.4860982
12	-0.9356	0.419372366	44.3330722
13	-0.936117538	0.419167872	44.6827097
14	-0.936072	0.420050024	44.7114162
15	-0.936125333	0.420907204	44.8147138
16	-0.936621	0.418771588	45.1598133
17	-0.936994824	0.420089137	45.5153984
18	-0.936313778	0.418533338	44.970317
19	-0.935966737	0.418434519	44.6400744
20	-0.9358704	0.418539449	44.5761933
21	-0.935989333	0.421173394	44.72456
22	-0.935809455	0.4212849	44.6607406
23	-0.936289043	0.419808349	44.9989368
24	-0.936528	0.419038924	45.1706489
25	-0.93620576	0.419617285	44.8740299
26	-0.935942154	0.419971642	44.6895759
27	-0.93630637	0.418592845	44.9886104
28	-0.936271143	0.418570966	44.9569671
29	-0.935947862	0.417531187	44.6685646
30	-0.935999733	0.418633527	44.8076564
31	-0.935912	0.41883084	44.7283049
32	-0.935958	0.419550174	44.80417
33	-0.935700364	0.420959462	44.6222941
34	-0.935582588	0.421718839	44.6086859
35	-0.935446171	0.422780789	44.5264503
36	-0.935465111	0.423337062	44.5688652
37	-0.935507027	0.42334678	44.6362883
38	-0.935667158	0.423206169	44.7375579
39	-0.935742974	0.423632316	44.7715504
40	-0.9355506	0.422274389	44.621545
41	-0.93576039	0.422168106	44.7420468
42	-0.935882286	0.422632442	44.8443476
43	-0.936067163	0.422241623	44.9453302
44	-0.936064182	0.422267835	44.9180979
45	-0.936092978	0.42275099	44.9489647
46	-0.936138261	0.423090802	45.0047667
47	-0.936082723	0.423407172	44.9786715
48	-0.936003833	0.423191306	44.8891878
49	-0.93589502	0.423146212	44.7820288
50	-0.93579088	0.423503751	44.7390861
51	-0.935875137	0.423245922	44.7999375
52	-0.935811538	0.423503494	44.7937018
53	-0.935865208	0.424066619	44.826639
54	-0.935944889	0.424294942	44.9183052
55	-0.936132509	0.423961807	45.0523835
56	-0.936138429	0.42384259	45.0718771
57	-0.936298246	0.423343155	45.1773965
58	-0.936181931	0.422820283	45.0582421
59	-0.936152136	0.422782906	45.0329134
60	-0.9361548	0.422073188	45.0255213
61	-0.936192	0.421723892	45.0403539
62	-0.936245419	0.421590877	45.094954
63	-0.93632546	0.420978546	45.1242472
64	-0.93628425	0.421212211	45.1206715
65	-0.936495138	0.420964502	45.2814318
66	-0.936466909	0.421975445	45.3131612
67	-0.936523224	0.42187818	45.3375085
68	-0.936370588	0.421719864	45.2286141
69	-0.936341681	0.42196686	45.2193979
70	-0.936347657	0.422249996	45.2279621
71	-0.936252056	0.422174735	45.1589647
72	-0.936280111	0.421640005	45.1748454
73	-0.936368986	0.421971912	45.2450997
74	-0.936342378	0.421687006	45.2308177
75	-0.936322987	0.421519526	45.1946338
76	-0.936261368	0.421352512	45.1524911
77	-0.936391169	0.421099273	45.2675439
78	-0.936258667	0.421689961	45.2112513
79	-0.936327899	0.421697075	45.2657472
80	-0.9363066	0.422163463	45.2601865
81	-0.936353877	0.421810247	45.2791954
82	-0.936482244	0.42132209	45.3799532
83	-0.93645253	0.421567526	45.3592442
84	-0.93641619	0.421785307	45.3252516
85	-0.936393224	0.420973834	45.2884855
86	-0.936400186	0.420550998	45.2833445
87	-0.936467218	0.420397248	45.3375657
88	-0.936649091	0.420233595	45.4889768
89	-0.93664818	0.420104224	45.4714959
90	-0.936614933	0.420155032	45.4331683
91	-0.936632264	0.420246996	45.4719219
92	-0.936560087	0.421036582	45.4651887
93	-0.936590882	0.420703793	45.4881174
94	-0.936635319	0.420336096	45.4974684
95	-0.936614737	0.420655625	45.4909795
96	-0.936652333	0.421013538	45.5311324
97	-0.936605031	0.420597677	45.495142
98	-0.936717633	0.421074387	45.6141989
99	-0.936607515	0.421046608	45.5278529
100	-0.93656496	0.421285569	45.4960283
1	-0.935656	0.403912453	44.0941867
2	-0.936052	0.376235622	42.7053933
3	-0.93604	0.398355588	43.7521867
4	-0.936416	0.415746138	44.18963
5	-0.934616	0.417522548	43.155584
6	-0.935128	0.418219129	43.2646822
7	-0.935043429	0.424795458	43.6899848
8	-0.934886	0.423341882	43.4940867
9	-0.934472	0.421186834	43.2052193
10	-0.9345816	0.419453114	43.33754
11	-0.934890182	0.424780399	43.7335806
12	-0.935853333	0.419567487	44.5600556
13	-0.936364308	0.419233343	44.8931077
14	-0.936298857	0.42033651	44.9067314
15	-0.936333333	0.421340207	44.9977191
16	-0.936804	0.419190728	45.3319925
17	-0.937167059	0.420441791	45.6811294
18	-0.936483111	0.418862458	45.1292081
19	-0.936133053	0.418580602	44.7904267
20	-0.9360412	0.418387852	44.7187627
21	-0.936139429	0.421054602	44.8582552
22	-0.935958182	0.420979449	44.7882206
23	-0.936432696	0.419590824	45.1225675
24	-0.936671667	0.418764006	45.2883589
25	-0.93634688	0.419381353	44.9868283
26	-0.936082154	0.419815578	44.7978369
27	-0.936443852	0.4183148	45.0932854
28	-0.936406857	0.418267215	45.0580024
29	-0.936088276	0.417158287	44.7668634
30	-0.936131467	0.418360588	44.9032711
31	-0.93603071	0.418753579	44.8216361
32	-0.93606925	0.419490595	44.8939488
33	-0.935806303	0.420954173	44.7095879
34	-0.935687529	0.421604843	44.69424
35	-0.935548114	0.422558305	44.609725
36	-0.935563111	0.42318252	44.6497156
37	-0.935608432	0.423133977	44.715653
38	-0.935765684	0.423007246	44.815374
39	-0.935842462	0.4234409	44.8470109
40	-0.935642	0.422197881	44.694341
41	-0.935851122	0.422061298	44.8134657
42	-0.935968381	0.422553085	44.9134022
43	-0.936151442	0.42214014	45.0129842
44	-0.936149636	0.422080171	44.9840636
45	-0.936182578	0.422549972	45.0139899
46	-0.936225217	0.422913122	45.068233
47	-0.936171064	0.423238072	45.0414241
48	-0.936089333	0.423069879	44.9507681
49	-0.935971918	0.423076296	44.8418068
50	-0.93587024	0.423382358	44.7968475
51	-0.935953882	0.423156509	44.8570392
52	-0.935891385	0.423309184	44.8495815
53	-0.935945962	0.423799685	44.8821992
54	-0.936019704	0.424064287	44.9721533
55	-0.936205964	0.423706255	45.1060264
56	-0.936211571	0.423579084	45.1250805
57	-0.936372211	0.423039842	45.2300844
58	-0.936254621	0.422531395	45.1102621
59	-0.936228339	0.422493274	45.0839668
60	-0.936228533	0.421771586	45.0754729
61	-0.936262295	0.42146629	45.0895454
62	-0.936316	0.421311084	45.143492
63	-0.936390857	0.42077505	45.171851
64	-0.93634825	0.42105082	45.1678625
65	-0.93656	0.420761465	45.3286252
66	-0.936529939	0.421753337	45.3596129
67	-0.936587821	0.421620023	45.383516
68	-0.936434353	0.421398636	45.2743863
69	-0.93640371	0.421616163	45.2646425
70	-0.936412	0.421876614	45.2733116
71	-0.936316282	0.421750677	45.2040746
72	-0.936345333	0.421210979	45.2193787
73	-0.936433315	0.421512233	45.2894559
74	-0.936406162	0.421267076	45.2743838
75	-0.9363872	0.421118848	45.2379849
76	-0.936322	0.420961197	45.1962079
77	-0.936451325	0.42069345	45.3112653
78	-0.936318872	0.421269719	45.2542665
79	-0.936388557	0.421268051	45.3081117
80	-0.936366	0.421718497	45.3021245
81	-0.936412938	0.421335641	45.320881
82	-0.936541561	0.420783104	45.4212717
83	-0.936508434	0.421032606	45.4000143
84	-0.936473238	0.421253155	45.3658246
85	-0.936446588	0.420455754	45.3280008
86	-0.936455442	0.42003218	45.3223112
87	-0.936517701	0.419910762	45.3759827
88	-0.936700364	0.419763546	45.5266873
89	-0.936698787	0.419620895	45.5094171
90	-0.9366656	0.419648041	45.4709396
91	-0.936683604	0.419764735	45.5096772
92	-0.936611391	0.420560043	45.5022106
93	-0.936642495	0.420256402	45.5247457
94	-0.936687064	0.419876292	45.5343033
95	-0.936667032	0.420184017	45.5275905
96	-0.936704	0.420548236	45.5677382
97	-0.936657897	0.420113916	45.5314147
98	-0.936769796	0.420613143	45.6504426
99	-0.93666004	0.420571516	45.5634812
100	-0.93661736	0.420796965	45.5311393
101	-0.936566495	0.420799704	45.4984127
102	-0.936531373	0.420888236	45.4708153
103	-0.936527922	0.42109204	45.4674212
104	-0.936491846	0.420831078	45.4350864
105	-0.936509867	0.420796851	45.4521328
106	-0.936567396	0.420937235	45.4845209
107	-0.936497495	0.420719089	45.4257551
108	-0.936498519	0.421043313	45.4298867
109	-0.936562789	0.421009127	45.489383
110	-0.936530691	0.421417436	45.4767567
111	-0.936511928	0.4214694	45.4776517
112	-0.936468214	0.42144213	45.446687
113	-0.936418478	0.421189545	45.402854
114	-0.936310526	0.42104545	45.3134945
115	-0.936283826	0.421172474	45.2939306
116	-0.936323793	0.421101199	45.3027585
117	-0.936341265	0.421058236	45.3252525
118	-0.936335864	0.421215493	45.3304064
119	-0.936333916	0.421544986	45.3470158
120	-0.9363144	0.421231444	45.3165849
121	-0.936300562	0.421556334	45.2912972
122	-0.936275213	0.421818564	45.2821684
123	-0.936218602	0.421887256	45.2420479
124	-0.936129742	0.422051785	45.1731261
125	-0.9359984	0.421627812	45.0703758
126	-0.936071429	0.421415069	45.1277251
127	-0.936065134	0.421333636	45.117191
128	-0.936051063	0.421824669	45.1132669
129	-0.935996589	0.421807604	45.0688032
130	-0.935875815	0.422378905	45.024363
131	-0.935820641	0.422563726	44.9785476
132	-0.935814606	0.422560676	44.9748361
133	-0.935893474	0.422753891	45.0413551
134	-0.935901373	0.422963511	45.0665697
135	-0.935871644	0.422729661	45.0364133
136	-0.935884941	0.422580564	45.0269844
137	-0.935848467	0.422695884	45.020402
138	-0.935871826	0.422909942	45.0478124
139	-0.935851914	0.422813993	45.0313882
140	-0.935786743	0.422851843	44.9874992
141	-0.935747631	0.422785051	44.9437735
142	-0.935736	0.423021173	44.9317356
143	-0.935699972	0.423030483	44.9098455
144	-0.935681222	0.422935326	44.8853919
145	-0.935764855	0.423217146	44.9610316
146	-0.935724329	0.423628879	44.9396623
147	-0.93570917	0.423392192	44.9186405
148	-0.935758811	0.423525673	44.9541579
149	-0.935706255	0.423362289	44.9121357
150	-0.9357344	0.423115573	44.908623
151	-0.935674861	0.422905939	44.8537024
152	-0.935653474	0.423048703	44.8384567
153	-0.935634248	0.422896029	44.8152098
154	-0.935719636	0.422850927	44.8748092
155	-0.935712465	0.4227715	44.8458335
156	-0.935661179	0.422710469	44.7901385
157	-0.935623439	0.422567453	44.7487
158	-0.935610937	0.422356524	44.7460443
159	-0.935547723	0.422813371	44.7176694
160	-0.9355512	0.422949556	44.7299643
161	-0.935550807	0.423411672	44.7406547
162	-0.935573086	0.42360592	44.7700463
163	-0.935557153	0.423459414	44.7508924
164	-0.935502	0.423539534	44.71951
165	-0.935530424	0.423597782	44.7448802
166	-0.935445446	0.423254734	44.6794471
167	-0.935390802	0.423277075	44.6461335
168	-0.935325762	0.423112523	44.5939313
169	-0.935299408	0.423046407	44.5653617
170	-0.935284376	0.422863381	44.5391696
171	-0.935318082	0.422653151	44.5529149
172	-0.935369767	0.422741774	44.5983232
173	-0.935386543	0.422637208	44.6083918
174	-0.935366713	0.422402585	44.5837712
175	-0.93539872	0.422080557	44.6016197
176	-0.935366727	0.422273238	44.5938493
177	-0.935399096	0.422305906	44.6210695
178	-0.935437843	0.422117802	44.6484125
179	-0.935438838	0.422191368	44.6488826
180	-0.935450444	0.422130775	44.6452715
181	-0.935429657	0.422234189	44.6324848
182	-0.935461934	0.422071898	44.6537045
183	-0.935496568	0.422093332	44.6752648
184	-0.935523435	0.422138573	44.6889277
185	-0.935494746	0.422339831	44.6741689
186	-0.935476129	0.422361085	44.6519906
187	-0.935397989	0.422198172	44.5844486
188	-0.935375787	0.42234211	44.5778871
189	-0.935392804	0.422501336	44.5995553
190	-0.935414316	0.422589728	44.6147467
191	-0.935404859	0.422736569	44.6085897
192	-0.9353895	0.422714712	44.5945105
193	-0.935444021	0.422600652	44.6303615
194	-0.935462062	0.42259378	44.6499434
195	-0.935418749	0.422281031	44.6052888
196	-0.935384653	0.422424383	44.596144
197	-0.935339168	0.422492175	44.5650449
198	-0.935365212	0.422588507	44.5951523
199	-0.935336362	0.422624312	44.5645503
200	-0.93526896	0.422296354	44.4995197
