1	-0.46276	0.19585278	1.35122
2	-0.46312	0.1931967	1.355508
3	-0.463029333	0.194249337	1.37391733
4	-0.46254	0.194055412	1.38221
5	-0.4620976	0.19382886	1.3738672
6	-0.462332	0.194309138	1.367842
7	-0.462094857	0.195373883	1.37064743
8	-0.462024	0.195571	1.372146
9	-0.46236	0.196173941	1.37871289
10	-0.4622672	0.195922384	1.3711036
11	-0.462438545	0.196083304	1.37012727
12	-0.462210667	0.196037938	1.37035867
13	-0.462096615	0.196020048	1.36701662
14	-0.461925714	0.196328538	1.37321371
15	-0.461956267	0.196524833	1.3749984
16	-0.4619065	0.196584729	1.3742385
17	-0.461948706	0.196513741	1.37217553
18	-0.461892	0.196598824	1.37186133
19	-0.462104	0.196470566	1.37076589
20	-0.4620708	0.196542942	1.3691104
21	-0.461951619	0.196796595	1.368036
22	-0.462000364	0.1967501	1.36930509
23	-0.461984	0.196563184	1.36943165
24	-0.461904667	0.196523048	1.37026467
25	-0.4619808	0.196401116	1.36924736
26	-0.462009538	0.196439187	1.37020692
27	-0.46205837	0.196233793	1.37047259
28	-0.462086857	0.196230231	1.369217
29	-0.462053241	0.196098862	1.36742745
30	-0.461995467	0.196145924	1.36780227
31	-0.461967484	0.196232962	1.36785161
32	-0.461975	0.196031027	1.366418
33	-0.461916848	0.195995783	1.36716194
34	-0.461903529	0.195984413	1.36827494
35	-0.461900114	0.195958236	1.36936126
36	-0.461992444	0.195998698	1.36925056
37	-0.461956541	0.19606226	1.36812205
38	-0.461978737	0.195938885	1.37076832
39	-0.462008205	0.195986649	1.37047015
40	-0.461952	0.195922965	1.3698748
41	-0.461820683	0.195924863	1.36961698
42	-0.461841714	0.195887523	1.36888543
43	-0.461817302	0.196004654	1.36793591
44	-0.461845091	0.196082105	1.36834373
45	-0.4618896	0.196044434	1.36805324
46	-0.461928348	0.196027021	1.3661347
47	-0.461921532	0.196005588	1.36512774
48	-0.4619285	0.196023147	1.3655485
49	-0.461931265	0.196065669	1.36524506
50	-0.46193664	0.196113146	1.3636796
51	-0.461891137	0.19610446	1.36302839
52	-0.461904308	0.196171933	1.36258762
53	-0.461920151	0.196132573	1.36253796
54	-0.461960296	0.196057583	1.36172422
55	-0.461981091	0.196076601	1.36236153
56	-0.461997	0.196028606	1.36214043
57	-0.461954386	0.195999432	1.36111614
58	-0.461991724	0.196067852	1.36115103
59	-0.461981017	0.196144141	1.36228325
60	-0.4620044	0.196094619	1.3623026
61	-0.462053246	0.19613106	1.36249561
62	-0.462042452	0.196212108	1.36347052
63	-0.462032254	0.196306194	1.36323943
64	-0.46205375	0.196251641	1.36363375
65	-0.462073231	0.19624325	1.36337495
66	-0.462045576	0.196199856	1.36235242
67	-0.462047164	0.196174934	1.3626849
68	-0.462026824	0.19621634	1.36132447
69	-0.462033623	0.196199902	1.3610069
70	-0.462019429	0.196262681	1.36062794
71	-0.462006085	0.196343061	1.36098265
72	-0.461996444	0.196376775	1.36054911
73	-0.461953315	0.196339715	1.36014674
74	-0.461940865	0.196265269	1.36009973
75	-0.461952427	0.196234871	1.36011227
76	-0.461966316	0.196232293	1.36044147
77	-0.461984208	0.196314733	1.36090535
78	-0.461987692	0.196279319	1.36064831
79	-0.462000101	0.196319807	1.36052704
80	-0.4620209	0.196291712	1.36027905
81	-0.462010963	0.196263487	1.35940316
82	-0.462011317	0.196251883	1.35921698
83	-0.462018217	0.196252518	1.35974034
84	-0.462010571	0.196276563	1.35932195
85	-0.462010071	0.196285728	1.35924184
86	-0.462036372	0.196332404	1.35916498
87	-0.461996874	0.196321267	1.35916349
88	-0.461985455	0.196333386	1.35852268
89	-0.46197609	0.196361364	1.35848544
90	-0.461955556	0.196348368	1.35827524
91	-0.461999385	0.196305094	1.35789147
92	-0.462000348	0.196306707	1.35815065
93	-0.461987957	0.196326022	1.35843355
94	-0.461941532	0.196359462	1.35786996
95	-0.461948884	0.196401751	1.35784295
96	-0.461939	0.196389061	1.35773504
97	-0.461968495	0.19640839	1.3578334
98	-0.461954939	0.196351191	1.35774608
99	-0.461963636	0.196398279	1.35792752
100	-0.46197544	0.1964191	1.35825596
1	-0.461984	0.195734797	1.371788
2	-0.46344	0.193273581	1.364504
3	-0.463525333	0.194264135	1.379692
4	-0.462958	0.193744172	1.387695
5	-0.4624976	0.194104662	1.3816216
6	-0.462465333	0.194501492	1.37268333
7	-0.462204571	0.195024548	1.37371886
8	-0.461937	0.195213473	1.372748
9	-0.462319111	0.195730946	1.37921244
10	-0.46208	0.195615845	1.3711044
11	-0.462422545	0.195290815	1.36993455
12	-0.462252667	0.195201093	1.368472
13	-0.462138462	0.195159211	1.36554769
14	-0.461937143	0.195473997	1.37291571
15	-0.461977067	0.195686905	1.37372133
16	-0.461936	0.195763862	1.3714485
17	-0.461948706	0.19567623	1.36877341
18	-0.461972889	0.195616492	1.36820867
19	-0.462077053	0.195498402	1.36665979
20	-0.4619496	0.195813542	1.3651264
21	-0.461861333	0.195866225	1.36406305
22	-0.461875636	0.195768161	1.36526673
23	-0.461839652	0.195795209	1.36558157
24	-0.461759667	0.195687739	1.3668115
25	-0.46176992	0.195753557	1.36544016
26	-0.461754154	0.195995377	1.36666785
27	-0.461819556	0.195932035	1.3672197
28	-0.461831714	0.196046093	1.36637429
29	-0.461826483	0.196095701	1.36477517
30	-0.461747467	0.196173721	1.36579293
31	-0.461685419	0.196271847	1.36600787
32	-0.4617035	0.196082474	1.3648425
33	-0.461613576	0.195986764	1.36539588
34	-0.461638353	0.195973759	1.36684753
35	-0.461656457	0.195980665	1.36788023
36	-0.461701333	0.19603204	1.36764078
37	-0.461685622	0.196101453	1.36661741
38	-0.461732632	0.196112502	1.36889758
39	-0.46183959	0.196127574	1.36894554
40	-0.4617956	0.196033582	1.3680817
41	-0.461652293	0.195935591	1.3681998
42	-0.461649143	0.195914341	1.367348
43	-0.461647814	0.195970387	1.36650958
44	-0.461677818	0.196010831	1.36663109
45	-0.4617456	0.196025447	1.36640107
46	-0.461764696	0.196020414	1.36443661
47	-0.461794723	0.195913382	1.36369489
48	-0.4618255	0.196011982	1.36419392
49	-0.461841633	0.196075706	1.3638551
50	-0.461876	0.196028704	1.36222096
51	-0.461843451	0.196133933	1.36186933
52	-0.461865846	0.196158875	1.36140415
53	-0.461850566	0.196128293	1.36133864
54	-0.461894074	0.196102501	1.36052
55	-0.461915782	0.19613687	1.36122276
56	-0.461944286	0.196133744	1.36084321
57	-0.461887719	0.196202477	1.35996695
58	-0.461943034	0.196239114	1.36025779
59	-0.461986441	0.196274763	1.36139498
60	-0.461990667	0.196322605	1.36156453
61	-0.46204223	0.196378796	1.36185731
62	-0.462052258	0.196424094	1.36296103
63	-0.462038984	0.196469768	1.36258921
64	-0.462041875	0.196418461	1.36278775
65	-0.462045169	0.196394306	1.36270382
66	-0.462009333	0.196362494	1.3616543
67	-0.462015045	0.196314524	1.36214997
68	-0.461997059	0.19635196	1.36077941
69	-0.462007652	0.196313453	1.36041264
70	-0.461986857	0.196413321	1.3600948
71	-0.461957634	0.196417357	1.36042608
72	-0.461943333	0.196488411	1.35997489
73	-0.461888	0.196515817	1.35942159
74	-0.461870703	0.196411163	1.35938259
75	-0.461885973	0.196360591	1.35931136
76	-0.461908632	0.196383653	1.35948047
77	-0.461916052	0.196482815	1.35979491
78	-0.461902974	0.196473727	1.35947738
79	-0.461907241	0.196457316	1.35942481
80	-0.4619155	0.196446919	1.359209
81	-0.461914173	0.196482774	1.35845862
82	-0.461931512	0.196479239	1.35831629
83	-0.461932723	0.196484988	1.35893817
84	-0.46192019	0.196489765	1.3584941
85	-0.461919529	0.196537845	1.35847002
86	-0.461950791	0.196572877	1.35837144
87	-0.461899586	0.196543001	1.3582149
88	-0.461880909	0.196586548	1.35771077
89	-0.461875955	0.196548835	1.35764598
90	-0.4618688	0.196574171	1.35753413
91	-0.461906462	0.196614118	1.35720497
92	-0.461910087	0.196637805	1.35739261
93	-0.461904344	0.196660886	1.35753703
94	-0.461865872	0.196659763	1.35700638
95	-0.461885979	0.196706774	1.35705309
96	-0.461886167	0.196676773	1.35683558
97	-0.461922722	0.196678901	1.35687344
98	-0.461907184	0.196658891	1.35676073
99	-0.461921697	0.196675551	1.35684327
100	-0.46193272	0.196699813	1.3572408
101	-0.461952158	0.196713223	1.35749402
102	-0.461964706	0.196700951	1.35821796
103	-0.461937476	0.196724234	1.35810439
104	-0.461897231	0.196689779	1.35794327
105	-0.461866362	0.196698766	1.35767128
106	-0.461882038	0.1967518	1.35750604
107	-0.461899439	0.196745005	1.35743903
108	-0.461881037	0.196726217	1.35745378
109	-0.461882055	0.196717008	1.35779985
110	-0.461867855	0.196701824	1.35787404
111	-0.461865009	0.196688599	1.35797431
112	-0.461856429	0.196703895	1.35835389
113	-0.461892035	0.196676178	1.35925943
114	-0.461910175	0.196650597	1.35900775
115	-0.461889183	0.196655869	1.3584871
116	-0.461890759	0.196627166	1.35872186
117	-0.461918769	0.19663167	1.35881491
118	-0.461907119	0.196624455	1.35887183
119	-0.461922689	0.196582092	1.35841015
120	-0.461920067	0.196613605	1.35857087
121	-0.461942083	0.196654463	1.35830205
122	-0.461936197	0.196685109	1.35799531
123	-0.461940098	0.196681287	1.35783011
124	-0.461950839	0.196656101	1.35766806
125	-0.46198272	0.196679072	1.35747325
126	-0.46196819	0.196717649	1.35736917
127	-0.461999181	0.196706551	1.35738542
128	-0.462006438	0.196685569	1.35717775
129	-0.462008	0.196667441	1.35677988
130	-0.462004	0.19667834	1.35666852
131	-0.462028214	0.196683583	1.35676055
132	-0.462030485	0.196658891	1.35679645
133	-0.462039278	0.19664714	1.35667158
134	-0.462046925	0.196653285	1.35661913
135	-0.462055526	0.196663108	1.35701052
136	-0.462056824	0.196654863	1.35646938
137	-0.462049051	0.196621321	1.35650193
138	-0.462034841	0.196596326	1.35645017
139	-0.462045237	0.196591896	1.35641715
140	-0.462037086	0.196585281	1.35645371
141	-0.462059574	0.19654074	1.35677753
142	-0.462058479	0.196532556	1.3567642
143	-0.462074406	0.196549566	1.35692299
144	-0.462071722	0.196552975	1.35652106
145	-0.462072386	0.196576039	1.35610657
146	-0.462073479	0.196558543	1.35600534
147	-0.462060898	0.196534876	1.35572054
148	-0.462047892	0.19654399	1.35598619
149	-0.46207157	0.196531798	1.35616902
150	-0.46207008	0.196515088	1.35595749
151	-0.462070305	0.196513138	1.35624127
152	-0.462084947	0.196491165	1.35625905
153	-0.462063477	0.196493066	1.35600139
154	-0.462066494	0.196499683	1.35597296
155	-0.462063897	0.196536856	1.35596067
156	-0.462044462	0.196524134	1.35596797
157	-0.462040153	0.196549513	1.35602344
158	-0.462033722	0.196530813	1.35589281
159	-0.462048302	0.196530866	1.35586342
160	-0.46204515	0.196538937	1.35545363
161	-0.462053168	0.196522974	1.35549776
162	-0.462059852	0.196518838	1.35593593
163	-0.462063607	0.196523746	1.35647787
164	-0.462047707	0.196533457	1.35675732
165	-0.462036558	0.196515384	1.35687787
166	-0.462037349	0.196511371	1.35701508
167	-0.462052359	0.196520799	1.35710132
168	-0.462053762	0.196536453	1.35731498
169	-0.462068213	0.196540209	1.35773747
170	-0.462076188	0.19653697	1.35764631
171	-0.462065216	0.196521265	1.35735708
172	-0.462073814	0.196563205	1.35732502
173	-0.46208985	0.196557049	1.35726379
174	-0.462090667	0.196540364	1.35704593
175	-0.462087589	0.196525309	1.3570149
176	-0.462074727	0.196521595	1.35668916
177	-0.462084972	0.196540451	1.356948
178	-0.462088	0.196576527	1.35700254
179	-0.462079553	0.196592098	1.35712172
180	-0.462091244	0.196581482	1.35699962
181	-0.46209653	0.196572655	1.35723688
182	-0.462095077	0.19654385	1.35721516
183	-0.462091628	0.196518546	1.35731655
184	-0.462095304	0.196507207	1.35741252
185	-0.462106638	0.196504619	1.35753256
186	-0.462105591	0.196483101	1.35734338
187	-0.462118032	0.196453707	1.35753666
188	-0.462140979	0.196438713	1.35776574
189	-0.462122032	0.1964418	1.35765977
190	-0.462129642	0.196459269	1.35759261
191	-0.462139937	0.196440562	1.3578617
192	-0.462127083	0.196455365	1.35792796
193	-0.462120705	0.196462362	1.35794392
194	-0.462131794	0.19646037	1.35791087
195	-0.462139364	0.196482221	1.35781596
196	-0.462160367	0.196504285	1.35811376
197	-0.462145299	0.196486516	1.35837744
198	-0.462147232	0.1964921	1.35857408
199	-0.462152241	0.196510052	1.35864927
200	-0.46214704	0.196509524	1.35841654
