1	-0.484872	0.21088897	1.58566737
2	-0.485104	0.209366972	1.51821474
3	-0.484512	0.211161935	1.50627789
4	-0.484276	0.211725708	1.51200842
5	-0.4840416	0.212544127	1.52384674
6	-0.483592	0.211704301	1.51705684
7	-0.483779429	0.211865798	1.51529083
8	-0.483669	0.211375809	1.50704632
9	-0.483754667	0.211444127	1.50277567
10	-0.4837976	0.211741174	1.51569221
11	-0.483539636	0.211647301	1.51539751
12	-0.483288667	0.211388097	1.51121228
13	-0.483219692	0.211244796	1.51451692
14	-0.482987429	0.211228932	1.51252902
15	-0.482941333	0.211127584	1.51314442
16	-0.4828695	0.211299967	1.51591579
17	-0.482976941	0.211112392	1.51247455
18	-0.482861333	0.211278168	1.50824865
19	-0.482912421	0.211398646	1.50524388
20	-0.4828528	0.211579019	1.50602021
21	-0.482697905	0.211666392	1.50436832
22	-0.482776	0.21152735	1.50204325
23	-0.482773217	0.211643579	1.50409483
24	-0.482696	0.211626086	1.50420509
25	-0.48273824	0.211416157	1.50286855
26	-0.482725231	0.211462734	1.50484632
27	-0.482659556	0.211409202	1.5032499
28	-0.482661429	0.211538654	1.50375233
29	-0.482706207	0.211614854	1.50611543
30	-0.4826696	0.211706203	1.50617404
31	-0.48264929	0.211790954	1.50657793
32	-0.48268375	0.211571934	1.50579605
33	-0.482645333	0.211506099	1.5072712
34	-0.482572	0.211637351	1.507787
35	-0.482561829	0.211714087	1.50784349
36	-0.482530667	0.211723632	1.50764854
37	-0.482507892	0.211798493	1.5069468
38	-0.482571158	0.21180894	1.50756321
39	-0.482623385	0.211838516	1.50900912
40	-0.4826128	0.211818218	1.51023874
41	-0.482564488	0.211891647	1.51166131
42	-0.482557905	0.21192284	1.51013213
43	-0.482591628	0.212000217	1.51093777
44	-0.482562727	0.212146277	1.51099904
45	-0.482590044	0.212111762	1.51121815
46	-0.482621739	0.212044998	1.51006096
47	-0.482620085	0.212054911	1.51091512
48	-0.482551667	0.212042513	1.5109007
49	-0.482540735	0.212031045	1.51024971
50	-0.482544	0.212096077	1.50969044
51	-0.482541176	0.212164195	1.51002923
52	-0.482557231	0.212178074	1.50963449
53	-0.482578415	0.212204583	1.50898193
54	-0.482627704	0.212151031	1.5096276
55	-0.4826128	0.212203508	1.51077275
56	-0.482624143	0.212215904	1.51198241
57	-0.482590175	0.212163442	1.51126796
58	-0.482581103	0.212181882	1.51050766
59	-0.482560542	0.212252842	1.51060239
60	-0.482568267	0.212127108	1.50965551
61	-0.482575344	0.21209795	1.51011651
62	-0.482561419	0.212053646	1.51000054
63	-0.482523302	0.211980996	1.50996304
64	-0.482551125	0.212004673	1.5089698
65	-0.482590154	0.21193741	1.5095496
66	-0.482570545	0.211878877	1.50886533
67	-0.482573851	0.211815535	1.50865364
68	-0.482561765	0.211853308	1.50882991
69	-0.482553623	0.211829419	1.50785739
70	-0.482536686	0.211810433	1.50762214
71	-0.482521352	0.211866348	1.50835564
72	-0.482519444	0.211860186	1.50803953
73	-0.48247463	0.21181412	1.50826832
74	-0.482478378	0.211738521	1.50857405
75	-0.48247296	0.211720383	1.50813782
76	-0.482498211	0.211685761	1.50762
77	-0.482512831	0.211646698	1.5066896
78	-0.482486974	0.211677521	1.50646181
79	-0.482470582	0.211706011	1.50631957
80	-0.482486	0.211733654	1.50659232
81	-0.482485037	0.211754309	1.50672021
82	-0.482485268	0.211680332	1.50542213
83	-0.482484916	0.211638509	1.50588682
84	-0.482458381	0.211671056	1.50545358
85	-0.482449788	0.211728433	1.50545486
86	-0.482468	0.211751231	1.5056211
87	-0.482433471	0.211745461	1.50561873
88	-0.482404455	0.211782574	1.50526268
89	-0.482426067	0.211812555	1.50539742
90	-0.482396267	0.21177363	1.50524346
91	-0.482426901	0.211739663	1.50563822
92	-0.482430261	0.211795876	1.50572449
93	-0.482414366	0.21184557	1.50609173
94	-0.482394298	0.211901276	1.50574141
95	-0.482407916	0.211898257	1.50556525
96	-0.4823925	0.211901385	1.50499215
97	-0.482420371	0.211883867	1.50467021
98	-0.482408245	0.211886985	1.50492791
99	-0.48242796	0.211945436	1.50437461
100	-0.48244088	0.211979145	1.50503086
1	-0.484336	0.214698049	1.59128421
2	-0.485372	0.211849146	1.52868211
3	-0.484896	0.212908317	1.5163186
4	-0.484734	0.212941745	1.52332737
5	-0.4844192	0.213657813	1.53221305
6	-0.483694667	0.212837454	1.52208982
7	-0.483894857	0.21308907	1.51958376
8	-0.483793	0.212211582	1.51082632
9	-0.483949333	0.21231168	1.50597053
10	-0.4837608	0.212471177	1.51502189
11	-0.483629091	0.211834757	1.51430124
12	-0.483486667	0.211878068	1.51020035
13	-0.483356308	0.21180885	1.51365895
14	-0.483090857	0.211822217	1.51202737
15	-0.483008533	0.211894563	1.51174568
16	-0.482994	0.211900992	1.515945
17	-0.483017882	0.211783596	1.51140458
18	-0.482947556	0.211841395	1.50756374
19	-0.482901474	0.211983659	1.50428742
20	-0.4827868	0.212113527	1.50465137
21	-0.482600762	0.212119008	1.50309875
22	-0.482643273	0.211825193	1.50089742
23	-0.482675826	0.211916723	1.50281867
24	-0.482630667	0.211629811	1.50356421
25	-0.48262816	0.211665696	1.50170661
26	-0.482585231	0.211937042	1.50364259
27	-0.482551407	0.211849215	1.50202074
28	-0.482515429	0.212102174	1.5024794
29	-0.482551724	0.212289342	1.50487492
30	-0.482494933	0.212463668	1.5051746
31	-0.482437677	0.212615971	1.50568503
32	-0.4824955	0.212388141	1.50477658
33	-0.482468848	0.212275829	1.50628963
34	-0.482424471	0.212391896	1.50674576
35	-0.482426743	0.21243438	1.50675669
36	-0.482406889	0.212351195	1.50661064
37	-0.482420541	0.212423279	1.50578708
38	-0.482485263	0.212512105	1.50673695
39	-0.482625846	0.212533647	1.50812837
40	-0.4826282	0.212526553	1.50932442
41	-0.482576976	0.212494536	1.51083687
42	-0.482541524	0.212573072	1.50922396
43	-0.482582884	0.212583779	1.50990854
44	-0.482592	0.212574911	1.50988651
45	-0.482632889	0.212567465	1.5098764
46	-0.482634435	0.212511641	1.50904915
47	-0.482660426	0.212573653	1.5097832
48	-0.482618167	0.212656831	1.50999991
49	-0.482583347	0.212648573	1.50925989
50	-0.48259264	0.212589372	1.50868362
51	-0.482601569	0.212624611	1.5091981
52	-0.482626	0.212635497	1.50875822
53	-0.482622642	0.212672742	1.50814721
54	-0.482682074	0.21262821	1.50890581
55	-0.482677818	0.21270646	1.51022882
56	-0.482684857	0.212728827	1.51123504
57	-0.482628351	0.212704424	1.51038456
58	-0.482620828	0.212715852	1.50948835
59	-0.482646102	0.212676274	1.50950073
60	-0.4826452	0.212644505	1.50832561
61	-0.482657705	0.212668757	1.50893667
62	-0.482653419	0.212629492	1.50890567
63	-0.482613714	0.212640284	1.50895699
64	-0.48261925	0.21264579	1.50799112
65	-0.482646277	0.212602556	1.50845694
66	-0.482629455	0.21258484	1.50773301
67	-0.48264394	0.212488725	1.5076844
68	-0.482638588	0.21251825	1.50745077
69	-0.482624348	0.212456971	1.50660479
70	-0.482610286	0.212428098	1.50661221
71	-0.482577014	0.212431264	1.50731884
72	-0.482574889	0.212516449	1.5069207
73	-0.482519671	0.212428071	1.50692286
74	-0.482534811	0.212347664	1.50745531
75	-0.482550507	0.212306179	1.5069417
76	-0.482581789	0.21236721	1.50663884
77	-0.482577039	0.21236222	1.50557813
78	-0.482545026	0.212376639	1.50523692
79	-0.482521722	0.212318795	1.5048606
80	-0.4825171	0.212315532	1.50503621
81	-0.482506568	0.212348125	1.50526274
82	-0.48250722	0.212299289	1.50407204
83	-0.48250506	0.212267625	1.50441963
84	-0.482469905	0.212253194	1.50413058
85	-0.482458165	0.212284042	1.50399292
86	-0.482483721	0.212277634	1.50424524
87	-0.482436138	0.212226297	1.50423811
88	-0.482401818	0.212238353	1.50377928
89	-0.482421034	0.212261703	1.50405322
90	-0.482396889	0.212236896	1.50391457
91	-0.482419077	0.212240262	1.50425652
92	-0.48241687	0.21231628	1.50440737
93	-0.482404645	0.212328624	1.50467952
94	-0.482389021	0.212347608	1.50441066
95	-0.482415158	0.212333373	1.50430329
96	-0.482407083	0.212324873	1.50365079
97	-0.48243134	0.212297247	1.50329923
98	-0.482418612	0.212330355	1.50355845
99	-0.482439838	0.212341687	1.50311298
100	-0.48245728	0.212389363	1.50383053
101	-0.482493228	0.212397255	1.50373369
102	-0.482508157	0.212423824	1.50393643
103	-0.482502058	0.212422999	1.50485216
104	-0.482473846	0.212406271	1.50481409
105	-0.482440914	0.212364095	1.50475962
106	-0.482455547	0.212412411	1.50502685
107	-0.482477533	0.212408029	1.50544362
108	-0.482456741	0.212352516	1.50564721
109	-0.482462679	0.212355519	1.50598161
110	-0.482440582	0.212339212	1.50592054
111	-0.482430991	0.21231322	1.50578386
112	-0.4824425	0.212335918	1.50637801
113	-0.482462018	0.212341103	1.50602985
114	-0.482456	0.212331332	1.50566312
115	-0.482425739	0.21231921	1.50571493
116	-0.482430207	0.212301344	1.505909
117	-0.482456137	0.212314307	1.50599489
118	-0.482454441	0.212379688	1.50636642
119	-0.482469311	0.21240539	1.5065243
120	-0.482446867	0.212477777	1.50658786
121	-0.482472331	0.212528332	1.50665298
122	-0.48246341	0.212511414	1.5065784
123	-0.48247974	0.212479475	1.50649773
124	-0.482474194	0.212478091	1.5061929
125	-0.482499136	0.212473904	1.50638717
126	-0.482485714	0.212517329	1.50618289
127	-0.482509102	0.212490728	1.50682317
128	-0.482508688	0.212429714	1.50715845
129	-0.482518388	0.212407257	1.50717053
130	-0.482526338	0.212398399	1.50721872
131	-0.482532824	0.212406857	1.50720839
132	-0.482529576	0.212349437	1.50695914
133	-0.482537083	0.21238082	1.50771761
134	-0.48255206	0.212389322	1.50792019
135	-0.482568356	0.212378064	1.50823457
136	-0.482570647	0.212361127	1.50868709
137	-0.482572847	0.212361135	1.50904676
138	-0.482563362	0.21232661	1.50906651
139	-0.482559194	0.212301022	1.50902588
140	-0.482550857	0.212287014	1.50876171
141	-0.482552511	0.212255283	1.50895113
142	-0.482558085	0.21226761	1.50883042
143	-0.482578965	0.212283698	1.50822216
144	-0.482585444	0.21229173	1.50834778
145	-0.482564083	0.212302638	1.50845831
146	-0.482554795	0.21230964	1.50899749
147	-0.482555755	0.212297427	1.50908445
148	-0.482542973	0.212341119	1.50885229
149	-0.482561718	0.212340214	1.50875439
150	-0.482556107	0.212310474	1.50863542
151	-0.482554172	0.212301358	1.50894154
152	-0.482556789	0.212308831	1.50851945
153	-0.482548235	0.21228383	1.50853917
154	-0.482549351	0.212294201	1.50837591
155	-0.482549832	0.212302768	1.5085396
156	-0.482521692	0.212334492	1.50815406
157	-0.482528051	0.21236976	1.50815429
158	-0.482533671	0.212362568	1.50840733
159	-0.482540931	0.21235842	1.50837633
160	-0.4825436	0.212370029	1.50826339
161	-0.482546137	0.212348578	1.50801219
162	-0.482549827	0.212352572	1.50862966
163	-0.482539239	0.212368827	1.50863615
164	-0.482523024	0.212381157	1.50878976
165	-0.482513697	0.212362528	1.50875784
166	-0.482504675	0.21234807	1.50862323
167	-0.482507018	0.212336147	1.50892122
168	-0.482497524	0.212346622	1.50874997
169	-0.482494722	0.21234695	1.50849585
170	-0.482483294	0.212363225	1.50786484
171	-0.482473497	0.212365908	1.50775288
172	-0.482464744	0.212372557	1.50741204
173	-0.482478983	0.212378899	1.50735484
174	-0.482469839	0.212384797	1.50713662
175	-0.482465189	0.212392296	1.50735834
176	-0.482460182	0.212364171	1.50712057
177	-0.482467616	0.212403353	1.50724598
178	-0.482464854	0.212439913	1.50748374
179	-0.482453721	0.21242356	1.50744506
180	-0.482472267	0.212415068	1.50753862
181	-0.482468066	0.212402939	1.50727467
182	-0.482480484	0.212367646	1.5081399
183	-0.482486077	0.212378258	1.50893253
184	-0.482484	0.212327393	1.50920966
185	-0.482492584	0.212320728	1.50935092
186	-0.482490581	0.212313892	1.50921625
187	-0.48250092	0.212291411	1.50913677
188	-0.482512383	0.21230749	1.50927102
189	-0.48249655	0.212306491	1.5089391
190	-0.482508211	0.212321629	1.50899074
191	-0.482524147	0.212292359	1.50903054
192	-0.482536917	0.212314061	1.5087761
193	-0.482532684	0.212324703	1.50860817
194	-0.482546021	0.212333574	1.50892857
195	-0.48255159	0.212372918	1.50869908
196	-0.482564286	0.212385491	1.50881822
197	-0.482560731	0.212408656	1.50893531
198	-0.48256	0.212423364	1.50905599
199	-0.482562332	0.212426469	1.50910616
200	-0.48255932	0.212429733	1.50890895
