1	-0.76810032	0.439286345	8.40656	0.148216
2	-0.76925472	0.44206205	8.359936	0.153936
3	-0.767490933	0.443408798	8.23464533	0.150946667
4	-0.76733308	0.441972554	8.38348	0.150854
5	-0.766523392	0.443971869	8.3543488	0.1464896
6	-0.767231307	0.446215791	8.41935467	0.153498667
7	-0.767649771	0.442527706	8.37662057	0.15586
8	-0.76725223	0.440167115	8.339697	0.1532615
9	-0.767519991	0.439451622	8.411448	0.154221778
10	-0.768212544	0.442122966	8.5089424	0.1579872
11	-0.768084211	0.443003528	8.49979855	0.157156
12	-0.767822687	0.440949103	8.37037	0.155201
13	-0.767702086	0.440549041	8.35495446	0.154396615
14	-0.767556069	0.441027124	8.34809371	0.153203429
15	-0.76749344	0.440690471	8.34727573	0.152325333
16	-0.767442745	0.439251253	8.3023675	0.15281225
17	-0.767455219	0.439375228	8.27488282	0.153255059
18	-0.767719044	0.438186797	8.30077467	0.15593
19	-0.767733027	0.438337363	8.29494147	0.156019789
20	-0.767949928	0.439389845	8.3096984	0.1564164
21	-0.768054377	0.440720321	8.32656686	0.15709981
22	-0.767967433	0.439085196	8.31957091	0.156098909
23	-0.768051997	0.439835106	8.33459583	0.154582435
24	-0.767883617	0.439996722	8.329173	0.152064167
25	-0.767933498	0.439960439	8.32238848	0.15110688
26	-0.767884378	0.439845094	8.32524215	0.150849692
27	-0.767886323	0.439933092	8.33771496	0.152182815
28	-0.767927454	0.43994974	8.33002486	0.152387
29	-0.767893294	0.439423907	8.33640966	0.15186469
30	-0.767701344	0.439861246	8.3351232	0.1497072
31	-0.767756126	0.440183197	8.33929368	0.150464387
32	-0.767881355	0.440064995	8.358339	0.15173025
33	-0.767904562	0.439764163	8.36908558	0.151034182
34	-0.767891932	0.439935926	8.37441059	0.151008353
35	-0.767908217	0.440568477	8.38678194	0.151239429
36	-0.767897424	0.440248724	8.37571578	0.151382333
37	-0.767886664	0.439976114	8.37702184	0.151576432
38	-0.767921659	0.440640468	8.39400253	0.153030316
39	-0.767883479	0.441144839	8.40509128	0.153322667
40	-0.767781046	0.440871521	8.3919798	0.1521823
41	-0.767730154	0.4403313	8.36798712	0.151873561
42	-0.767614128	0.439952805	8.34233505	0.150706381
43	-0.767728011	0.439665055	8.35881377	0.150074977
44	-0.767719264	0.439663766	8.352974	0.150499545
45	-0.767609634	0.439684036	8.34403644	0.149575022
46	-0.767559934	0.439640946	8.33962504	0.148431478
47	-0.767477176	0.439781945	8.32627081	0.147203489
48	-0.767388158	0.439621258	8.31193783	0.147132917
49	-0.767381461	0.439416189	8.31039363	0.147497551
50	-0.767377965	0.439982027	8.3173808	0.14806624
51	-0.76730499	0.440381834	8.31686667	0.14859851
52	-0.767217229	0.440416294	8.30186877	0.147953769
53	-0.767201013	0.440190809	8.29231955	0.147160075
54	-0.767233096	0.439970117	8.29363881	0.146380741
55	-0.767218412	0.439981748	8.29296407	0.146018764
56	-0.767307884	0.44018705	8.30909443	0.1472085
57	-0.767289608	0.440237888	8.30119074	0.147154105
58	-0.767426297	0.440093164	8.31386552	0.148232069
59	-0.767429139	0.440175034	8.31040027	0.147389153
60	-0.767423079	0.440233927	8.3056756	0.147673933
61	-0.767483878	0.440473107	8.30867607	0.147780787
62	-0.767411796	0.440658715	8.30274477	0.147738194
63	-0.767394759	0.440703382	8.30641816	0.147134794
64	-0.767370985	0.440625638	8.3087445	0.1469805
65	-0.767427662	0.440125956	8.30114868	0.147087692
66	-0.76744005	0.440193517	8.30844885	0.147511576
67	-0.767544687	0.44045995	8.31614269	0.14768209
68	-0.767515807	0.440585075	8.31366965	0.147460941
69	-0.767496712	0.440593192	8.31528464	0.14776313
70	-0.76751643	0.440611972	8.31489897	0.147850057
71	-0.767495404	0.440533071	8.30662952	0.147615268
72	-0.767436749	0.440446069	8.294674	0.147443
73	-0.767405529	0.440510868	8.28900329	0.147169589
74	-0.767351158	0.440540992	8.28317092	0.14653627
75	-0.767386647	0.440681228	8.29714283	0.147316373
76	-0.76739476	0.440626	8.30081411	0.147559053
77	-0.767398074	0.440608405	8.29755595	0.147249143
78	-0.767402935	0.440315616	8.29186297	0.147080103
79	-0.767433878	0.440378408	8.28377246	0.147461013
80	-0.767390768	0.44010601	8.2719492	0.1468934
81	-0.767436222	0.439722475	8.2770802	0.146818519
82	-0.767414512	0.43981409	8.28034976	0.147028049
83	-0.767386252	0.439886352	8.27451027	0.146411373
84	-0.767401259	0.440145342	8.2765421	0.146296286
85	-0.767331868	0.44035729	8.26835445	0.146155765
86	-0.767315703	0.440294997	8.26595414	0.145887488
87	-0.767344095	0.440082075	8.27112193	0.145954161
88	-0.767326605	0.440035138	8.26816845	0.145866591
89	-0.767328619	0.439987454	8.26668899	0.145770292
90	-0.767307867	0.440346717	8.26736178	0.145846667
91	-0.767370905	0.440351527	8.27764677	0.146778198
92	-0.767337102	0.440333304	8.26828461	0.146124652
93	-0.767358165	0.440595366	8.27191854	0.146282452
94	-0.767349269	0.440671192	8.27469728	0.146191106
95	-0.767328346	0.440575852	8.27238762	0.145743621
96	-0.767315609	0.440761691	8.27226808	0.145626292
97	-0.767368635	0.440748278	8.27275184	0.145483299
98	-0.767359897	0.440758931	8.27267412	0.145337714
99	-0.767360897	0.440837563	8.2796438	0.144901414
100	-0.767362718	0.440788763	8.27908496	0.14446392
1	-0.76723264	0.43779354	8.344336	0.144432
2	-0.76877392	0.442103864	8.306512	0.151896
3	-0.767148027	0.445494148	8.20233333	0.149668
4	-0.76719422	0.442066427	8.360202	0.149811
5	-0.76637216	0.444625085	8.3378624	0.145728
6	-0.767111227	0.446339388	8.410048	0.152894667
7	-0.767516103	0.443392777	8.36634857	0.155405143
8	-0.76709789	0.440478693	8.333143	0.1528945
9	-0.767412738	0.439771554	8.40344622	0.153748
10	-0.768062488	0.442394918	8.5021256	0.1575644
11	-0.767918458	0.443773303	8.49861527	0.156759273
12	-0.76764078	0.441537313	8.36656733	0.154805667
13	-0.767593058	0.441054428	8.352144	0.154022154
14	-0.767460131	0.441653276	8.34747943	0.152863714
15	-0.767404357	0.442016169	8.34831307	0.152057867
16	-0.767386455	0.44052087	8.3034405	0.15252275
17	-0.767377002	0.44089058	8.27470259	0.152967765
18	-0.76767928	0.439504962	8.30149067	0.155719556
19	-0.767704371	0.439537632	8.29617432	0.155850105
20	-0.767930308	0.440715775	8.3097444	0.1562354
21	-0.768020114	0.4419758	8.32752686	0.156929524
22	-0.767918058	0.440119194	8.31960436	0.155921091
23	-0.767989137	0.440890096	8.33325739	0.154396
24	-0.767836133	0.440878507	8.32871867	0.15189
25	-0.767899763	0.440712666	8.32236544	0.15098816
26	-0.767837354	0.44065409	8.32419323	0.150713846
27	-0.76786307	0.440475799	8.33535941	0.152027556
28	-0.767919689	0.440500767	8.327906	0.152241571
29	-0.767891699	0.439952548	8.33460883	0.151757379
30	-0.767709944	0.44036161	8.3335048	0.149603867
31	-0.767766534	0.440620026	8.33858374	0.150378323
32	-0.76788035	0.440795047	8.3574695	0.1516675
33	-0.767919413	0.440403925	8.36800291	0.150964606
34	-0.767900694	0.440621745	8.37326047	0.150964118
35	-0.767925417	0.441013363	8.38501486	0.151196571
36	-0.767908269	0.44068069	8.37374333	0.151313444
37	-0.76789472	0.440314386	8.37483286	0.151514378
38	-0.767936086	0.440908321	8.39315853	0.152983263
39	-0.767904211	0.441206197	8.40443959	0.153282359
40	-0.767780638	0.440914923	8.391055	0.1521319
41	-0.767740691	0.44027627	8.36656351	0.151834537
42	-0.767614097	0.440037501	8.34135562	0.15068581
43	-0.767733855	0.439692634	8.358584	0.150050884
44	-0.767744558	0.439623152	8.35265727	0.150482455
45	-0.76763646	0.439772927	8.34315858	0.149565244
46	-0.767588457	0.439622324	8.33861061	0.148440261
47	-0.76750681	0.439670897	8.32525191	0.14720434
48	-0.767420325	0.439475694	8.31068217	0.147132917
49	-0.767406504	0.43941018	8.30891722	0.147492571
50	-0.767412824	0.439873787	8.31563088	0.1480812
51	-0.767353606	0.440245388	8.31569255	0.148613647
52	-0.767266728	0.440270727	8.30105215	0.147974846
53	-0.767246844	0.440084674	8.29145238	0.147172377
54	-0.767264049	0.439989773	8.292404	0.146402444
55	-0.767234813	0.439938074	8.29146589	0.146038836
56	-0.76731968	0.440289772	8.30775	0.147226857
57	-0.767305385	0.440368029	8.30002793	0.147178035
58	-0.767443646	0.440268108	8.31285724	0.148251241
59	-0.767455163	0.440312526	8.30963973	0.147415797
60	-0.767459725	0.440245208	8.30480187	0.1476996
61	-0.767519056	0.440430277	8.30798243	0.147821639
62	-0.767464899	0.440479843	8.30192684	0.147774
63	-0.767435234	0.44068084	8.30485219	0.147164889
64	-0.767405979	0.440600705	8.30706363	0.147005187
65	-0.767466862	0.440279428	8.29928258	0.147109231
66	-0.767482305	0.440400466	8.30640412	0.147521333
67	-0.767583426	0.440761524	8.3143366	0.147702627
68	-0.76753952	0.440920206	8.31181788	0.147487765
69	-0.767516579	0.440921374	8.31350667	0.147776754
70	-0.767535881	0.440870772	8.31329189	0.147856914
71	-0.767517014	0.44094336	8.30565386	0.147625352
72	-0.767458902	0.440912719	8.29387022	0.147450667
73	-0.767434913	0.44093857	8.28846049	0.14718126
74	-0.767390206	0.440883612	8.28256032	0.146542757
75	-0.767425753	0.441065959	8.29628384	0.14732496
76	-0.767440245	0.441017491	8.300126	0.147559632
77	-0.767441894	0.441025797	8.29715979	0.147258338
78	-0.767455815	0.440723442	8.29153928	0.147093333
79	-0.767479406	0.440770708	8.28351747	0.147469013
80	-0.767434458	0.44042553	8.2717386	0.1469079
81	-0.767478734	0.440041683	8.27656553	0.146835457
82	-0.76745407	0.440056459	8.27985034	0.147044976
83	-0.767419504	0.440244741	8.27390352	0.146425783
84	-0.767434732	0.440461056	8.27607743	0.146303286
85	-0.76734906	0.440633997	8.2678016	0.146158871
86	-0.767335397	0.440557539	8.26549898	0.145895442
87	-0.767365638	0.440312347	8.27039954	0.145950851
88	-0.767354366	0.440236729	8.26771427	0.145868318
89	-0.767354261	0.440116098	8.26629654	0.145775955
90	-0.767339595	0.440481909	8.26681031	0.1458464
91	-0.767401102	0.440510048	8.2773127	0.146789187
92	-0.767371602	0.440371802	8.26786835	0.146132261
93	-0.767395931	0.44057973	8.27155991	0.146295484
94	-0.767391637	0.440625345	8.27475064	0.146215915
95	-0.767373629	0.440501996	8.27232472	0.145767747
96	-0.767354654	0.44073762	8.27230892	0.145649375
97	-0.767403673	0.440785716	8.27272239	0.145511464
98	-0.767392251	0.440810257	8.27269771	0.145363551
99	-0.767391697	0.440885462	8.27980743	0.144942424
100	-0.76738973	0.440846865	8.27928296	0.14450252
101	-0.767429297	0.440789712	8.27721457	0.14474804
102	-0.767420242	0.44072416	8.27750871	0.144788549
103	-0.767378925	0.440687584	8.27300583	0.144872466
104	-0.767390647	0.440788723	8.26862515	0.145086192
105	-0.767379091	0.440787639	8.26984099	0.145228838
106	-0.767401392	0.44084636	8.26989645	0.14534883
107	-0.767436012	0.440930728	8.2700148	0.145733308
108	-0.767434411	0.440912515	8.27302763	0.14609463
109	-0.767447558	0.440884994	8.27349725	0.146179743
110	-0.767421342	0.440779122	8.26743585	0.146328909
111	-0.767408273	0.440821214	8.27044461	0.146593838
112	-0.767401677	0.440890429	8.27297229	0.146791
113	-0.767439608	0.440786602	8.27636998	0.146833487
114	-0.767436239	0.440818206	8.27434954	0.146822491
115	-0.767463445	0.440670748	8.27270261	0.147036591
116	-0.767489626	0.440606304	8.27504903	0.146943345
117	-0.767511214	0.440546916	8.27602414	0.147188068
118	-0.76747558	0.440503939	8.27388569	0.147175593
119	-0.767486754	0.440540796	8.27439113	0.147258689
120	-0.767458174	0.440555372	8.2719294	0.1470887
121	-0.767456461	0.440613764	8.27448192	0.147137091
122	-0.767464068	0.440595136	8.27475233	0.147085344
123	-0.767449735	0.440635847	8.27692124	0.147283512
124	-0.767459015	0.440809832	8.27979574	0.147308839
125	-0.767460917	0.440683082	8.27872902	0.147490656
126	-0.767464559	0.44079259	8.27918584	0.147405746
127	-0.767478312	0.44070009	8.28240989	0.147622709
128	-0.767425813	0.440593162	8.27805838	0.147425
129	-0.767420234	0.440518106	8.27215553	0.147213271
130	-0.767354817	0.440575473	8.26799422	0.147011631
131	-0.767330694	0.440590716	8.26895206	0.147233954
132	-0.767315921	0.440705276	8.27140673	0.147259667
133	-0.767307987	0.440633163	8.26609979	0.146999368
134	-0.767286856	0.44052994	8.26717636	0.147011463
135	-0.76729378	0.440603944	8.26983265	0.146985304
136	-0.767274006	0.440529524	8.26578618	0.146973853
137	-0.767268347	0.440564946	8.26020607	0.14694438
138	-0.767237893	0.440606818	8.25465316	0.146813478
139	-0.76726794	0.440495263	8.25566112	0.147086216
140	-0.767273707	0.44047999	8.25193189	0.146951086
141	-0.767250647	0.440585671	8.25030218	0.147011801
142	-0.767223874	0.440609291	8.24689594	0.146669775
143	-0.76721466	0.440500146	8.2427972	0.14658193
144	-0.767200712	0.44037292	8.23623656	0.146452278
145	-0.767197341	0.440299322	8.23342361	0.146327752
146	-0.767166195	0.440452265	8.23550077	0.146213836
147	-0.767124402	0.440428675	8.23087336	0.146211918
148	-0.767129577	0.440296522	8.23465616	0.146203162
149	-0.767146141	0.44033156	8.23469369	0.146174174
150	-0.767155724	0.440432232	8.23980613	0.146370213
151	-0.767171139	0.44035918	8.2399644	0.146125139
152	-0.767188973	0.44023999	8.24141326	0.146227579
153	-0.767188602	0.440306904	8.24299263	0.145916392
154	-0.767209582	0.440181405	8.24469647	0.145946623
155	-0.767239131	0.440103804	8.24698508	0.146008155
156	-0.767240078	0.440130185	8.24207313	0.145857744
157	-0.767217542	0.440083429	8.2421335	0.145901299
158	-0.767190087	0.440115188	8.2396877	0.145861316
159	-0.767186537	0.440070633	8.24042808	0.145905459
160	-0.767187257	0.44015765	8.24473435	0.146045325
161	-0.767202952	0.440138185	8.24598624	0.146194807
162	-0.767190003	0.440059794	8.24943886	0.146149556
163	-0.76718628	0.440136667	8.24817129	0.146074748
164	-0.767181609	0.440081572	8.24551488	0.14619022
165	-0.767163034	0.440041378	8.24347433	0.146190497
166	-0.7671575	0.440002436	8.24357966	0.146238843
167	-0.767127739	0.440054515	8.23806951	0.145907904
168	-0.767108597	0.440107183	8.23790919	0.14602269
169	-0.767124398	0.440250805	8.24204649	0.146288521
170	-0.767100623	0.440317907	8.24102974	0.146033506
171	-0.767097757	0.440306342	8.2393083	0.14596152
172	-0.767115657	0.440444286	8.25129447	0.146210767
173	-0.767103667	0.440472438	8.24948569	0.14598104
174	-0.767101161	0.440369297	8.2495046	0.146007471
175	-0.767143081	0.440408481	8.25252489	0.146191771
176	-0.76716347	0.440506503	8.26049627	0.146366682
177	-0.767150212	0.440360397	8.25413781	0.146272203
178	-0.767153669	0.440375503	8.25270804	0.146191326
179	-0.767151107	0.440397581	8.25028089	0.146076
180	-0.767157306	0.440517023	8.25258409	0.146143067
181	-0.767148281	0.44053058	8.2520438	0.146211823
182	-0.767178687	0.440457622	8.25605081	0.146323385
183	-0.767185687	0.440433259	8.25972905	0.146283279
184	-0.767183164	0.440337039	8.25733813	0.146403848
185	-0.767163755	0.440315724	8.25401341	0.146051546
186	-0.767180671	0.440331857	8.25285011	0.146078731
187	-0.767216868	0.440338601	8.25267363	0.146030588
188	-0.767222789	0.440356006	8.25142847	0.146152191
189	-0.767227921	0.440393208	8.25466417	0.146128317
190	-0.767241872	0.440368163	8.25316438	0.146080968
191	-0.767247812	0.440479211	8.25119992	0.146093194
192	-0.767256	0.440398944	8.25081913	0.146122938
193	-0.767272684	0.440424204	8.25246748	0.146013472
194	-0.767256603	0.440487423	8.25343171	0.146285835
195	-0.767261271	0.440481143	8.25261325	0.146039959
196	-0.767273289	0.440445655	8.25400971	0.145878735
197	-0.767284812	0.440478205	8.25261442	0.145996954
198	-0.767298613	0.440547202	8.25606234	0.146193273
199	-0.767305517	0.440573518	8.26019232	0.146377367
200	-0.767305406	0.440560399	8.25605912	0.14630232
