1	-0.72539008	0.414283815	6.20232727	0.113904
2	-0.7250338	0.40884366	6.11757455	0.10849
3	-0.724253093	0.404796929	6.02821091	0.097188
4	-0.72371114	0.406290532	6.04126	0.101357
5	-0.723435936	0.407846592	6.04236509	0.1060368
6	-0.72359912	0.405354686	6.00846061	0.103022667
7	-0.724124857	0.405586346	6.02590234	0.102928571
8	-0.72440087	0.405530694	6.08980273	0.1071435
9	-0.724897538	0.406332861	6.14102869	0.110299111
10	-0.724671728	0.406174585	6.11084218	0.1069464
11	-0.724806807	0.406572393	6.10515174	0.107540364
12	-0.724461027	0.40679256	6.08896364	0.105118
13	-0.724590917	0.406678841	6.09718937	0.104653538
14	-0.7249088	0.406524972	6.10310649	0.105497143
15	-0.725085429	0.406041776	6.11991079	0.1072848
16	-0.724996465	0.406749039	6.12001773	0.10722325
17	-0.725014504	0.407022641	6.12127914	0.106748706
18	-0.725318867	0.408188893	6.14941697	0.109698889
19	-0.725202438	0.408973111	6.12936	0.107595579
20	-0.72536312	0.409442509	6.15533018	0.107836
21	-0.725067166	0.409211265	6.11990615	0.105948762
22	-0.724883953	0.4081972	6.08346017	0.106197636
23	-0.725033374	0.408393838	6.08851826	0.10839913
24	-0.724959673	0.408142201	6.07396061	0.108467
25	-0.724936672	0.408240637	6.08656349	0.1095536
26	-0.724890086	0.408466263	6.09197091	0.110365846
27	-0.724906809	0.408488346	6.08505912	0.111236741
28	-0.724857623	0.408785616	6.08307429	0.111995429
29	-0.724805098	0.408912629	6.09258934	0.111979034
30	-0.724766275	0.409418746	6.08851418	0.1116204
31	-0.724805569	0.409728084	6.10521666	0.112536516
32	-0.724905368	0.409500387	6.11651386	0.112718375
33	-0.724793954	0.409561977	6.11513344	0.112788606
34	-0.724598642	0.409640619	6.09905091	0.112202706
35	-0.724628297	0.409932552	6.09805465	0.112283429
36	-0.724682304	0.409619415	6.10309717	0.112615222
37	-0.724641053	0.409680252	6.08964226	0.112095892
38	-0.724574392	0.409562687	6.07721684	0.111593263
39	-0.724624349	0.409669254	6.08143068	0.112427692
40	-0.724636902	0.409536791	6.08881691	0.1131351
41	-0.724533627	0.409632656	6.07791042	0.112759415
42	-0.724494861	0.4098504	6.07288623	0.112066857
43	-0.724499107	0.409808077	6.06438968	0.111541395
44	-0.724417425	0.409807458	6.07386645	0.111444
45	-0.724317991	0.409269916	6.06105277	0.110895111
46	-0.724311049	0.409021596	6.05869992	0.110613304
47	-0.72434106	0.408859637	6.05006809	0.109197702
48	-0.724253457	0.408909367	6.04657576	0.1088145
49	-0.724263425	0.408868412	6.0425033	0.108975347
50	-0.724272002	0.409144197	6.05529062	0.10908008
51	-0.724263724	0.409209952	6.06817683	0.110213647
52	-0.724249022	0.409387217	6.06268559	0.110197231
53	-0.724335411	0.409294073	6.06187417	0.110491321
54	-0.724409871	0.409315382	6.06406316	0.110226889
55	-0.724365837	0.409167047	6.0634043	0.109935491
56	-0.724412659	0.409303606	6.06776481	0.110190071
57	-0.724413058	0.409449221	6.07059113	0.110126596
58	-0.724485032	0.409150423	6.06757567	0.110520552
59	-0.724568579	0.409025839	6.06731032	0.110028949
60	-0.724563064	0.409226843	6.06168824	0.109599867
61	-0.724566202	0.409293182	6.05983821	0.109346164
62	-0.724512125	0.409727252	6.0596712	0.109180452
63	-0.724543755	0.409749176	6.06661091	0.109149651
64	-0.724537966	0.409924117	6.06321807	0.109329562
65	-0.724550258	0.409919071	6.05781292	0.109039077
66	-0.724564914	0.409794245	6.0571405	0.108906303
67	-0.7246093	0.409903589	6.06531224	0.10947397
68	-0.724571319	0.409740082	6.05872545	0.109307118
69	-0.72462088	0.409606202	6.06260775	0.109559942
70	-0.724690322	0.409538156	6.07331948	0.109956114
71	-0.724649265	0.409608522	6.07124927	0.109894254
72	-0.724573836	0.409444714	6.06341051	0.109869556
73	-0.724548529	0.409480779	6.06131078	0.109963452
74	-0.724551627	0.40969871	6.0612286	0.110116486
75	-0.72453762	0.409811958	6.05815127	0.11028368
76	-0.724552909	0.409757835	6.06077971	0.110450737
77	-0.724564047	0.409872642	6.0591455	0.110098442
78	-0.724572897	0.409811256	6.06015711	0.110019231
79	-0.724621478	0.410257612	6.06972483	0.110527089
80	-0.724680026	0.410130349	6.07448182	0.1106663
81	-0.724690629	0.409996072	6.06941827	0.110427753
82	-0.72472113	0.410183489	6.0750086	0.110597951
83	-0.724777083	0.410173964	6.07613301	0.109962602
84	-0.724783123	0.41035338	6.08076355	0.110484714
85	-0.724764699	0.410473698	6.07983889	0.110522024
86	-0.724798486	0.410508828	6.08140786	0.110612651
87	-0.724788165	0.410401494	6.07739009	0.110111678
88	-0.724807727	0.410250477	6.07441058	0.110159091
89	-0.72484574	0.410368269	6.07873291	0.110471281
90	-0.724899004	0.410385198	6.08247079	0.111008
91	-0.724930694	0.410393981	6.08689982	0.111189626
92	-0.724872917	0.410344942	6.08172403	0.110989348
93	-0.724843309	0.410226845	6.08091629	0.111085892
94	-0.724781717	0.41019152	6.07666135	0.110975234
95	-0.724753873	0.410107539	6.07399028	0.110923116
96	-0.724728535	0.410057732	6.07422924	0.11092675
97	-0.724764873	0.410044391	6.06924918	0.110491093
98	-0.724751542	0.410176216	6.06909722	0.110426082
99	-0.724725421	0.410282513	6.06256022	0.110594303
100	-0.724750026	0.410361541	6.06209658	0.11094128
1	-0.72586464	0.411513419	6.21322182	0.109232
2	-0.72519568	0.409443637	6.11829818	0.105784
3	-0.72418552	0.406663335	6.03067394	0.0955426667
4	-0.72366784	0.4068107	6.04781455	0.100092
5	-0.723563936	0.40922045	6.04247273	0.1050768
6	-0.72378028	0.406006309	6.00516485	0.101947333
7	-0.724241783	0.406787105	6.02177039	0.102032
8	-0.72457466	0.405679969	6.08726	0.106433
9	-0.725151582	0.406480689	6.13858343	0.109756889
10	-0.72492796	0.406413761	6.10759055	0.106518
11	-0.725040895	0.406614203	6.1041514	0.107062909
12	-0.72465382	0.407024882	6.09165273	0.104724333
13	-0.72479352	0.406827079	6.10016615	0.104260615
14	-0.72510164	0.407417401	6.10613455	0.105082
15	-0.725271189	0.40695477	6.12388655	0.106919467
16	-0.72518464	0.407728214	6.12255909	0.106882
17	-0.725167435	0.407609254	6.12368941	0.106465882
18	-0.725475013	0.408160067	6.15189253	0.109417333
19	-0.725338459	0.40858168	6.13004019	0.107280842
20	-0.72548448	0.409332543	6.15543636	0.107504
21	-0.725147966	0.408617737	6.11945662	0.105645905
22	-0.724951	0.407599775	6.0836076	0.105931818
23	-0.725108153	0.407611956	6.09030451	0.108155478
24	-0.725062507	0.407268161	6.07657697	0.108275333
25	-0.725055926	0.407340118	6.08987433	0.10938832
26	-0.724978532	0.407718581	6.09509007	0.110203538
27	-0.725025695	0.40785233	6.0889029	0.111092148
28	-0.724999489	0.408126047	6.08751091	0.111860143
29	-0.724944499	0.408346766	6.09600878	0.111831862
30	-0.724904323	0.408918351	6.09147467	0.1114828
31	-0.724917631	0.409118747	6.10895249	0.112423484
32	-0.725014745	0.408955421	6.12048045	0.11261225
33	-0.724921016	0.40914577	6.11931482	0.11266897
34	-0.724730706	0.409132575	6.10237775	0.112076471
35	-0.724773287	0.409261102	6.1019946	0.112184343
36	-0.724811333	0.408998249	6.10689818	0.112488889
37	-0.724787723	0.409038501	6.0931774	0.111980757
38	-0.724725802	0.408913377	6.08165742	0.111469053
39	-0.72477359	0.408833087	6.08562629	0.112310256
40	-0.724779442	0.408814333	6.09322782	0.1130121
41	-0.724698492	0.408891601	6.0825733	0.112651415
42	-0.724630248	0.409153892	6.07721316	0.111979048
43	-0.724633734	0.409115366	6.06894376	0.111463442
44	-0.724581018	0.409054721	6.07826248	0.111378182
45	-0.724480843	0.408692079	6.06587636	0.110851022
46	-0.72446895	0.408348359	6.06284806	0.110560522
47	-0.72450201	0.408057636	6.05453385	0.109160085
48	-0.724427418	0.408013196	6.05086288	0.108787583
49	-0.724422121	0.407984914	6.04650167	0.108934612
50	-0.724444093	0.408273761	6.0594528	0.10905264
51	-0.724447282	0.408398848	6.0727923	0.110199373
52	-0.724434792	0.408593298	6.06787706	0.110185769
53	-0.72452006	0.408586067	6.06709654	0.110470943
54	-0.724583507	0.408726589	6.06897522	0.11021237
55	-0.724532976	0.408677201	6.0682363	0.109921527
56	-0.724567553	0.408862833	6.07223286	0.110177643
57	-0.724573418	0.409013099	6.07567388	0.110116491
58	-0.724641246	0.408763803	6.07292577	0.110503655
59	-0.724726839	0.408544495	6.07302139	0.110036881
60	-0.724738963	0.408705114	6.06760558	0.1096148
61	-0.724742296	0.40870382	6.06594015	0.109357443
62	-0.724704742	0.409146426	6.06592387	0.109198387
63	-0.724730453	0.409226155	6.07246084	0.109163937
64	-0.724711149	0.409322055	6.06930261	0.109344938
65	-0.724729926	0.409416514	6.06421941	0.109056308
66	-0.724739994	0.409343301	6.06302314	0.108914848
67	-0.724778411	0.409468482	6.07106399	0.109487701
68	-0.724730682	0.409228036	6.06426802	0.109328235
69	-0.724775223	0.409051456	6.06804343	0.109566957
70	-0.724839203	0.409036988	6.07872509	0.109965886
71	-0.724816231	0.409129974	6.07668435	0.109915775
72	-0.724731587	0.409096589	6.0687699	0.109884889
73	-0.724703167	0.409177681	6.06600807	0.109974795
74	-0.72470557	0.409377087	6.06601887	0.11012173
75	-0.72469629	0.409503661	6.06272388	0.11029184
76	-0.724718768	0.409444328	6.06499981	0.110448947
77	-0.724724459	0.409609083	6.06387306	0.110103481
78	-0.724728343	0.40959445	6.06519702	0.110032513
79	-0.724768381	0.410001778	6.07479052	0.11054562
80	-0.724825824	0.409845974	6.07929673	0.1106862
81	-0.724831528	0.40970081	6.07431506	0.110430716
82	-0.724859284	0.409900325	6.07988701	0.11060322
83	-0.724900574	0.409868604	6.08072254	0.109968482
84	-0.724901812	0.410065847	6.0853303	0.110490619
85	-0.724871235	0.410157073	6.08422836	0.110531153
86	-0.724909016	0.410254929	6.08602622	0.110622884
87	-0.72490068	0.410150967	6.08177053	0.110128276
88	-0.724911848	0.410068666	6.07890074	0.110174227
89	-0.724941475	0.410146595	6.08276437	0.110480494
90	-0.724999104	0.410151538	6.08627152	0.111017422
91	-0.72502498	0.41017492	6.09099644	0.111205055
92	-0.72497561	0.410116771	6.08596553	0.110997913
93	-0.724945628	0.409988846	6.08497908	0.111087828
94	-0.72489059	0.409897263	6.08049416	0.110972043
95	-0.724864549	0.40980671	6.0780183	0.110932716
96	-0.724839223	0.409784223	6.07797985	0.110940333
97	-0.724876557	0.409770441	6.07310493	0.110508247
98	-0.724856087	0.409902005	6.072758	0.110441061
99	-0.724836822	0.40993259	6.0661816	0.110604727
100	-0.724860962	0.409994527	6.06580684	0.11095608
101	-0.724853969	0.409887931	6.06365192	0.110520238
102	-0.724838612	0.409913004	6.06299636	0.110287451
103	-0.724857209	0.410064934	6.07007619	0.110188583
104	-0.724825437	0.409997396	6.0680993	0.110256462
105	-0.724867414	0.410098355	6.07297517	0.110269752
106	-0.724897714	0.410177343	6.07778093	0.110387585
107	-0.724906671	0.410276101	6.07656761	0.110335439
108	-0.724908229	0.41038196	6.07880141	0.110522556
109	-0.724925235	0.410336856	6.07910105	0.11041222
110	-0.724921319	0.410374863	6.07644357	0.110607745
111	-0.724944699	0.410452226	6.08047017	0.110683604
112	-0.724939233	0.410459237	6.08145455	0.110825929
113	-0.724996189	0.41042292	6.08926101	0.110743965
114	-0.724966648	0.410453036	6.08239834	0.110690316
115	-0.724954733	0.410435383	6.07926014	0.110526226
116	-0.724971526	0.410260019	6.07915643	0.110434931
117	-0.724943364	0.410048954	6.07499661	0.110104957
118	-0.72491295	0.409996696	6.0705428	0.109888169
119	-0.724891778	0.409885188	6.06682756	0.109556975
120	-0.72489198	0.409961056	6.07003624	0.109595667
121	-0.724874749	0.410038728	6.07538332	0.109496132
122	-0.724874424	0.410184551	6.07888823	0.109232656
123	-0.724877441	0.410373159	6.08369283	0.109416748
124	-0.724887618	0.410340905	6.0853817	0.109793806
125	-0.724907121	0.410341757	6.08586176	0.109855264
126	-0.724884871	0.410260049	6.08335988	0.109773714
127	-0.724850913	0.41023999	6.08447513	0.10982126
128	-0.724868578	0.410302581	6.08696824	0.110094531
129	-0.724865859	0.410304764	6.0867439	0.110226295
130	-0.724847324	0.410265318	6.085832	0.110184646
131	-0.724815765	0.410412579	6.08406612	0.110098168
132	-0.724802747	0.410445906	6.08242705	0.109879788
133	-0.724805778	0.410480971	6.08447825	0.10998815
134	-0.724812763	0.410426675	6.08412678	0.109790388
135	-0.724808705	0.410506079	6.0851256	0.109744889
136	-0.724796022	0.410483568	6.08476599	0.109774647
137	-0.724804703	0.4104102	6.08537662	0.109622015
138	-0.724829157	0.410445458	6.08733939	0.109904203
139	-0.72483862	0.410444332	6.08642035	0.109856201
140	-0.724849786	0.410438737	6.08633216	0.109835029
141	-0.724838578	0.410359498	6.0866219	0.109744511
142	-0.724810395	0.410341458	6.08410991	0.109666254
143	-0.724832208	0.410341496	6.08586751	0.109588028
144	-0.724821223	0.410208108	6.08092152	0.109327833
145	-0.724802714	0.410222727	6.0809116	0.109203283
146	-0.724789567	0.410321961	6.08456179	0.109081096
147	-0.724749819	0.410273033	6.08414412	0.108854231
148	-0.724753279	0.410219279	6.08390619	0.108736946
149	-0.724776838	0.410213418	6.08541847	0.108629826
150	-0.724772082	0.410203134	6.08136398	0.108444107
151	-0.724764555	0.410026024	6.07639634	0.108278066
152	-0.724781231	0.409917616	6.07385254	0.108169421
153	-0.724758488	0.409942251	6.0728144	0.108217229
154	-0.72477397	0.409932387	6.06976434	0.108220571
155	-0.724794267	0.409892604	6.0716077	0.108381755
156	-0.724796417	0.409868837	6.07062774	0.108238795
157	-0.724783268	0.409808379	6.06980984	0.108258955
158	-0.724790469	0.40974291	6.07482131	0.108526
159	-0.724792731	0.409745866	6.07295099	0.108451648
160	-0.72478478	0.409743651	6.07128318	0.108499
161	-0.72478901	0.409750107	6.0716603	0.10850887
162	-0.724797216	0.409819415	6.07557208	0.108789185
163	-0.72480797	0.409869285	6.07464384	0.108651264
164	-0.724814409	0.409873571	6.07301641	0.108610683
165	-0.724774483	0.409859708	6.06898036	0.108508412
166	-0.724778398	0.409978192	6.06867908	0.108488578
167	-0.724766192	0.41000119	6.06694633	0.108558683
168	-0.724749346	0.410233444	6.06650996	0.108712524
169	-0.724780216	0.410229083	6.06633364	0.108776473
170	-0.724746768	0.410193762	6.06634516	0.108851341
171	-0.724736096	0.410236739	6.06604661	0.108846901
172	-0.724717497	0.410220351	6.06523856	0.10876786
173	-0.724704189	0.410204343	6.06369707	0.108460301
174	-0.724704777	0.410212674	6.06069868	0.108385977
175	-0.724726687	0.41024816	6.06195886	0.108581189
176	-0.724723852	0.410259226	6.06279264	0.1087085
177	-0.724706546	0.410322836	6.05986679	0.108773605
178	-0.724709187	0.410291006	6.0584952	0.108773933
179	-0.724712273	0.410260973	6.05632443	0.108793542
180	-0.724694843	0.410367663	6.05552663	0.108795467
181	-0.724708198	0.410407102	6.05724982	0.108755735
182	-0.724714171	0.41042866	6.0556991	0.108726154
183	-0.724703802	0.410398777	6.05515946	0.108827279
184	-0.724714272	0.410458676	6.05444087	0.108807087
185	-0.724691384	0.410495739	6.05240385	0.108616757
186	-0.724689989	0.410498551	6.05394373	0.108686559
187	-0.724694272	0.410485651	6.0544014	0.108649412
188	-0.724715979	0.410482645	6.05496708	0.108820234
189	-0.724713828	0.41050052	6.05527561	0.108745376
190	-0.724748313	0.410521886	6.05799296	0.1088304
191	-0.72477217	0.410500079	6.05964352	0.108853529
192	-0.724772953	0.410499094	6.05643701	0.108855979
193	-0.724782919	0.41052137	6.05766734	0.108822611
194	-0.724778654	0.410554601	6.05519955	0.108802804
195	-0.724760764	0.410476846	6.0531962	0.108464882
196	-0.724781279	0.410497199	6.05469317	0.108551694
197	-0.724760245	0.410528642	6.05027459	0.108375695
198	-0.724761875	0.410586587	6.05276077	0.108544242
199	-0.724750859	0.410652313	6.05417908	0.108588201
200	-0.724775026	0.410625976	6.05592633	0.10864532
