1	-0.46059352	0.202517391	1.365572	0.031276
2	-0.46268584	0.199182197	1.354856	0.027892
3	-0.46236448	0.201939683	1.35809067	0.0267573333
4	-0.46175724	0.199964173	1.360384	0.027662
5	-0.46167096	0.200644237	1.364892	0.026348
6	-0.46231352	0.200932297	1.364804	0.024676
7	-0.462332971	0.200566683	1.36369543	0.02522
8	-0.462432	0.200327301	1.366829	0.026
9	-0.46270496	0.199882385	1.36813511	0.0273368889
10	-0.462679312	0.199814338	1.3705056	0.0275256
11	-0.462863091	0.199660357	1.37188618	0.0287181818
12	-0.462855013	0.199651498	1.37295267	0.0286506667
13	-0.462854628	0.199434801	1.373436	0.0291006154
14	-0.463020006	0.199174429	1.37602086	0.0291145714
15	-0.463128731	0.199160092	1.3741016	0.0283565333
16	-0.46312624	0.1994543	1.3734935	0.028662
17	-0.463207049	0.199184948	1.37558635	0.0287289412
18	-0.463310693	0.199059128	1.37825111	0.0290235556
19	-0.46320064	0.199066202	1.37637895	0.0286425263
20	-0.463028124	0.199035783	1.3752398	0.0284662
21	-0.463199825	0.198898698	1.37562019	0.0280864762
22	-0.463136713	0.198694997	1.37486509	0.0279992727
23	-0.463204226	0.198645238	1.37720296	0.0278808696
24	-0.46322188	0.198604117	1.376187	0.0277606667
25	-0.46330785	0.198375327	1.37729776	0.02763248
26	-0.463263692	0.198469382	1.37704431	0.0277076923
27	-0.463286009	0.198409728	1.37735378	0.0278411852
28	-0.463282146	0.198415084	1.37692957	0.0278501429
29	-0.463301589	0.198417881	1.37752166	0.0279208276
30	-0.463259325	0.198283934	1.3762196	0.0277129333
31	-0.463210514	0.198368704	1.37648929	0.0277772903
32	-0.463278495	0.198348684	1.37661725	0.02772475
33	-0.463340832	0.198309405	1.37724885	0.0277324848
34	-0.463306755	0.198226866	1.37817024	0.0279965882
35	-0.463270153	0.198199572	1.37896046	0.0278962286
36	-0.463294298	0.198151713	1.38034556	0.0277926667
37	-0.463341226	0.198038496	1.37959708	0.0278288649
38	-0.463350248	0.197896396	1.38002632	0.0281229474
39	-0.463302566	0.197801731	1.37917713	0.0280821538
40	-0.463303224	0.197984769	1.3795132	0.0280312
41	-0.463314769	0.198030219	1.37900478	0.0281579512
42	-0.46335384	0.197935484	1.378888	0.0280729524
43	-0.463398337	0.19806607	1.37875033	0.0280191628
44	-0.4634467	0.197989832	1.37852445	0.0279259091
45	-0.463372667	0.197938015	1.37841307	0.0279577778
46	-0.463365878	0.197971017	1.378172	0.027693913
47	-0.463402208	0.197959023	1.37795055	0.0277529362
48	-0.463364512	0.197930752	1.37945075	0.0277589167
49	-0.463294793	0.197934659	1.37951665	0.0276947755
50	-0.463271261	0.197975542	1.38028304	0.02764304
51	-0.463213096	0.197915411	1.37963961	0.0276665882
52	-0.463191003	0.197934695	1.37947062	0.0276501538
53	-0.463181094	0.197995684	1.37934951	0.0275377358
54	-0.463106141	0.197847999	1.37975074	0.02747
55	-0.46312398	0.197791815	1.38021542	0.0274208
56	-0.46308449	0.19764639	1.37892493	0.0274387857
57	-0.463110401	0.197574899	1.37873874	0.0274288421
58	-0.463082861	0.197664621	1.3773749	0.0275016552
59	-0.463056994	0.197659298	1.37683722	0.0275547797
60	-0.463040504	0.197627303	1.37692493	0.0275718667
61	-0.463072616	0.197602849	1.37669207	0.0275783607
62	-0.463068863	0.19768934	1.37651	0.0277076774
63	-0.463057491	0.197754272	1.3767779	0.0276872381
64	-0.463070957	0.197689661	1.37735213	0.027685375
65	-0.463096638	0.197709291	1.3773776	0.0276072615
66	-0.46308448	0.197710546	1.37682727	0.0275209697
67	-0.463077008	0.197738924	1.37715487	0.0274444179
68	-0.463051667	0.197707431	1.37745053	0.0274480588
69	-0.463052285	0.197707586	1.37799757	0.0275244058
70	-0.463057457	0.197781531	1.3774884	0.0275242857
71	-0.463057313	0.197761089	1.37775499	0.0275078873
72	-0.463062833	0.197707197	1.37769611	0.0273305556
73	-0.463071178	0.197780195	1.37779189	0.0274767123
74	-0.46308957	0.197738528	1.37801719	0.0275433514
75	-0.463082774	0.197713837	1.37756603	0.0274240533
76	-0.463088307	0.197679093	1.37789295	0.0275364211
77	-0.46308393	0.197651585	1.37819081	0.0275991169
78	-0.46308684	0.197601479	1.37820138	0.0276137949
79	-0.463071103	0.197621475	1.377968	0.0276158987
80	-0.46311436	0.197620265	1.3779848	0.027588
81	-0.463115465	0.197579122	1.37800948	0.0275954568
82	-0.463143956	0.197560979	1.37807205	0.0275636585
83	-0.463139916	0.197547992	1.37804834	0.0275548434
84	-0.463133634	0.197573879	1.37857667	0.0275769524
85	-0.463150544	0.19755155	1.37836014	0.0274660235
86	-0.463162207	0.19758218	1.37830944	0.0275196744
87	-0.463167932	0.197541697	1.37806198	0.0275368276
88	-0.463152615	0.197519861	1.37815186	0.0275307727
89	-0.463172164	0.197521892	1.37790782	0.0276149663
90	-0.463168637	0.197508287	1.3779188	0.0275785333
91	-0.463173796	0.197518286	1.37764963	0.0275557363
92	-0.463168399	0.197559578	1.37745717	0.0275199565
93	-0.463178088	0.197551484	1.37778155	0.0275581505
94	-0.463196437	0.197553774	1.37777434	0.0276005532
95	-0.463185445	0.197559775	1.37781735	0.0276806737
96	-0.463153843	0.197577488	1.37790592	0.027688
97	-0.463137033	0.197568803	1.37821926	0.0277094021
98	-0.463122607	0.19751452	1.37790302	0.0276609796
99	-0.463104234	0.197494931	1.37826844	0.0275874747
100	-0.463094904	0.197437324	1.37788416	0.0275132
1	-0.46107968	0.199601649	1.341104	0.030784
2	-0.4626532	0.199143219	1.347812	0.02786
3	-0.462290053	0.199664223	1.352604	0.027036
4	-0.4616878	0.198691956	1.355068	0.02769
5	-0.461531872	0.198519464	1.3606592	0.0260336
6	-0.462109787	0.198860668	1.36074133	0.024156
7	-0.462120526	0.198159964	1.35987429	0.0248834286
8	-0.46233928	0.198109808	1.361278	0.025814
9	-0.462771004	0.197817417	1.36451289	0.0273057778
10	-0.46248488	0.198123875	1.3675096	0.027604
11	-0.462869985	0.197765854	1.36941709	0.0289174545
12	-0.462858227	0.197776983	1.36955333	0.028778
13	-0.463049914	0.197828304	1.37290862	0.0292956923
14	-0.463191686	0.197714721	1.37537343	0.0293557143
15	-0.463249819	0.19772224	1.37568293	0.0285442667
16	-0.463236275	0.197773517	1.37484875	0.02883875
17	-0.463305487	0.197865176	1.37740659	0.0289684706
18	-0.463376213	0.197689618	1.380476	0.0292328889
19	-0.463313107	0.197705569	1.37932737	0.0287501053
20	-0.463181176	0.197719051	1.3780576	0.0285588
21	-0.463332091	0.197799597	1.37930552	0.0281664762
22	-0.463258422	0.197608155	1.37864509	0.0280665455
23	-0.463270483	0.197680731	1.38040939	0.0279415652
24	-0.463274647	0.197725161	1.37879333	0.0277656667
25	-0.463329946	0.197616118	1.37977664	0.02769728
26	-0.463280102	0.197556036	1.378582	0.0277589231
27	-0.463225799	0.19762359	1.37829378	0.0278232593
28	-0.463226137	0.197734376	1.37826686	0.0278211429
29	-0.463211319	0.197991772	1.37941779	0.0278348966
30	-0.463184949	0.19802882	1.3784256	0.0276474667
31	-0.463134294	0.198035618	1.37890568	0.0276824516
32	-0.463179997	0.197968364	1.37900413	0.027574875
33	-0.463260136	0.19787269	1.37963564	0.0275643636
34	-0.463207082	0.197871616	1.37987529	0.0277894118
35	-0.463159419	0.197928349	1.38035771	0.0276738286
36	-0.463209611	0.198110795	1.38186189	0.0276361111
37	-0.46323877	0.198101133	1.38082757	0.0276465946
38	-0.463231977	0.197995297	1.38117568	0.0279672632
39	-0.463154728	0.197937703	1.38045108	0.0279415385
40	-0.463137438	0.19804799	1.3805519	0.0279019
41	-0.463218862	0.197984458	1.37993434	0.0279967805
42	-0.463289133	0.19785328	1.37993648	0.027942381
43	-0.463321944	0.197883471	1.37949479	0.0278274419
44	-0.463369509	0.19786692	1.37937964	0.0277027273
45	-0.463300546	0.197749341	1.37947084	0.0277472889
46	-0.463298466	0.197900757	1.379	0.0274711304
47	-0.463311561	0.19779658	1.37843217	0.0275525106
48	-0.463277512	0.19778985	1.38031042	0.0275589167
49	-0.463214413	0.197806393	1.38053078	0.0275206531
50	-0.463181416	0.197766852	1.3810924	0.0274948
51	-0.463123274	0.197643366	1.38039302	0.0274891765
52	-0.463092278	0.197732837	1.38042115	0.0274831538
53	-0.463062877	0.19766271	1.38033977	0.027362717
54	-0.462976191	0.197528061	1.38071459	0.027291037
55	-0.462966095	0.197514431	1.38135942	0.0272501818
56	-0.462957176	0.197505914	1.38004621	0.0272587857
57	-0.462990014	0.197374355	1.37980919	0.0272550877
58	-0.462968132	0.197462581	1.37833338	0.0273169655
59	-0.462958574	0.197416982	1.37787458	0.0273727458
60	-0.462937739	0.19739606	1.37787693	0.0274002667
61	-0.462929374	0.197408731	1.37744892	0.0273998689
62	-0.462911285	0.19739265	1.3771151	0.0275126452
63	-0.462931702	0.197383484	1.37724654	0.0274612698
64	-0.462954776	0.197352121	1.37808156	0.0274763125
65	-0.462965618	0.197328011	1.37826234	0.0273824615
66	-0.462949939	0.197318048	1.37768885	0.0273212121
67	-0.462937448	0.197385562	1.37802322	0.0272425672
68	-0.462924606	0.197390847	1.37833947	0.0272185294
69	-0.462940267	0.197320794	1.37901333	0.0273031884
70	-0.462954171	0.197337482	1.3784504	0.0272971429
71	-0.462980521	0.197261175	1.37903245	0.0273077183
72	-0.462973811	0.197283042	1.37903756	0.0271461111
73	-0.462993501	0.197336837	1.3792263	0.0272915068
74	-0.462983463	0.197340665	1.37937497	0.0273569189
75	-0.462960372	0.197350743	1.37902149	0.0272399467
76	-0.462977651	0.197315513	1.37919484	0.0273456842
77	-0.462984477	0.197281947	1.37949699	0.0274056623
78	-0.462986052	0.197290969	1.37932005	0.0274205641
79	-0.462976125	0.197323006	1.37920805	0.0274492658
80	-0.463023346	0.197256674	1.3792611	0.0274173
81	-0.463031449	0.197257763	1.3793118	0.0274242963
82	-0.463043773	0.197308639	1.37904415	0.0273886341
83	-0.463048508	0.197310247	1.3791214	0.0273844337
84	-0.463041789	0.197379371	1.37957819	0.0274084762
85	-0.463069644	0.197384505	1.37940061	0.0272892706
86	-0.463088976	0.197420134	1.3792713	0.0273511163
87	-0.463101808	0.197341121	1.37904625	0.0273708506
88	-0.463100202	0.197309228	1.37923045	0.0273828182
89	-0.463113577	0.197324549	1.37904342	0.0274631011
90	-0.463094316	0.197277467	1.37900098	0.0274313778
91	-0.463104584	0.197300202	1.37852527	0.0274181978
92	-0.463103943	0.197317139	1.37848652	0.0273753913
93	-0.463114194	0.197328661	1.37875385	0.0274301505
94	-0.463120465	0.197309077	1.37879353	0.0274657872
95	-0.463106953	0.19733862	1.37888661	0.0275539789
96	-0.463078874	0.197349426	1.37878913	0.027547875
97	-0.463057341	0.197363737	1.3789252	0.0275804536
98	-0.463056818	0.197342661	1.3787142	0.0275225306
99	-0.463038963	0.197336134	1.37889669	0.0274552323
100	-0.463036666	0.197311076	1.37830576	0.02738528
101	-0.463036417	0.197334505	1.37792269	0.0273614257
102	-0.463036591	0.197332255	1.37827537	0.0273158431
103	-0.463049637	0.197298813	1.37803926	0.0273284272
104	-0.46305354	0.197323801	1.37870954	0.0272577692
105	-0.463052728	0.197343851	1.3784648	0.0272649524
106	-0.463066113	0.197368486	1.37852211	0.0273018868
107	-0.463042595	0.197331411	1.37865985	0.0273185421
108	-0.463037071	0.197353008	1.378612	0.0272239259
109	-0.463027203	0.197358128	1.37927699	0.0272170275
110	-0.463031709	0.197351625	1.37906545	0.0271963636
111	-0.463024365	0.197376373	1.37888141	0.0272146667
112	-0.463033887	0.197358845	1.37869243	0.0272693571
113	-0.463033325	0.197339714	1.37844315	0.0272060531
114	-0.463055914	0.197338721	1.37869375	0.0272378246
115	-0.46306041	0.197335783	1.37865238	0.0272153043
116	-0.463062115	0.197351883	1.37850686	0.0272574828
117	-0.463046994	0.19733049	1.37836506	0.0272795897
118	-0.463062152	0.197310554	1.37871586	0.0272465763
119	-0.463062524	0.197300704	1.37916373	0.0272640336
120	-0.463055326	0.197328251	1.3796479	0.0272829667
121	-0.463073519	0.197328095	1.37923636	0.0272396033
122	-0.463061434	0.197330642	1.37905072	0.0271700656
123	-0.46305185	0.197311894	1.37893616	0.0271843577
124	-0.463046503	0.197308653	1.378684	0.0271703226
125	-0.463049575	0.197318929	1.37868464	0.027256352
126	-0.463054409	0.197330014	1.37795333	0.0272886984
127	-0.463046084	0.197336956	1.37762479	0.0273089449
128	-0.463057101	0.197360898	1.37783213	0.0272988125
129	-0.463056452	0.197366542	1.37765299	0.0272722171
130	-0.46305267	0.197357938	1.37804498	0.0273196308
131	-0.463052322	0.197361479	1.37777521	0.027281771
132	-0.463064224	0.197364552	1.37776121	0.0272869697
133	-0.463079462	0.197329699	1.37733729	0.0273054135
134	-0.463084714	0.197348489	1.37686842	0.0272804776
135	-0.463061081	0.197353853	1.37670913	0.0273
136	-0.463069809	0.197345265	1.37662235	0.027264
137	-0.463076075	0.197350568	1.37659191	0.0271993869
138	-0.463099819	0.197352122	1.37649849	0.0271851594
139	-0.463099985	0.197334899	1.37653358	0.0271978129
140	-0.463106182	0.197323153	1.3768486	0.0272119714
141	-0.463102077	0.197344096	1.37718604	0.0272371631
142	-0.463096631	0.197357234	1.37738715	0.0272738028
143	-0.463086613	0.197360334	1.37713622	0.0272509091
144	-0.463076561	0.197332982	1.377141	0.0272780556
145	-0.463091194	0.197349426	1.37773286	0.0273321379
146	-0.463107874	0.197326522	1.37800044	0.0272923288
147	-0.463094612	0.197327594	1.37782141	0.0272748027
148	-0.463097547	0.197337384	1.37794189	0.0273368108
149	-0.463089162	0.197316975	1.37753702	0.0273332617
150	-0.463081595	0.197314974	1.37744459	0.0273757333
151	-0.463071293	0.197268273	1.37753754	0.0273792318
152	-0.463077584	0.197264055	1.37776639	0.0273739211
153	-0.463096746	0.197250385	1.37787582	0.027368
154	-0.463096042	0.197256304	1.37772397	0.0274072987
155	-0.463120684	0.197244872	1.3781713	0.027432929
156	-0.463141041	0.197250502	1.37820867	0.027495641
157	-0.463129754	0.197267096	1.37818775	0.0274609682
158	-0.46311492	0.197248659	1.37826686	0.0274776456
159	-0.463111193	0.197276162	1.37844531	0.0275093585
160	-0.463116216	0.197291542	1.3784288	0.0275083
161	-0.463096367	0.197264516	1.37840475	0.0274891677
162	-0.463089562	0.197269058	1.37828551	0.027500321
163	-0.463084778	0.197258917	1.37822128	0.0274217178
164	-0.463073529	0.197283156	1.37779944	0.0273837805
165	-0.463076247	0.197273457	1.37772536	0.0273977939
166	-0.463065761	0.197282783	1.37781398	0.0274013012
167	-0.463073285	0.197279445	1.3778503	0.0274726228
168	-0.46306764	0.197274224	1.37759036	0.0274534524
169	-0.463075344	0.197248876	1.37748667	0.0274358343
170	-0.463091836	0.197250363	1.37758148	0.0274082588
171	-0.463099293	0.1972417	1.37752	0.0274137544
172	-0.46309292	0.197232147	1.37726153	0.0273785581
173	-0.463082675	0.197226464	1.37760839	0.0273615029
174	-0.463082949	0.197215454	1.3777477	0.0273704138
175	-0.463099416	0.197212659	1.37761385	0.0273707886
176	-0.46309873	0.197220066	1.37761875	0.0274024318
177	-0.463092492	0.197255506	1.37781905	0.0274178305
178	-0.463083835	0.197246466	1.3777167	0.0274097303
179	-0.463091534	0.197263115	1.37746054	0.0274347933
180	-0.463092424	0.197256126	1.37756651	0.0274456222
181	-0.463079463	0.197266744	1.3774787	0.0274074033
182	-0.463072206	0.197267677	1.37752026	0.0274388571
183	-0.463073022	0.197292313	1.37787484	0.0274653115
184	-0.463076946	0.197297929	1.37788624	0.0274690217
185	-0.463066618	0.197291396	1.37784612	0.0274260108
186	-0.463050501	0.197263976	1.3776323	0.0274261075
187	-0.463046227	0.197260138	1.37785296	0.0274215187
188	-0.463065663	0.197238827	1.37789381	0.0273852553
189	-0.463080355	0.197237527	1.37798963	0.0274251429
190	-0.463084661	0.197251257	1.37811583	0.0274941053
191	-0.463077936	0.197271109	1.37824212	0.0274842513
192	-0.463077732	0.197280058	1.37825646	0.0274845417
193	-0.463080802	0.197265861	1.37816891	0.0274784249
194	-0.463059371	0.197266574	1.37809769	0.0274427629
195	-0.463070818	0.197295805	1.37807167	0.0274157538
196	-0.463071981	0.197290299	1.37812092	0.027441898
197	-0.463054902	0.197277731	1.37789596	0.0274760609
198	-0.463054607	0.197282272	1.37776459	0.027473798
199	-0.463042685	0.197260325	1.3776554	0.0274548744
200	-0.463037903	0.197256232	1.37746842	0.02740514
