1	-0.91709856	0.502545144	33.9195657	0.497328
2	-0.91616508	0.521868724	33.4771943	0.488654
3	-0.917850667	0.534473137	34.2024229	0.488133333
4	-0.91466274	0.534547719	32.8743057	0.467437
5	-0.914775904	0.531652232	32.8825097	0.4797552
6	-0.913997627	0.531325261	32.5021295	0.479148
7	-0.914078789	0.541345512	32.6241241	0.478110857
8	-0.91384737	0.54094979	32.4871386	0.4776685
9	-0.913986382	0.545970973	32.6635429	0.471985778
10	-0.91432828	0.543445908	32.7892903	0.479454
11	-0.913976713	0.541824884	32.6251616	0.479017455
12	-0.914468707	0.537881416	32.6921467	0.479168667
13	-0.914386511	0.536048631	32.6145495	0.478956308
14	-0.914289257	0.533070858	32.5112408	0.47772
15	-0.913890629	0.532941147	32.4089333	0.4743448
16	-0.91401864	0.533410409	32.4726714	0.473107
17	-0.913984306	0.532942433	32.5132376	0.467474118
18	-0.914222653	0.534051919	32.7027232	0.464999333
19	-0.914065642	0.531520758	32.5154719	0.459976842
20	-0.914350856	0.531552803	32.6776297	0.4611828
21	-0.914072827	0.529730126	32.5401029	0.459374667
22	-0.914219964	0.530137883	32.5763512	0.459634545
23	-0.91386577	0.529649822	32.3411523	0.454158087
24	-0.913952483	0.530278311	32.4036081	0.455790833
25	-0.913780256	0.530362566	32.3486199	0.4565488
26	-0.91362144	0.529746294	32.2779323	0.455164308
27	-0.913216104	0.529466663	32.1457147	0.451175556
28	-0.913106077	0.530209803	32.1061767	0.450203857
29	-0.912937338	0.531203373	32.0877025	0.44746
30	-0.912827629	0.530567303	32.0562952	0.445741467
31	-0.912744005	0.528687036	31.987812	0.444877677
32	-0.91249962	0.528979377	31.8800364	0.4431935
33	-0.912246645	0.528331453	31.7666739	0.441156485
34	-0.912182871	0.528828528	31.7517439	0.443308235
35	-0.912259015	0.528231507	31.7548398	0.4442536
36	-0.912407622	0.527350356	31.8086463	0.443958889
37	-0.912494357	0.52786305	31.8709146	0.443258378
38	-0.912679225	0.52787382	31.9304638	0.444592842
39	-0.912773136	0.527602299	31.9793958	0.445969641
40	-0.91263524	0.526029681	31.8762983	0.445682
41	-0.912824064	0.52626178	31.9638486	0.446422732
42	-0.912843208	0.526578786	31.9826618	0.446427048
43	-0.912796538	0.525742124	31.9556197	0.446775721
44	-0.912731445	0.526175113	31.9450439	0.445626818
45	-0.912745653	0.52703874	31.9852114	0.446953778
46	-0.912706296	0.527654201	31.9885337	0.446862609
47	-0.912629966	0.527156593	31.935972	0.445430213
48	-0.91267242	0.527182972	31.94883	0.446512667
49	-0.912537205	0.525762696	31.8556954	0.444737796
50	-0.912620285	0.526047657	31.9163214	0.44591824
51	-0.912722333	0.526157369	31.9748269	0.445457804
52	-0.912717446	0.526600188	31.9833024	0.44508
53	-0.912613582	0.526041761	31.9308778	0.442920604
54	-0.912668359	0.525852559	31.9420859	0.442803111
55	-0.912640186	0.526096769	31.942575	0.443223855
56	-0.912647024	0.5262067	31.9138451	0.442994071
57	-0.912637506	0.526302408	31.9168824	0.443334947
58	-0.912617222	0.527069675	31.93424	0.443219724
59	-0.912608872	0.527128849	31.9525263	0.44290461
60	-0.912579939	0.526802433	31.9395436	0.4422436
61	-0.912635245	0.52722782	31.9844583	0.442850754
62	-0.912556405	0.527934868	31.9570385	0.443207355
63	-0.912534907	0.527736438	31.9426737	0.443500889
64	-0.912534173	0.527070776	31.9204782	0.443527375
65	-0.912583713	0.527340029	31.9377848	0.443117969
66	-0.912667108	0.526745992	31.9617919	0.442506909
67	-0.912652469	0.526551544	31.941111	0.442223463
68	-0.912641942	0.526971596	31.9586334	0.441938294
69	-0.912578327	0.526638821	31.9203864	0.440869971
70	-0.912602865	0.526330131	31.9371264	0.440434686
71	-0.912734265	0.525984422	31.9995551	0.441806197
72	-0.912778003	0.526148036	32.0241621	0.442900167
73	-0.912822621	0.526008926	32.0394023	0.443925589
74	-0.91283009	0.526459271	32.0557694	0.444953135
75	-0.912917711	0.526610401	32.090485	0.44635488
76	-0.913048	0.526574242	32.1507744	0.447357895
77	-0.913025655	0.526132271	32.1446271	0.446150286
78	-0.913036929	0.525809957	32.154761	0.446425949
79	-0.913063773	0.525927465	32.1792923	0.446687392
80	-0.912938086	0.525922979	32.129142	0.4463843
81	-0.912916372	0.525546473	32.1072879	0.445418617
82	-0.912902185	0.525765382	32.1160254	0.445270244
83	-0.912837409	0.525601182	32.0828065	0.445494554
84	-0.912940894	0.525666601	32.1259444	0.446078048
85	-0.912937069	0.525486699	32.1066544	0.445973459
86	-0.912924609	0.525901445	32.100781	0.446067674
87	-0.913007817	0.526258261	32.1465896	0.447480506
88	-0.91298882	0.526351962	32.1496753	0.447427364
89	-0.912979089	0.526119356	32.1432442	0.447916225
90	-0.912811891	0.526175993	32.0775981	0.445932311
91	-0.912870798	0.526212238	32.1082855	0.446019033
92	-0.912824967	0.526188474	32.0734939	0.444874435
93	-0.912786445	0.526013433	32.045586	0.444277075
94	-0.912753908	0.526562216	32.0456725	0.444606043
95	-0.912738267	0.526717208	32.0461146	0.443839663
96	-0.912664735	0.526848401	32.011844	0.44383675
97	-0.912681965	0.527316774	32.0205976	0.444448742
98	-0.912623589	0.527039944	31.9903474	0.443906
99	-0.912604781	0.526562379	31.9863089	0.443725939
100	-0.912579054	0.526736015	31.9764757	0.44394072
1	-0.91754816	0.489855739	33.6307429	0.495808
2	-0.91634964	0.513141968	33.3498686	0.488282
3	-0.917898933	0.529801498	34.1288	0.488146667
4	-0.9146177	0.531246256	32.82154	0.467385
5	-0.914756048	0.528394771	32.838	0.4796424
6	-0.9139634	0.528830923	32.4564552	0.47897
7	-0.914098126	0.539347912	32.5935445	0.477992
8	-0.91385727	0.538628359	32.4585443	0.4776135
9	-0.913986889	0.544454716	32.6356889	0.471966667
10	-0.914303032	0.542073529	32.7578343	0.4793516
11	-0.91395816	0.540505048	32.5961132	0.478962545
12	-0.91443244	0.536172768	32.663381	0.479155333
13	-0.914355471	0.534357568	32.5829415	0.478912
14	-0.91423156	0.532047065	32.4841608	0.477663714
15	-0.913847787	0.531920172	32.3809234	0.474282667
16	-0.91399177	0.532413611	32.4479871	0.4730385
17	-0.913983642	0.5315381	32.4880928	0.467417412
18	-0.914193262	0.532838781	32.6765943	0.464885333
19	-0.914046253	0.530325351	32.492311	0.459912632
20	-0.91432746	0.530449436	32.6547674	0.461093
21	-0.914060933	0.528759967	32.5202999	0.459294286
22	-0.914202556	0.529170275	32.5566748	0.459546
23	-0.913849603	0.52858264	32.3209943	0.454080174
24	-0.913943787	0.529265876	32.384261	0.455739333
25	-0.91377985	0.529273882	32.3297989	0.45648048
26	-0.913622735	0.528633676	32.2592444	0.455121385
27	-0.913229049	0.528301569	32.1283369	0.451156148
28	-0.913110366	0.529294197	32.0900016	0.450175429
29	-0.912952623	0.530406086	32.0714506	0.447438069
30	-0.912851893	0.529591555	32.0391665	0.445714667
31	-0.91276639	0.527870884	31.9716645	0.444848516
32	-0.912536793	0.528080194	31.8642225	0.443139625
33	-0.912281088	0.527684683	31.750861	0.441096848
34	-0.912214544	0.528209996	31.7360481	0.443244824
35	-0.912279253	0.527819522	31.7406077	0.444202629
36	-0.912436522	0.526966016	31.795641	0.443926111
37	-0.912510368	0.527628694	31.8592503	0.443215676
38	-0.912687606	0.527703944	31.9198866	0.444559263
39	-0.912787095	0.527360786	31.9688407	0.445929128
40	-0.912651114	0.525750638	31.86561	0.4456457
41	-0.912834747	0.525996749	31.954516	0.446410537
42	-0.912852804	0.526280746	31.9740152	0.446411619
43	-0.912806212	0.525447686	31.9466352	0.446747814
44	-0.912739422	0.525979616	31.9363299	0.445598364
45	-0.912749269	0.526853278	31.9769874	0.446930133
46	-0.912709917	0.527478358	31.9810514	0.446843652
47	-0.912641006	0.526929345	31.9290507	0.445420511
48	-0.91268045	0.526918681	31.9429219	0.446514167
49	-0.912548136	0.52539728	31.8498283	0.444745551
50	-0.91263177	0.52578659	31.9108905	0.44592448
51	-0.912736107	0.52576918	31.9682071	0.445448471
52	-0.912729472	0.526194507	31.9763976	0.445065923
53	-0.912620184	0.525783863	31.9236032	0.442911094
54	-0.912673126	0.525509095	31.9356902	0.442797037
55	-0.912645549	0.525760611	31.9372416	0.443215636
56	-0.912651827	0.525826245	31.9070471	0.442969929
57	-0.91264136	0.525929328	31.9111072	0.44332414
58	-0.912618465	0.526667415	31.9281011	0.443212897
59	-0.912613147	0.526705472	31.9462958	0.442901424
60	-0.912584789	0.526403952	31.9336952	0.442239467
61	-0.912636277	0.526825965	31.9783151	0.442849902
62	-0.912559849	0.527573054	31.9508319	0.443205355
63	-0.912543076	0.527267272	31.9367481	0.443509333
64	-0.91254335	0.526646203	31.9152504	0.44354875
65	-0.912592092	0.526954788	31.932419	0.443130769
66	-0.91267716	0.526290456	31.9562485	0.442518606
67	-0.912661928	0.526172651	31.9353243	0.442224776
68	-0.912648747	0.52665707	31.952622	0.441943235
69	-0.912581419	0.526348034	31.9143255	0.440868058
70	-0.912602458	0.526087252	31.9301732	0.440414343
71	-0.91273911	0.525655044	31.9929346	0.441783662
72	-0.912783202	0.525860913	32.0178162	0.442871222
73	-0.912826879	0.525678948	32.0328806	0.44389737
74	-0.912837843	0.526129286	32.0495254	0.444919189
75	-0.912923035	0.526302132	32.0844789	0.446327733
76	-0.913055092	0.526308507	32.1450582	0.447333526
77	-0.913034977	0.525818518	32.1386269	0.446128052
78	-0.913043358	0.525522935	32.1486535	0.446398667
79	-0.913068473	0.525695425	32.173165	0.446659089
80	-0.912939639	0.525756855	32.123301	0.44636195
81	-0.912920414	0.52539158	32.1012536	0.445403407
82	-0.91290632	0.525641596	32.1101282	0.445247707
83	-0.912841119	0.525461072	32.0770521	0.445477639
84	-0.912940141	0.525580846	32.1201366	0.446068952
85	-0.912934838	0.525407088	32.1004368	0.445965412
86	-0.912923899	0.525747102	32.0940339	0.446055395
87	-0.91300258	0.526186905	32.1396987	0.447466943
88	-0.912980605	0.526257116	32.1426347	0.447416591
89	-0.912971971	0.525988815	32.1358361	0.447901933
90	-0.912803734	0.526016249	32.0697533	0.445920044
91	-0.912863442	0.526008837	32.1006258	0.446007253
92	-0.912812217	0.526060586	32.0654589	0.444871739
93	-0.912774375	0.525877015	32.0376653	0.444275742
94	-0.91274046	0.526438298	32.0376184	0.444606
95	-0.912724639	0.526556162	32.038033	0.443836168
96	-0.912649368	0.526684421	32.0037242	0.443835042
97	-0.912664425	0.527201201	32.0130673	0.444454227
98	-0.912607085	0.526915647	31.9826268	0.443913429
99	-0.912588852	0.52646077	31.978397	0.443733495
100	-0.912565084	0.526612664	31.9691843	0.4439582
101	-0.912647895	0.526604049	32.0030083	0.444830416
102	-0.912660688	0.526899845	32.0167831	0.445136353
103	-0.912648487	0.526942026	32.0121339	0.444696194
104	-0.912720975	0.527276315	32.0525768	0.445556423
105	-0.912782235	0.527119279	32.0751011	0.445980305
106	-0.912781817	0.527127234	32.0865197	0.445736151
107	-0.912776838	0.526863829	32.0757925	0.445769009
108	-0.912760124	0.527065817	32.0771222	0.445661741
109	-0.912873334	0.527150241	32.1156978	0.446752954
110	-0.912874431	0.527224174	32.1199369	0.447350655
111	-0.912889451	0.527272442	32.1193438	0.447434703
112	-0.912888017	0.527207204	32.1074667	0.447422286
113	-0.912913999	0.527128441	32.1155025	0.447653912
114	-0.912881494	0.527015784	32.0971869	0.447769439
115	-0.912878454	0.527399442	32.1073655	0.448207896
116	-0.91284353	0.527545127	32.1000398	0.447738552
117	-0.912860035	0.527598211	32.1109278	0.447586359
118	-0.912817862	0.527878959	32.0948678	0.447608339
119	-0.91285453	0.527503386	32.0993481	0.448024
120	-0.91280531	0.527452126	32.0749795	0.447702167
121	-0.912870981	0.527559916	32.1122415	0.448365587
122	-0.912912523	0.527887527	32.1281247	0.448426131
123	-0.9129099	0.527958035	32.132777	0.44844787
124	-0.912944259	0.527952041	32.1448916	0.44880329
125	-0.912852726	0.527698745	32.1022006	0.44835152
126	-0.912915042	0.52783181	32.1273813	0.448653683
127	-0.912873254	0.527625766	32.1053143	0.447873732
128	-0.912896406	0.527606646	32.1195437	0.448204656
129	-0.912948028	0.527782711	32.1379732	0.448722326
130	-0.912987817	0.527996555	32.1544028	0.448738523
131	-0.913080951	0.528058831	32.1899631	0.449784977
132	-0.913131907	0.527966768	32.2105811	0.450080182
133	-0.913153507	0.527862533	32.2124275	0.449936992
134	-0.913138662	0.528152209	32.225356	0.449754
135	-0.913122597	0.528057963	32.2119177	0.449655763
136	-0.913133696	0.527899474	32.2101037	0.449696588
137	-0.9130722	0.527814209	32.1889821	0.448500526
138	-0.913057743	0.527769444	32.1841218	0.44818571
139	-0.91304495	0.52777065	32.1752187	0.447493525
140	-0.913061123	0.527930052	32.1787223	0.4479876
141	-0.913103041	0.527915226	32.1981647	0.448283943
142	-0.913105159	0.527921985	32.1988471	0.44848893
143	-0.913093351	0.527854075	32.1864108	0.44822
144	-0.913082448	0.527695316	32.1811921	0.4474085
145	-0.913016706	0.527792151	32.1597809	0.446890483
146	-0.913029539	0.527818276	32.1692539	0.447339945
147	-0.913079496	0.528046703	32.1990056	0.447955728
148	-0.913073781	0.52797354	32.1960472	0.448148514
149	-0.913060372	0.528140584	32.1956939	0.448103168
150	-0.91307913	0.528269846	32.2107488	0.44842048
151	-0.913034677	0.528129636	32.1806622	0.447868954
152	-0.913006204	0.527752005	32.1588156	0.447310211
153	-0.913077159	0.528064133	32.1980455	0.448082771
154	-0.913055255	0.528197594	32.1914137	0.44805626
155	-0.913029023	0.528179511	32.1800878	0.447848594
156	-0.913059876	0.528222435	32.1908316	0.447793795
157	-0.913105036	0.528405582	32.2106075	0.448360076
158	-0.913113883	0.52849738	32.2186635	0.448440987
159	-0.913122617	0.528290799	32.2207797	0.448815145
160	-0.913119886	0.52801025	32.1976738	0.448636775
161	-0.913171063	0.528001242	32.2215584	0.448938236
162	-0.913130128	0.527864142	32.2024717	0.448457012
163	-0.913132444	0.527960793	32.2139873	0.448580466
164	-0.913173007	0.527788273	32.2234352	0.448735732
165	-0.913204899	0.527652383	32.2358444	0.449197673
166	-0.913168266	0.527766654	32.2248938	0.448712072
167	-0.913165143	0.527547816	32.2200307	0.44848709
168	-0.913154763	0.527500436	32.212979	0.447973881
169	-0.913155678	0.52759308	32.2061476	0.447701041
170	-0.913184799	0.527636904	32.2082903	0.447792894
171	-0.91317816	0.527771317	32.2091423	0.44779455
172	-0.913158267	0.527934695	32.2007017	0.448027302
173	-0.913125978	0.528000208	32.1884263	0.447794844
174	-0.913116831	0.527986731	32.1806667	0.447533494
175	-0.913132082	0.528097189	32.1854062	0.447543543
176	-0.913151331	0.528079143	32.1916894	0.447832455
177	-0.913171765	0.528317548	32.2047758	0.447885401
178	-0.913123747	0.528216988	32.1781147	0.447589618
179	-0.913122198	0.528077495	32.1726131	0.447602637
180	-0.913103206	0.528011699	32.1643549	0.4470914
181	-0.9130706	0.528068319	32.1552521	0.446661503
182	-0.913112642	0.528289211	32.1791783	0.447352967
183	-0.913143346	0.528251819	32.1922519	0.447600109
184	-0.913120597	0.528334801	32.1852722	0.447290717
185	-0.91317835	0.52836869	32.2093584	0.448050486
186	-0.913143028	0.528160256	32.1938595	0.447757871
187	-0.913114937	0.528001595	32.1757355	0.447447401
188	-0.913104297	0.527910778	32.174295	0.447565894
189	-0.913070431	0.527928137	32.1579813	0.447231619
190	-0.913100756	0.527939818	32.1701041	0.4476336
191	-0.913156377	0.528015143	32.1895767	0.448275393
192	-0.91316772	0.527927132	32.1952046	0.448381833
193	-0.913146577	0.527745179	32.1904011	0.448273927
194	-0.913148208	0.527790158	32.1891151	0.448276392
195	-0.91310275	0.52786049	32.1712614	0.448066708
196	-0.913140362	0.527711342	32.182683	0.448140571
197	-0.913164685	0.527699593	32.1891114	0.44852865
198	-0.913151907	0.527486091	32.1779369	0.448496364
199	-0.913148545	0.527338869	32.1721085	0.448546854
200	-0.913162441	0.527456838	32.1818006	0.44875406
