1	-0.965304	0.391429517	70.499904
2	-0.973224	0.323423885	78.383376
3	-0.974333333	0.322620676	79.478688
4	-0.973702	0.324210064	78.800436
5	-0.9728864	0.329800796	78.0975296
6	-0.972205333	0.33872733	77.5818373
7	-0.971398857	0.342648752	76.7898469
8	-0.971862	0.340802387	77.146198
9	-0.972580444	0.336544442	77.7772249
10	-0.972512	0.337102902	77.74124
11	-0.972613091	0.335780577	77.6172844
12	-0.972608667	0.337489635	77.6248147
13	-0.972647385	0.338461747	77.612096
14	-0.972033143	0.341772961	77.000592
15	-0.9723008	0.339174519	77.3174795
16	-0.972499	0.337959827	77.509139
17	-0.972459765	0.339969764	77.4687172
18	-0.972876444	0.336538537	77.8887093
19	-0.973103579	0.334214142	78.0697019
20	-0.9734784	0.331320635	78.421152
21	-0.973723429	0.329343334	78.7000815
22	-0.973929455	0.327192078	78.9094756
23	-0.974157913	0.325515676	79.1687068
24	-0.973970333	0.326887537	78.915658
25	-0.97388448	0.327541579	78.8230477
26	-0.973833231	0.327949728	78.8068745
27	-0.973971259	0.325996971	78.8944397
28	-0.973598286	0.327897317	78.5381154
29	-0.973581241	0.329468617	78.5492916
30	-0.973971733	0.325586813	78.8985269
31	-0.974028645	0.324775227	78.9375061
32	-0.97427725	0.3224854	79.189412
33	-0.974528	0.32042928	79.4384781
34	-0.974650118	0.319086875	79.5198348
35	-0.974312457	0.321027363	79.2091154
36	-0.974204667	0.321574678	79.0905871
37	-0.974326054	0.320708225	79.2123049
38	-0.974278526	0.321211954	79.1559242
39	-0.97419241	0.322486076	79.0805969
40	-0.9741074	0.323595188	79.0200396
41	-0.974153561	0.323551207	79.068466
42	-0.974160571	0.323283299	79.065251
43	-0.974172465	0.323116582	79.0592082
44	-0.974131636	0.323873908	79.0331789
45	-0.974239644	0.323032372	79.1474741
46	-0.974083826	0.324424133	79.022105
47	-0.974185872	0.323668324	79.132754
48	-0.9742415	0.323138714	79.1967837
49	-0.97420049	0.324062652	79.2021371
50	-0.97399248	0.325474999	78.9845242
51	-0.973984157	0.32569482	78.9863413
52	-0.974010462	0.326244366	79.0340698
53	-0.974034264	0.326130344	79.0598421
54	-0.974025333	0.326720905	79.0507873
55	-0.97404	0.326827404	79.0705213
56	-0.973941143	0.327882636	78.972082
57	-0.97392786	0.327888984	78.9525019
58	-0.973899862	0.327681144	78.9128767
59	-0.973944136	0.327064969	78.9507856
60	-0.973888267	0.327776451	78.8952533
61	-0.973836984	0.328171665	78.8309639
62	-0.973708774	0.329051126	78.6851308
63	-0.973669968	0.329390513	78.6422253
64	-0.9737405	0.32891848	78.7211998
65	-0.973716185	0.328972209	78.6767916
66	-0.973738909	0.329077216	78.6809137
67	-0.973821015	0.328455713	78.7686842
68	-0.973846588	0.328402324	78.7963002
69	-0.973980174	0.327365687	78.9432213
70	-0.973964229	0.327848227	78.924888
71	-0.973983324	0.327761626	78.9223288
72	-0.973918333	0.328024924	78.8610311
73	-0.973949479	0.327905074	78.8874271
74	-0.973965405	0.327798961	78.9130716
75	-0.97407072	0.326962936	79.0046803
76	-0.974045684	0.327451791	78.9789693
77	-0.973996883	0.327538903	78.9361922
78	-0.973937538	0.328093534	78.8927005
79	-0.973929823	0.32815383	78.8784144
80	-0.9739089	0.328290783	78.8775598
81	-0.973988247	0.32755605	78.9432974
82	-0.974010732	0.327442605	78.9629856
83	-0.973948337	0.327797262	78.9046932
84	-0.973937714	0.327792297	78.8888535
85	-0.973956141	0.327803649	78.9153067
86	-0.974097116	0.326324615	79.0482301
87	-0.974136828	0.325887981	79.0777664
88	-0.974158818	0.325524915	79.0974435
89	-0.974125213	0.32589303	79.0592953
90	-0.974075733	0.326421802	79.0167356
91	-0.974092835	0.326171453	79.0196399
92	-0.974062522	0.326182763	78.9874677
93	-0.974145806	0.325500907	79.074383
94	-0.974053106	0.326188458	78.9991115
95	-0.974106947	0.325665101	79.0467161
96	-0.974185833	0.324834877	79.134619
97	-0.97419967	0.324691674	79.1398799
98	-0.974099755	0.325251983	79.0523577
99	-0.97417099	0.324579524	79.106548
100	-0.97415456	0.324759987	79.0929131
