1	-0.965304	0.391429517	70.499904
2	-0.973224	0.323423885	78.383376
3	-0.974333333	0.322620676	79.478688
4	-0.973702	0.324210064	78.800436
5	-0.9728864	0.329800796	78.0975296
6	-0.972205333	0.33872733	77.5818373
7	-0.971398857	0.342648752	76.7898469
8	-0.971862	0.340802387	77.146198
9	-0.972580444	0.336544442	77.7772249
10	-0.972512	0.337102902	77.74124
11	-0.972613091	0.335780577	77.6172844
12	-0.972608667	0.337489635	77.6248147
13	-0.972647385	0.338461747	77.612096
14	-0.972033143	0.341772961	77.000592
15	-0.9723008	0.339174519	77.3174795
16	-0.972499	0.337959827	77.509139
17	-0.972459765	0.339969764	77.4687172
18	-0.972876444	0.336538537	77.8887093
19	-0.973103579	0.334214142	78.0697019
20	-0.9734784	0.331320635	78.421152
21	-0.973723429	0.329343334	78.7000815
22	-0.973929455	0.327192078	78.9094756
23	-0.974157913	0.325515676	79.1687068
24	-0.973970333	0.326887537	78.915658
25	-0.97388448	0.327541579	78.8230477
26	-0.973833231	0.327949728	78.8068745
27	-0.973971259	0.325996971	78.8944397
28	-0.973598286	0.327897317	78.5381154
29	-0.973581241	0.329468617	78.5492916
30	-0.973971733	0.325586813	78.8985269
31	-0.974028645	0.324775227	78.9375061
32	-0.97427725	0.3224854	79.189412
33	-0.974528	0.32042928	79.4384781
34	-0.974650118	0.319086875	79.5198348
35	-0.974312457	0.321027363	79.2091154
36	-0.974204667	0.321574678	79.0905871
37	-0.974326054	0.320708225	79.2123049
38	-0.974278526	0.321211954	79.1559242
39	-0.97419241	0.322486076	79.0805969
40	-0.9741074	0.323595188	79.0200396
41	-0.974153561	0.323551207	79.068466
42	-0.974160571	0.323283299	79.065251
43	-0.974172465	0.323116582	79.0592082
44	-0.974131636	0.323873908	79.0331789
45	-0.974239644	0.323032372	79.1474741
46	-0.974083826	0.324424133	79.022105
47	-0.974185872	0.323668324	79.132754
48	-0.9742415	0.323138714	79.1967837
49	-0.97420049	0.324062652	79.2021371
50	-0.97399248	0.325474999	78.9845242
51	-0.973984157	0.32569482	78.9863413
52	-0.974010462	0.326244366	79.0340698
53	-0.974034264	0.326130344	79.0598421
54	-0.974025333	0.326720905	79.0507873
55	-0.97404	0.326827404	79.0705213
56	-0.973941143	0.327882636	78.972082
57	-0.97392786	0.327888984	78.9525019
58	-0.973899862	0.327681144	78.9128767
59	-0.973944136	0.327064969	78.9507856
60	-0.973888267	0.327776451	78.8952533
61	-0.973836984	0.328171665	78.8309639
62	-0.973708774	0.329051126	78.6851308
63	-0.973669968	0.329390513	78.6422253
64	-0.9737405	0.32891848	78.7211998
65	-0.973716185	0.328972209	78.6767916
66	-0.973738909	0.329077216	78.6809137
67	-0.973821015	0.328455713	78.7686842
68	-0.973846588	0.328402324	78.7963002
69	-0.973980174	0.327365687	78.9432213
70	-0.973964229	0.327848227	78.924888
71	-0.973983324	0.327761626	78.9223288
72	-0.973918333	0.328024924	78.8610311
73	-0.973949479	0.327905074	78.8874271
74	-0.973965405	0.327798961	78.9130716
75	-0.97407072	0.326962936	79.0046803
76	-0.974045684	0.327451791	78.9789693
77	-0.973996883	0.327538903	78.9361922
78	-0.973937538	0.328093534	78.8927005
79	-0.973929823	0.32815383	78.8784144
80	-0.9739089	0.328290783	78.8775598
81	-0.973988247	0.32755605	78.9432974
82	-0.974010732	0.327442605	78.9629856
83	-0.973948337	0.327797262	78.9046932
84	-0.973937714	0.327792297	78.8888535
85	-0.973956141	0.327803649	78.9153067
86	-0.974097116	0.326324615	79.0482301
87	-0.974136828	0.325887981	79.0777664
88	-0.974158818	0.325524915	79.0974435
89	-0.974125213	0.32589303	79.0592953
90	-0.974075733	0.326421802	79.0167356
91	-0.974092835	0.326171453	79.0196399
92	-0.974062522	0.326182763	78.9874677
93	-0.974145806	0.325500907	79.074383
94	-0.974053106	0.326188458	78.9991115
95	-0.974106947	0.325665101	79.0467161
96	-0.974185833	0.324834877	79.134619
97	-0.97419967	0.324691674	79.1398799
98	-0.974099755	0.325251983	79.0523577
99	-0.97417099	0.324579524	79.106548
100	-0.97415456	0.324759987	79.0929131
1	-0.965144	0.386899853	70.30536
2	-0.973184	0.320820109	78.29884
3	-0.974301333	0.321005453	79.4165547
4	-0.97366	0.323211405	78.762144
5	-0.9728784	0.328441864	78.0677248
6	-0.972174667	0.337764009	77.5542587
7	-0.971373714	0.341820047	76.7624457
8	-0.971839	0.34021131	77.12443
9	-0.972558222	0.33591829	77.7589796
10	-0.9724888	0.336605772	77.7250672
11	-0.972591273	0.335309329	77.6030138
12	-0.972588	0.33701834	77.6095827
13	-0.972630154	0.337938245	77.5982745
14	-0.972013143	0.341457855	76.9876217
15	-0.972286933	0.338747139	77.3021419
16	-0.9724825	0.33761278	77.496548
17	-0.972452706	0.339482327	77.4577242
18	-0.972869333	0.336053284	77.8792649
19	-0.973092211	0.333799671	78.0596135
20	-0.9734672	0.330942982	78.4116576
21	-0.973717714	0.328849145	78.6914095
22	-0.973922545	0.326742601	78.9003949
23	-0.974151652	0.325127593	79.1597976
24	-0.973967	0.326558623	78.9080433
25	-0.973888	0.327081174	78.8166822
26	-0.973839077	0.327484795	78.8017735
27	-0.973976889	0.325511331	78.8887615
28	-0.973594286	0.327551543	78.5333749
29	-0.973582345	0.329073286	78.5458306
30	-0.9739744	0.325111654	78.8956165
31	-0.974028387	0.324341473	78.9339117
32	-0.97427775	0.322066601	79.1852655
33	-0.974526545	0.3200484	79.4341712
34	-0.974650353	0.318682284	79.5162824
35	-0.974310857	0.320621752	79.2051415
36	-0.974206667	0.321144072	79.0866213
37	-0.974327351	0.320314861	79.2088415
38	-0.974276	0.320874758	79.1525301
39	-0.97419241	0.322140163	79.0766601
40	-0.9741082	0.323267264	79.0170992
41	-0.974156683	0.3231663	79.0659594
42	-0.974162667	0.322955719	79.0636179
43	-0.974175442	0.322797107	79.0574006
44	-0.974135636	0.323620283	79.0312175
45	-0.974242489	0.322803854	79.1457518
46	-0.974087304	0.324120697	79.0205249
47	-0.974190128	0.32334857	79.1315564
48	-0.974246333	0.322815789	79.19545
49	-0.974206204	0.323715392	79.2012085
50	-0.97399456	0.325175751	78.9827658
51	-0.973986196	0.325381361	78.9842811
52	-0.974013077	0.325918383	79.0327265
53	-0.974036377	0.325837427	79.0581703
54	-0.974027259	0.32646266	79.0494255
55	-0.974042909	0.32653522	79.0694676
56	-0.973944143	0.327572327	78.9706331
57	-0.973930667	0.327584858	78.9505586
58	-0.973902759	0.327377169	78.9104386
59	-0.973949695	0.326735131	78.9485592
60	-0.9738932	0.327441567	78.8930168
61	-0.973838295	0.327878341	78.8291213
62	-0.973708903	0.32877351	78.6838821
63	-0.973670984	0.329092971	78.6414232
64	-0.973740375	0.328645754	78.7205622
65	-0.973715938	0.328735785	78.6762887
66	-0.973738424	0.328849728	78.6809297
67	-0.973821851	0.328202384	78.7687107
68	-0.973847294	0.328168511	78.7973275
69	-0.973980754	0.327140043	78.9441927
70	-0.973965143	0.327616726	78.9258839
71	-0.97398569	0.327535195	78.9234332
72	-0.973919444	0.327823944	78.8612518
73	-0.973950685	0.327685095	78.888361
74	-0.973967676	0.327558099	78.9142054
75	-0.974073493	0.326730857	79.0056681
76	-0.974048211	0.327247369	78.9797912
77	-0.974001039	0.327330252	78.9368752
78	-0.973940513	0.327927868	78.8940062
79	-0.97393043	0.328022035	78.879037
80	-0.9739081	0.328180268	78.8776976
81	-0.973990123	0.327421932	78.9441689
82	-0.974013561	0.327272709	78.9641871
83	-0.973951614	0.32763696	78.9054483
84	-0.97394019	0.327665301	78.889289
85	-0.973958024	0.327678631	78.915895
86	-0.974099256	0.326189208	79.0488871
87	-0.974140046	0.325737535	79.0785427
88	-0.974162545	0.325358121	79.0979564
89	-0.974130337	0.325698637	79.0600827
90	-0.974080622	0.326230256	79.0172732
91	-0.974097231	0.325993197	79.0204264
92	-0.974066522	0.325999667	78.988305
93	-0.974148817	0.325333524	79.0753127
94	-0.974057021	0.326018081	79.0001031
95	-0.974112084	0.325459855	79.0476876
96	-0.974190333	0.32462882	79.135445
97	-0.974203216	0.324503918	79.1407944
98	-0.974104408	0.325030142	79.0533848
99	-0.974174869	0.324384168	79.1071678
100	-0.97415688	0.324579276	79.0935538
101	-0.974183129	0.324633523	79.1382256
102	-0.97423349	0.324139817	79.1943037
103	-0.974229903	0.324303022	79.1984541
104	-0.974284769	0.323837023	79.2436891
105	-0.97424061	0.324322911	79.2024565
106	-0.974257208	0.324084091	79.2280326
107	-0.974263701	0.324108946	79.2300094
108	-0.974299778	0.323704334	79.2623721
109	-0.974354202	0.323241039	79.3082539
110	-0.974357236	0.323196344	79.309062
111	-0.97433218	0.323380442	79.2812705
112	-0.974339857	0.323210122	79.2850816
113	-0.974363398	0.323055342	79.3108961
114	-0.974318596	0.32340371	79.2672688
115	-0.974351513	0.323089044	79.2954543
116	-0.974335448	0.323490914	79.2920178
117	-0.97429306	0.323851249	79.2519806
118	-0.974255864	0.324205579	79.2138123
119	-0.974248269	0.324765539	79.2227802
120	-0.9742488	0.32484737	79.2224004
121	-0.974234843	0.324978163	79.2015261
122	-0.974279869	0.324528057	79.232685
123	-0.974323577	0.324039929	79.2813387
124	-0.974304194	0.324193145	79.252253
125	-0.974230784	0.324746262	79.1727332
126	-0.974304762	0.324057709	79.2398922
127	-0.974346835	0.323589154	79.2714728
128	-0.974398812	0.323072051	79.3298387
129	-0.97446276	0.322512963	79.3950184
130	-0.974451015	0.322893909	79.3875134
131	-0.974503573	0.3225872	79.43576
132	-0.974517939	0.322450994	79.448549
133	-0.974567639	0.321857539	79.4914777
134	-0.974588119	0.321656176	79.521521
135	-0.974569896	0.321983511	79.5094735
136	-0.974596	0.321755258	79.5339152
137	-0.974601285	0.32170253	79.5317285
138	-0.97463971	0.321344208	79.5628977
139	-0.974611568	0.321592538	79.5339732
140	-0.974631657	0.32167774	79.5613194
141	-0.974642723	0.321499117	79.5657324
142	-0.974668394	0.321338403	79.5892666
143	-0.974722853	0.320847544	79.6445541
144	-0.974744056	0.320667678	79.661041
145	-0.974707531	0.321355619	79.6315006
146	-0.974641699	0.321708787	79.5774927
147	-0.974661279	0.321413638	79.5910169
148	-0.974680595	0.321369829	79.6147645
149	-0.974580993	0.322054722	79.5240773
150	-0.974636587	0.321501015	79.5706281
151	-0.974612026	0.321519391	79.5473889
152	-0.974608	0.321424974	79.542418
153	-0.974603294	0.321300737	79.5360841
154	-0.974587221	0.321495241	79.5138061
155	-0.974613935	0.321181674	79.533767
156	-0.974630974	0.321070609	79.563696
157	-0.974593274	0.32141225	79.5228592
158	-0.974571494	0.321761126	79.4970935
159	-0.97456005	0.321824045	79.4812495
160	-0.9745463	0.321911283	79.4666883
161	-0.974521789	0.322061946	79.443757
162	-0.974558173	0.321743226	79.4866256
163	-0.974536294	0.322091569	79.4738279
164	-0.97452839	0.322116355	79.4636168
165	-0.974583418	0.321586223	79.515627
166	-0.974600675	0.321421158	79.5355384
167	-0.974606611	0.321377498	79.5361088
168	-0.974633952	0.321157489	79.5595836
169	-0.974611361	0.321446941	79.539194
170	-0.974607341	0.32144663	79.5272936
171	-0.974571836	0.321866447	79.5042954
172	-0.974607256	0.321469223	79.5305094
173	-0.974620301	0.321299164	79.5399335
174	-0.974621793	0.321154899	79.5374612
175	-0.974613897	0.321301971	79.5285511
176	-0.974581045	0.321696114	79.5058663
177	-0.974585356	0.321622986	79.5160442
178	-0.974626382	0.321341638	79.5572827
179	-0.974578547	0.321620565	79.5043925
180	-0.974589111	0.321671039	79.5152097
181	-0.974593856	0.321567839	79.5229719
182	-0.974570066	0.321816203	79.5046882
183	-0.974572372	0.321844617	79.5070072
184	-0.974609652	0.321486972	79.5408599
185	-0.9746128	0.321378873	79.5411588
186	-0.974609204	0.321417013	79.5308278
187	-0.974589904	0.321578462	79.5118757
188	-0.974544298	0.321982287	79.4704169
189	-0.974527661	0.32222437	79.4585404
190	-0.974548547	0.321960345	79.4779435
191	-0.974559455	0.321825282	79.4840859
192	-0.974514083	0.322162818	79.4340674
193	-0.974474114	0.322432648	79.3996714
194	-0.974495959	0.322119842	79.4112901
195	-0.974513928	0.322132437	79.4317823
196	-0.974518327	0.322054026	79.4311562
197	-0.974554843	0.321730045	79.4733086
198	-0.974553455	0.321801066	79.4710019
199	-0.974546372	0.321862805	79.460309
200	-0.97453576	0.321934655	79.4498315
