1	-0.48066952	0.219709875	1.53897684	0.034276
2	-0.4826624	0.217096541	1.53409263	0.03092
3	-0.483208267	0.218455222	1.52943158	0.0308133333
4	-0.48255432	0.21660284	1.52329474	0.032716
5	-0.48230176	0.216426086	1.51466779	0.030928
6	-0.482825587	0.215209899	1.52040772	0.0296126667
7	-0.483242514	0.215092062	1.52971068	0.0295542857
8	-0.48309646	0.214507603	1.52429158	0.029373
9	-0.483394489	0.214443875	1.5264	0.0301244444
10	-0.483339904	0.214233938	1.52800758	0.0309552
11	-0.48330992	0.214255798	1.53397895	0.0314232727
12	-0.4832377	0.214011868	1.53256386	0.0311183333
13	-0.48347968	0.214484156	1.53488194	0.0316455385
14	-0.4835274	0.214115998	1.53654226	0.0312557143
15	-0.483574592	0.214125569	1.53559074	0.0306762667
16	-0.483535375	0.21410682	1.53766658	0.03121875
17	-0.483488249	0.214096444	1.53679628	0.0310477647
18	-0.483553013	0.214085796	1.53816889	0.0306728889
19	-0.483540013	0.214190763	1.53577729	0.0300953684
20	-0.483332816	0.214339185	1.53459453	0.0295008
21	-0.48342933	0.214202133	1.53235188	0.0291807619
22	-0.48330576	0.214012417	1.53126431	0.0292698182
23	-0.48324544	0.213965607	1.53053547	0.0290024348
24	-0.483269213	0.214062931	1.53187298	0.0291273333
25	-0.483299802	0.214041778	1.5313024	0.02884608
26	-0.483153049	0.214256358	1.52873603	0.0285293846
27	-0.4831824	0.214151719	1.52717131	0.028557037
28	-0.483221591	0.214223552	1.52749188	0.0287367143
29	-0.483233321	0.214324004	1.52721989	0.0290453793
30	-0.483314539	0.214280413	1.52880028	0.0289002667
31	-0.48336136	0.214363318	1.52909351	0.0292292903
32	-0.483474462	0.214303703	1.52982487	0.029235625
33	-0.483542674	0.214279032	1.52859802	0.0290609697
34	-0.483546678	0.214295546	1.52932409	0.0293221176
35	-0.483523376	0.214152976	1.5279674	0.0291745143
36	-0.483570182	0.214040648	1.5279738	0.0291757778
37	-0.483592519	0.213973824	1.52766475	0.0293556757
38	-0.483601575	0.213820274	1.52806848	0.0295103158
39	-0.483575171	0.213870668	1.52666451	0.0294662564
40	-0.483567154	0.213785928	1.52579821	0.0293277
41	-0.483547635	0.213790121	1.52529078	0.0295085854
42	-0.483623383	0.213750313	1.52711238	0.029759619
43	-0.483634253	0.213986491	1.52626967	0.0299452093
44	-0.483640755	0.213882457	1.52609407	0.029965
45	-0.483605746	0.213831674	1.52508706	0.0299761778
46	-0.483630219	0.213768239	1.52563149	0.0302066087
47	-0.4836599	0.21379166	1.52665935	0.0302375319
48	-0.483645875	0.213763032	1.52658254	0.03049375
49	-0.48360264	0.213715348	1.52745736	0.0306217959
50	-0.483585616	0.213777605	1.5267456	0.0305528
51	-0.483533484	0.213903534	1.52588219	0.0304467451
52	-0.483508888	0.213869088	1.52550729	0.0306366923
53	-0.483482554	0.213818597	1.52596242	0.0304748679
54	-0.483418839	0.213694863	1.52577575	0.030416
55	-0.483445628	0.213671943	1.52516953	0.0304850182
56	-0.483409551	0.213559636	1.52457489	0.0304775714
57	-0.483450501	0.213630247	1.52658526	0.0306232982
58	-0.483431123	0.213652505	1.52660051	0.0306251034
59	-0.483375047	0.213693187	1.52619169	0.0306167458
60	-0.483350067	0.213712218	1.526392	0.03061
61	-0.483360256	0.213645198	1.5268428	0.0305963934
62	-0.483399179	0.213712077	1.52685474	0.0307267097
63	-0.483369959	0.21372574	1.52624033	0.0307392381
64	-0.483338236	0.213638748	1.52608612	0.0306993125
65	-0.483326095	0.213635402	1.52505224	0.0306370462
66	-0.483349559	0.213711121	1.5254164	0.0306900606
67	-0.483335205	0.213695978	1.5260883	0.0307124776
68	-0.483339555	0.213691693	1.52576619	0.030666
69	-0.483323307	0.213724895	1.52551713	0.0306812754
70	-0.483337075	0.213858574	1.52538785	0.0306480571
71	-0.48333778	0.213790333	1.5252583	0.0306861972
72	-0.48334304	0.213714017	1.52416994	0.0305742222
73	-0.483319887	0.213793256	1.52442849	0.0306792877
74	-0.483325947	0.213776116	1.52427624	0.0305514054
75	-0.483318292	0.213772643	1.5249815	0.0305386133
76	-0.483318164	0.213693922	1.52483457	0.0306082105
77	-0.483325228	0.213733222	1.52562001	0.0307393247
78	-0.483372363	0.213777253	1.52570364	0.0307771282
79	-0.483321544	0.213817864	1.52538036	0.0307911392
80	-0.483324074	0.213862939	1.52661084	0.0307887
81	-0.483355297	0.213787581	1.52730573	0.030737679
82	-0.483405913	0.213816173	1.52769884	0.030637122
83	-0.483424492	0.213812197	1.52787805	0.0306992771
84	-0.483409449	0.213728551	1.52786331	0.0307676667
85	-0.483408677	0.213704462	1.52829241	0.0307020706
86	-0.483419071	0.213707705	1.52761278	0.0306930698
87	-0.483444579	0.213641437	1.52699451	0.0306657471
88	-0.483418348	0.213611373	1.52648847	0.0306765
89	-0.483450132	0.213643695	1.52721542	0.0307268315
90	-0.483444417	0.213681772	1.52700795	0.0306919556
91	-0.483425488	0.213685668	1.52727537	0.0307117802
92	-0.483417784	0.213719926	1.52788247	0.0308370435
93	-0.483404556	0.213684378	1.52796912	0.0308213333
94	-0.483421103	0.213671464	1.52804667	0.0308891915
95	-0.483448928	0.213630944	1.52852592	0.0309348211
96	-0.483417761	0.213652158	1.52813355	0.0309630417
97	-0.483416518	0.213620039	1.52839648	0.0310609485
98	-0.48341337	0.213575354	1.52862324	0.0312072653
99	-0.483408891	0.213585919	1.52842416	0.0311273939
100	-0.48338992	0.213532411	1.52889777	0.031124
1	-0.48132816	0.215747412	1.53689263	0.034408
2	-0.48266952	0.215005897	1.53595789	0.031476
3	-0.483135413	0.215795843	1.53270456	0.0315706667
4	-0.48264598	0.214737585	1.52075684	0.033399
5	-0.482214064	0.214192873	1.51657853	0.0319032
6	-0.482951707	0.214125234	1.52563228	0.0301186667
7	-0.483267006	0.21416226	1.53369925	0.0297502857
8	-0.48324125	0.213393128	1.52713421	0.0295125
9	-0.483544133	0.213572023	1.53056702	0.0303622222
10	-0.483234	0.213877584	1.53338863	0.03126
11	-0.483459622	0.213317305	1.54121493	0.0317447273
12	-0.4833084	0.213016883	1.53843018	0.0313866667
13	-0.48356	0.213491717	1.54101117	0.032
14	-0.483591869	0.213490127	1.54224932	0.0315934286
15	-0.483529616	0.213323936	1.53983354	0.0310408
16	-0.483472865	0.213275153	1.54257132	0.03151825
17	-0.483365426	0.213406573	1.54124062	0.0313301176
18	-0.483405333	0.213505577	1.54187415	0.0309333333
19	-0.483404611	0.21361441	1.53903535	0.0303989474
20	-0.48320776	0.213911576	1.53785011	0.029748
21	-0.483318636	0.21379806	1.53640341	0.029455619
22	-0.483216589	0.213858474	1.53480459	0.0296476364
23	-0.483194031	0.213883022	1.53400604	0.0293885217
24	-0.483243593	0.213801482	1.53509298	0.029463
25	-0.483193619	0.213625076	1.53428008	0.02920096
26	-0.483088222	0.213826818	1.5319715	0.0288572308
27	-0.483038101	0.213837033	1.53094409	0.0288235556
28	-0.483092337	0.213921387	1.5308809	0.0289882857
29	-0.483078767	0.214267892	1.53066265	0.029290069
30	-0.483164355	0.21431014	1.53254442	0.0291244
31	-0.483198196	0.214276199	1.53268767	0.0294581935
32	-0.483301812	0.21414229	1.53316092	0.029465625
33	-0.483379612	0.214055623	1.53194105	0.0292957576
34	-0.483399186	0.214100275	1.53254118	0.029524
35	-0.483363296	0.214002077	1.53133161	0.0293648
36	-0.483436847	0.214117352	1.53150515	0.0293534444
37	-0.483459217	0.214094247	1.5306722	0.0294905946
38	-0.483455194	0.213950212	1.5306113	0.0296544211
39	-0.483409762	0.213952372	1.5293315	0.0296060513
40	-0.483410392	0.213873175	1.52871032	0.0294796
41	-0.483435274	0.213808396	1.52826865	0.0296661463
42	-0.483548832	0.213707567	1.52964662	0.0298892381
43	-0.48353251	0.21375561	1.52869425	0.0300859535
44	-0.483537685	0.213753987	1.5285645	0.0301024545
45	-0.483499932	0.213601076	1.52767626	0.0300810667
46	-0.483524626	0.213632839	1.52781748	0.0303008696
47	-0.483518924	0.213576289	1.5280344	0.0303462128
48	-0.483521627	0.213581905	1.52826088	0.0305896667
49	-0.483494243	0.213592483	1.52919527	0.0307284898
50	-0.483477072	0.213617325	1.52894737	0.0307016
51	-0.483426613	0.21366609	1.52778683	0.0305698824
52	-0.483396869	0.213745652	1.52746437	0.0307588462
53	-0.483385609	0.213713726	1.52725498	0.0305634717
54	-0.483319544	0.213553403	1.52695345	0.0304957037
55	-0.483297683	0.213590776	1.52671395	0.0305423273
56	-0.483270071	0.213626904	1.5260791	0.030525
57	-0.483304241	0.213678715	1.52825248	0.0306787368
58	-0.483298732	0.213697524	1.5282437	0.0306676552
59	-0.483273291	0.213634737	1.52798159	0.0306747119
60	-0.483257251	0.213571254	1.52827747	0.0306625333
61	-0.483251271	0.213488935	1.52818002	0.0306356721
62	-0.483273556	0.213449084	1.52812251	0.0307487742
63	-0.483288495	0.213416703	1.52732391	0.030735873
64	-0.483269125	0.213368521	1.52724961	0.03069375
65	-0.483258688	0.213356269	1.52634934	0.0306328615
66	-0.483276046	0.213416555	1.5266525	0.0306932121
67	-0.483258887	0.213480335	1.52704402	0.0307234627
68	-0.483260291	0.213540265	1.52701084	0.0306968824
69	-0.483265758	0.213519541	1.52686084	0.0306965797
70	-0.483282306	0.213532144	1.52669053	0.0306638857
71	-0.483291279	0.213454209	1.52631188	0.0306822535
72	-0.48328845	0.213416102	1.5254686	0.0305613889
73	-0.483277801	0.213453247	1.52554388	0.0306407123
74	-0.483264946	0.213429005	1.52558777	0.0305175676
75	-0.483260012	0.213444241	1.52612351	0.0305152533
76	-0.48326798	0.213304827	1.52577125	0.0305674211
77	-0.483285179	0.21330354	1.52656246	0.0306745455
78	-0.483340691	0.213314769	1.52667941	0.0307012308
79	-0.483301672	0.213307303	1.52639344	0.0307038481
80	-0.483296225	0.213325849	1.52747479	0.03070125
81	-0.483319945	0.213315838	1.52807361	0.0306194568
82	-0.483351579	0.213336333	1.52842383	0.030496
83	-0.483377869	0.213398725	1.5286155	0.0305657349
84	-0.48337265	0.21331531	1.52858296	0.0306324762
85	-0.483390922	0.213304508	1.52893191	0.0305672941
86	-0.483411717	0.213277071	1.52806894	0.030571907
87	-0.483426897	0.213228349	1.52758384	0.0305402759
88	-0.483415349	0.21325209	1.52731732	0.0305538182
89	-0.48344335	0.213291966	1.52778839	0.0305944719
90	-0.483427798	0.213309442	1.52752622	0.0305721333
91	-0.483432339	0.21332462	1.52767639	0.0306103736
92	-0.483434906	0.213304428	1.52848412	0.0307322609
93	-0.483426891	0.213328329	1.52863842	0.0307123011
94	-0.48343611	0.213375905	1.52879404	0.0307799574
95	-0.483458179	0.213359037	1.52918085	0.0308205053
96	-0.483426853	0.213389865	1.52871719	0.0308343333
97	-0.483410337	0.213396791	1.52873767	0.030916866
98	-0.483415117	0.213360664	1.52886608	0.0310578776
99	-0.483417269	0.213381338	1.52884028	0.0309806465
100	-0.483414349	0.213334107	1.52930964	0.03096944
101	-0.483423686	0.213345092	1.52908202	0.030982297
102	-0.483433095	0.213318568	1.5292142	0.0308782745
103	-0.483444674	0.213302576	1.52872127	0.030855068
104	-0.483454946	0.213313736	1.52880518	0.030705
105	-0.483477756	0.213350566	1.52900423	0.0306459048
106	-0.483487302	0.2133527	1.52936489	0.0306783019
107	-0.483456366	0.213340012	1.52935256	0.0306874766
108	-0.48343525	0.213346032	1.52907801	0.0305772963
109	-0.483411038	0.213315745	1.5290203	0.0305628991
110	-0.483400697	0.21327839	1.52936689	0.0305875636
111	-0.48339788	0.21326727	1.52955262	0.0305823063
112	-0.483400976	0.213273291	1.52883214	0.0305988214
113	-0.483405639	0.213240662	1.52884043	0.0306076106
114	-0.483421431	0.213256606	1.52901751	0.0306820702
115	-0.483433368	0.213260021	1.52941404	0.0306249391
116	-0.48342789	0.213276595	1.52909869	0.0306117586
117	-0.483428377	0.213292507	1.52935813	0.0307077265
118	-0.48344511	0.213265552	1.52962002	0.0306724407
119	-0.483446807	0.213250495	1.52978434	0.0305689412
120	-0.483455145	0.213264669	1.52989488	0.0306739333
121	-0.483456472	0.213276171	1.52939532	0.0306649256
122	-0.483453616	0.213314243	1.52932435	0.0306480328
123	-0.483454331	0.213296114	1.52926199	0.0306580163
124	-0.483442778	0.213329644	1.52913107	0.0305840645
125	-0.483439749	0.213346768	1.52875318	0.030601856
126	-0.483447206	0.21334341	1.52893323	0.0306713968
127	-0.483446432	0.213354821	1.52900632	0.0306775118
128	-0.483462045	0.213326108	1.52882651	0.030705375
129	-0.48346939	0.213343916	1.52876511	0.0306973953
130	-0.483478889	0.213360633	1.52925516	0.0307875385
131	-0.483488849	0.213371746	1.52886428	0.0307447328
132	-0.483481895	0.213370233	1.52902641	0.0307553333
133	-0.483506518	0.21333317	1.52882292	0.0307995789
134	-0.483519184	0.213333444	1.52854639	0.0308069552
135	-0.483501459	0.213331969	1.52831595	0.0308388741
136	-0.483501622	0.213320138	1.52788121	0.0307722647
137	-0.483508618	0.213348892	1.52745291	0.0307360292
138	-0.483537151	0.213342416	1.52742127	0.0307532174
139	-0.483531075	0.213352135	1.52714036	0.0307436835
140	-0.483530553	0.213396323	1.52710941	0.0306962286
141	-0.483522287	0.213413181	1.52775468	0.0306987518
142	-0.483511828	0.213436929	1.5279071	0.030746338
143	-0.483497278	0.213424018	1.52766696	0.0307576224
144	-0.483495606	0.213428973	1.52825962	0.0307636389
145	-0.483508857	0.213435112	1.52898564	0.0308524966
146	-0.483530642	0.213394731	1.52879997	0.0308060548
147	-0.483511983	0.213372106	1.52878894	0.0307664762
148	-0.483500969	0.213358966	1.52834117	0.0307862703
149	-0.483504075	0.213320206	1.52838675	0.0308440268
150	-0.483506749	0.213315526	1.5284702	0.0308334667
151	-0.483499551	0.213281165	1.52845778	0.0308292185
152	-0.483500053	0.213266767	1.52832269	0.0308473947
153	-0.483505157	0.213248442	1.52828125	0.0308578301
154	-0.483510065	0.213236171	1.52822165	0.0308772727
155	-0.483535008	0.213229148	1.52905872	0.0309207226
156	-0.483556871	0.21321506	1.52920335	0.0309102051
157	-0.483533046	0.213206391	1.52904858	0.030871414
158	-0.483523671	0.213179162	1.52894153	0.0308392658
159	-0.48353388	0.213172459	1.52889009	0.0307996478
160	-0.483548164	0.213192817	1.52923555	0.030803225
161	-0.483538645	0.213203888	1.52924987	0.030778236
162	-0.483526696	0.213189349	1.52863615	0.0307397531
163	-0.483528117	0.213178155	1.52880974	0.0307371534
164	-0.483536016	0.213204886	1.52883338	0.030752
165	-0.483537658	0.213183714	1.5290313	0.0308077576
166	-0.483543126	0.213178565	1.52911868	0.0308478554
167	-0.483555622	0.213205079	1.52926586	0.0308613413
168	-0.483558499	0.213195466	1.52921617	0.0308582619
169	-0.483560215	0.213187661	1.52946247	0.0308225799
170	-0.48356988	0.213182711	1.52965786	0.0308233882
171	-0.483580228	0.213157904	1.52978965	0.030866386
172	-0.483585346	0.213138278	1.52984857	0.0308696279
173	-0.483589516	0.213152023	1.53011743	0.0308700116
174	-0.483594646	0.213148989	1.53046398	0.0308702069
175	-0.483608085	0.213144557	1.53037613	0.0308271086
176	-0.483611656	0.213152636	1.53022591	0.0307873409
177	-0.483615659	0.213177088	1.53024652	0.0307807006
178	-0.483614194	0.213223794	1.53023912	0.0307838427
179	-0.483611932	0.213228597	1.52996208	0.0307731173
180	-0.483612726	0.213235332	1.53003811	0.0307896222
181	-0.48360411	0.213234782	1.52965995	0.0306894807
182	-0.483590621	0.213245468	1.5295699	0.0306167692
183	-0.483602344	0.213253438	1.52960999	0.0306090055
184	-0.483593385	0.213271032	1.52950238	0.0306344783
185	-0.483590528	0.213296758	1.52943433	0.0306139892
186	-0.483575641	0.213270828	1.52945435	0.0306250753
187	-0.483560119	0.213262828	1.52942458	0.0306647487
188	-0.483574174	0.213243341	1.52982558	0.0306405957
189	-0.483586264	0.213240099	1.52976272	0.0306655661
190	-0.483591693	0.213256576	1.5299703	0.0306772632
191	-0.483591311	0.213265204	1.52954756	0.0306650262
192	-0.483588326	0.213252667	1.52953535	0.0305912917
193	-0.483586247	0.213260322	1.52977056	0.0305704041
194	-0.483570223	0.213256455	1.52987201	0.0305008454
195	-0.48357638	0.213272211	1.52969727	0.030488759
196	-0.483576312	0.213275389	1.52984672	0.0304768367
197	-0.48356757	0.213262029	1.52990978	0.0305125279
198	-0.48357675	0.213273492	1.52989876	0.0305021616
199	-0.483563666	0.213292487	1.52953638	0.0304888241
200	-0.483566046	0.213284031	1.5294588	0.0304823
