1	-0.554424	0.271142739	2.239675
2	-0.55558	0.272079829	2.2402975
3	-0.555013333	0.269751043	2.23289667
4	-0.553604	0.271380912	2.19677125
5	-0.5535264	0.272734954	2.20742
6	-0.553838667	0.272101914	2.19624417
7	-0.554209143	0.271330406	2.19156571
8	-0.554413	0.27124998	2.18825938
9	-0.554600889	0.270567042	2.18909778
10	-0.5545712	0.27041697	2.1932695
11	-0.554301091	0.270699234	2.18590182
12	-0.554154	0.270479455	2.18075333
13	-0.554391385	0.270306129	2.17639846
14	-0.554617714	0.270434886	2.17918786
15	-0.554590933	0.270175666	2.17876533
16	-0.554463	0.270384326	2.18234844
17	-0.554365176	0.270108042	2.18586559
18	-0.554264	0.270148663	2.18736444
19	-0.554362105	0.270025427	2.18719553
20	-0.5542972	0.270008425	2.186095
21	-0.554361524	0.270251123	2.18497619
22	-0.554330182	0.270285976	2.18225886
23	-0.554389565	0.270711073	2.17991913
24	-0.554485667	0.270743394	2.18453896
25	-0.55452896	0.270605313	2.1834744
26	-0.554487077	0.270692012	2.18254769
27	-0.554512	0.270967029	2.18472296
28	-0.554587714	0.271041544	2.18385518
29	-0.554523862	0.271020954	2.1855469
30	-0.554462133	0.270965294	2.1854765
31	-0.554441548	0.271239963	2.18228274
32	-0.554416	0.27113187	2.18059406
33	-0.554482909	0.270965068	2.18025121
34	-0.554380471	0.270926183	2.17883441
35	-0.5544384	0.270745377	2.17869129
36	-0.554484444	0.27064557	2.178085
37	-0.554505514	0.270683174	2.17785027
38	-0.554595368	0.270553762	2.17909039
39	-0.554486154	0.270494073	2.17720064
40	-0.5544884	0.270734232	2.17643513
41	-0.554526634	0.270710743	2.17764854
42	-0.554588762	0.270691792	2.17840238
43	-0.554611349	0.270659772	2.17794035
44	-0.554613818	0.270482403	2.17744545
45	-0.554612622	0.270361616	2.17653789
46	-0.554622957	0.270416336	2.17886804
47	-0.554622979	0.270406638	2.1813266
48	-0.554609167	0.270580197	2.18238365
49	-0.554583837	0.270444192	2.18047857
50	-0.5545704	0.27059933	2.180626
51	-0.554548863	0.270722239	2.18032196
52	-0.554502154	0.270792239	2.17949644
53	-0.554474113	0.270795165	2.17870179
54	-0.554388	0.270691597	2.17887398
55	-0.554428945	0.270725014	2.18148309
56	-0.554465	0.270749631	2.18152661
57	-0.554485333	0.270643076	2.17952061
58	-0.554452138	0.270525417	2.18093095
59	-0.554389153	0.270577932	2.18110186
60	-0.554384533	0.270584515	2.18003858
61	-0.554385049	0.270513309	2.17923762
62	-0.554398968	0.270413239	2.1812271
63	-0.554439746	0.270353036	2.18021722
64	-0.554393375	0.270438997	2.17859313
65	-0.554404677	0.270449342	2.17728585
66	-0.554375879	0.27036189	2.17669985
67	-0.554360716	0.270343637	2.17684127
68	-0.554336824	0.270287766	2.17697897
69	-0.554351884	0.270255079	2.17707725
70	-0.554299657	0.270425496	2.17674586
71	-0.554312676	0.270339637	2.17734556
72	-0.554319778	0.270438069	2.17773806
73	-0.554310466	0.270442821	2.17667137
74	-0.554359351	0.270552934	2.17767804
75	-0.554342507	0.270544482	2.17690993
76	-0.554393053	0.27059897	2.17708875
77	-0.554394597	0.270609201	2.17708117
78	-0.554400615	0.270677798	2.17645481
79	-0.554376709	0.270693648	2.17597013
80	-0.5543741	0.270753548	2.17650538
81	-0.554410963	0.270743182	2.17595537
82	-0.554426634	0.270737938	2.17579823
83	-0.554429012	0.270735499	2.17449518
84	-0.554414095	0.270688237	2.17349054
85	-0.5544416	0.270769775	2.17380647
86	-0.554439721	0.270742056	2.17343686
87	-0.554457379	0.270840811	2.17406109
88	-0.554440636	0.270946752	2.17415636
89	-0.554448539	0.271019142	2.17521213
90	-0.554434311	0.271061578	2.17514833
91	-0.554426989	0.271015477	2.17566984
92	-0.554426522	0.271078722	2.17641082
93	-0.554421419	0.271121538	2.17608957
94	-0.554450894	0.271126319	2.17675064
95	-0.554451032	0.271059478	2.176712
96	-0.5544165	0.271042613	2.17621964
97	-0.554422515	0.27105183	2.17539639
98	-0.554449633	0.271015419	2.17599286
99	-0.554478141	0.271056471	2.17617045
100	-0.55450776	0.271013627	2.1758202
1	-0.55508	0.265527219	2.220565
2	-0.555628	0.269408307	2.240505
3	-0.555016	0.266696298	2.23644667
4	-0.553814	0.268372793	2.19961625
5	-0.5536544	0.269772702	2.207332
6	-0.553969333	0.269862617	2.19620417
7	-0.554211429	0.268990499	2.18796929
8	-0.554392	0.268958117	2.1837625
9	-0.554653333	0.268675875	2.18783389
10	-0.5545528	0.269099483	2.19026
11	-0.554460364	0.26924125	2.18194818
12	-0.55436	0.269113786	2.17768042
13	-0.554527385	0.26927739	2.17021808
14	-0.554752571	0.269519711	2.17372964
15	-0.5547136	0.269582443	2.173378
16	-0.554603	0.269904015	2.177925
17	-0.554460235	0.270024626	2.18074941
18	-0.554368889	0.270196424	2.1828575
19	-0.554517895	0.269835922	2.18385474
20	-0.5544756	0.26977752	2.1828515
21	-0.554576381	0.269938027	2.18222905
22	-0.554533818	0.269892433	2.17943977
23	-0.554626435	0.269900703	2.17673043
24	-0.554695333	0.269961287	2.18119229
25	-0.55468	0.27001256	2.1799692
26	-0.554592615	0.270147625	2.17888673
27	-0.554589333	0.270509195	2.18082593
28	-0.554672286	0.270373644	2.17947679
29	-0.554618759	0.270565949	2.18077638
30	-0.554553867	0.270642124	2.18090167
31	-0.554555613	0.270648254	2.17832661
32	-0.55452275	0.270574115	2.17646422
33	-0.554595152	0.270355619	2.17642197
34	-0.554490824	0.270296184	2.17545441
35	-0.554538514	0.270230921	2.17511843
36	-0.554602444	0.270149645	2.17498931
37	-0.554608432	0.270216593	2.17476554
38	-0.554654947	0.270067301	2.17546342
39	-0.554563077	0.269960913	2.17443269
40	-0.5545628	0.270019273	2.17427663
41	-0.554621854	0.269890079	2.17635646
42	-0.554706095	0.269701836	2.1772206
43	-0.55472186	0.269662464	2.17717442
44	-0.554727091	0.269606552	2.1763058
45	-0.554735467	0.269617113	2.17518233
46	-0.554741217	0.269775691	2.17743293
47	-0.554729362	0.269780769	2.17985543
48	-0.5547225	0.269892368	2.18040823
49	-0.554706612	0.269880966	2.17897398
50	-0.55469792	0.27009703	2.1792541
51	-0.554652863	0.270148498	2.1787902
52	-0.554578615	0.270308027	2.17791135
53	-0.554544	0.270213001	2.17702472
54	-0.55446163	0.27021432	2.17729185
55	-0.554481164	0.270357438	2.17967718
56	-0.554547571	0.270318675	2.17968107
57	-0.554579789	0.270320446	2.17792439
58	-0.554556966	0.270305208	2.17927776
59	-0.554514712	0.270194017	2.1795822
60	-0.554495467	0.270129765	2.17825542
61	-0.554483672	0.270146382	2.17718287
62	-0.554485677	0.270067523	2.17908524
63	-0.554516825	0.269997064	2.17814722
64	-0.554501625	0.270090249	2.1764082
65	-0.554508062	0.269979953	2.17524023
66	-0.554474667	0.269890759	2.17496879
67	-0.554455881	0.269863675	2.17459918
68	-0.554414941	0.269903848	2.17463338
69	-0.554406261	0.269924489	2.17472493
70	-0.554363429	0.269969613	2.17431329
71	-0.554384451	0.269908626	2.17521592
72	-0.554371	0.269921053	2.17567333
73	-0.554351781	0.269944521	2.17459144
74	-0.554380865	0.270068396	2.17546203
75	-0.55436896	0.270058107	2.17480907
76	-0.554418105	0.270033064	2.17477493
77	-0.554427844	0.27006827	2.17450513
78	-0.554437128	0.270033946	2.17373096
79	-0.554421671	0.270070556	2.17349994
80	-0.5544163	0.270053049	2.1738405
81	-0.554462815	0.270054685	2.17346969
82	-0.554468585	0.270036934	2.17304354
83	-0.554465157	0.270023108	2.17161645
84	-0.554452952	0.269953601	2.17080988
85	-0.554479153	0.26997279	2.17130282
86	-0.554492558	0.269951913	2.17079384
87	-0.554498575	0.270023039	2.17137966
88	-0.554495273	0.27006249	2.17129057
89	-0.554494742	0.270157271	2.17225927
90	-0.554483467	0.270207409	2.17225872
91	-0.554486242	0.270106326	2.17291363
92	-0.554478174	0.270137894	2.17372076
93	-0.554469763	0.270254947	2.17370796
94	-0.554498638	0.270269736	2.1743708
95	-0.554492884	0.270152271	2.17456395
96	-0.554452167	0.270158688	2.17403016
97	-0.55445501	0.270179033	2.17329077
98	-0.554493469	0.270136782	2.17378296
99	-0.554529374	0.270209143	2.17408525
100	-0.55455592	0.270192503	2.17352345
101	-0.554584	0.270184084	2.17221876
102	-0.554573255	0.270215826	2.17143206
103	-0.554581204	0.270215287	2.17213748
104	-0.554630462	0.270237239	2.17207885
105	-0.554637333	0.27031977	2.17199929
106	-0.554652226	0.270251143	2.17292608
107	-0.554632374	0.270280895	2.1732578
108	-0.554655407	0.270242766	2.17367894
109	-0.55466789	0.270277833	2.17322853
110	-0.554664582	0.270252955	2.17253427
111	-0.554668685	0.270251666	2.17225378
112	-0.554648286	0.270298009	2.17200719
113	-0.554660814	0.270338712	2.17220146
114	-0.554666947	0.270337535	2.17142083
115	-0.554651757	0.270371304	2.17115639
116	-0.554644069	0.270297107	2.17165095
117	-0.55463959	0.27027448	2.17164085
118	-0.554634373	0.270277684	2.17188822
119	-0.554647731	0.270303682	2.17227328
120	-0.5546368	0.270294965	2.17290454
121	-0.554637025	0.270310039	2.17275116
122	-0.554641967	0.270319034	2.17197475
123	-0.554648455	0.270317813	2.17291293
124	-0.554654968	0.270336796	2.17300698
125	-0.554669184	0.270397113	2.1732044
126	-0.554662603	0.270432722	2.17325369
127	-0.554642646	0.270516635	2.17269976
128	-0.5546505	0.270493889	2.17300559
129	-0.554646946	0.2704991	2.17277767
130	-0.554646154	0.270496365	2.17241373
131	-0.554656733	0.270499008	2.17326294
132	-0.554654545	0.270486935	2.17315977
133	-0.554660391	0.270455398	2.17329244
134	-0.554662866	0.270465321	2.17418821
135	-0.554664711	0.270524426	2.17450219
136	-0.554668941	0.270441396	2.17524868
137	-0.554680584	0.270467572	2.17517
138	-0.554705507	0.270458973	2.17551268
139	-0.554703309	0.270435078	2.1756996
140	-0.554721086	0.270441941	2.17593229
141	-0.554719035	0.270462704	2.17683475
142	-0.554710535	0.270482705	2.17612708
143	-0.554687832	0.270423748	2.17517769
144	-0.554680722	0.270430465	2.17504108
145	-0.554669241	0.270447822	2.17494514
146	-0.554672438	0.270406145	2.17515733
147	-0.554649034	0.270385685	2.17491014
148	-0.554667459	0.27037913	2.17537959
149	-0.554646926	0.270366179	2.17517174
150	-0.55463936	0.27034209	2.1755673
151	-0.554618225	0.27035553	2.17588278
152	-0.554609053	0.27037262	2.17570069
153	-0.554627712	0.270346325	2.17641614
154	-0.55463626	0.270352704	2.17662617
155	-0.554654813	0.270306906	2.1770261
156	-0.554677949	0.270349914	2.17764301
157	-0.554673427	0.270392841	2.17808478
158	-0.554678582	0.270377395	2.17715016
159	-0.554661283	0.27035208	2.17632698
160	-0.55467795	0.270306508	2.17712291
161	-0.554663702	0.270292754	2.17713466
162	-0.554638074	0.270287347	2.17670494
163	-0.55464854	0.270271712	2.17650402
164	-0.554651268	0.270256521	2.17695838
165	-0.554659297	0.270190777	2.1764753
166	-0.554655855	0.27017166	2.1768097
167	-0.554665916	0.270175648	2.17715072
168	-0.554664238	0.270118406	2.17740568
169	-0.554674556	0.270104232	2.17809178
170	-0.554661976	0.27018163	2.17854641
171	-0.554667228	0.270190451	2.17844573
172	-0.55467107	0.270183522	2.1787616
173	-0.554684948	0.27018554	2.17914142
174	-0.554687908	0.270220537	2.1791571
175	-0.554710446	0.270220639	2.17890786
176	-0.554701273	0.270214948	2.17867977
177	-0.554703051	0.270266077	2.17895065
178	-0.554696719	0.270259071	2.17877537
179	-0.554692291	0.270274938	2.1787355
180	-0.5547032	0.270267753	2.17864172
181	-0.554702011	0.270248078	2.17845702
182	-0.554697055	0.270232837	2.17879929
183	-0.55471353	0.270274175	2.17871967
184	-0.55471613	0.270292106	2.17872356
185	-0.554714422	0.270291541	2.17886695
186	-0.554704774	0.27024936	2.17878137
187	-0.554703401	0.27024815	2.1789154
188	-0.554718596	0.270258312	2.17937864
189	-0.554715048	0.270241248	2.17897907
190	-0.554706484	0.270280461	2.17896976
191	-0.554716482	0.270299812	2.17920605
192	-0.554728333	0.270264777	2.17935276
193	-0.554729368	0.270313004	2.17926358
194	-0.554721856	0.270305545	2.17894575
195	-0.554731077	0.270323406	2.17900574
196	-0.554724735	0.270290745	2.17849898
197	-0.554721137	0.270262876	2.17821302
198	-0.554728242	0.270291383	2.1781274
199	-0.554716261	0.270300497	2.17752995
200	-0.55472188	0.27030318	2.17793825
