1	-0.71628	0.391150479	5.38496727
2	-0.720584	0.399141096	5.69289455
3	-0.722032	0.391767271	5.70164848
4	-0.721496	0.39671458	5.75129091
5	-0.721024	0.397952602	5.75786764
6	-0.721152	0.397429846	5.76007758
7	-0.721027429	0.397959003	5.71443117
8	-0.721211	0.396294345	5.68116364
9	-0.721157333	0.395866185	5.63036121
10	-0.72144	0.395555467	5.60357964
11	-0.721122909	0.396729935	5.58692364
12	-0.720978	0.396897552	5.59500667
13	-0.721012308	0.395801339	5.58328
14	-0.721097143	0.396511988	5.59717922
15	-0.7209696	0.396733872	5.6023423
16	-0.720817	0.396203483	5.59811227
17	-0.720674353	0.397103459	5.59071529
18	-0.720672889	0.396512634	5.61226384
19	-0.720630316	0.396494312	5.61036861
20	-0.7206524	0.39584342	5.60817745
21	-0.720698667	0.395846002	5.61408831
22	-0.720704364	0.395948195	5.61272099
23	-0.720758261	0.396288897	5.60866656
24	-0.720729667	0.39625068	5.59620121
25	-0.72093216	0.396392806	5.60714705
26	-0.720924308	0.396371007	5.60299524
27	-0.72077037	0.396278836	5.60228552
28	-0.720813714	0.396214191	5.61027844
29	-0.720923862	0.396251626	5.61192853
30	-0.720887467	0.396065349	5.60047006
31	-0.720851097	0.395930293	5.5967627
32	-0.72096125	0.396506297	5.59838318
33	-0.720833455	0.396117249	5.58913741
34	-0.720839529	0.396720944	5.59242225
35	-0.720773714	0.396812857	5.59086795
36	-0.720758889	0.397375152	5.59003414
37	-0.720816216	0.397569062	5.59535332
38	-0.720849474	0.397677742	5.60625799
39	-0.720855179	0.397881863	5.61313007
40	-0.7208352	0.398076962	5.61005055
41	-0.720771707	0.397806585	5.59816177
42	-0.720852762	0.397585374	5.59938268
43	-0.720844651	0.397716933	5.60160034
44	-0.720837455	0.39748907	5.59875107
45	-0.720768	0.397720483	5.59982141
46	-0.720775478	0.397707411	5.59696569
47	-0.720717787	0.397968403	5.58829447
48	-0.720664667	0.397868445	5.58764939
49	-0.720746939	0.397760038	5.59204853
50	-0.72079296	0.397712002	5.59129353
51	-0.720820235	0.397594841	5.59413219
52	-0.720829538	0.397623977	5.59837776
53	-0.720808302	0.397566447	5.60076322
54	-0.720775111	0.397512333	5.60135044
55	-0.720793455	0.397616239	5.60824212
56	-0.720772	0.397535425	5.60046935
57	-0.720738246	0.397736843	5.60116912
58	-0.720689517	0.398051354	5.59927749
59	-0.720689085	0.398181342	5.60246656
60	-0.7207272	0.398027922	5.60287515
61	-0.720715934	0.397943627	5.59913586
62	-0.720705032	0.398024993	5.60398463
63	-0.720730667	0.397856774	5.60166869
64	-0.720756625	0.397931609	5.60373455
65	-0.720743385	0.397979291	5.60470713
66	-0.720744121	0.39776068	5.60220584
67	-0.720729075	0.397700511	5.60567522
68	-0.720716118	0.397747147	5.61118791
69	-0.720712464	0.397458863	5.60912116
70	-0.7206936	0.397425809	5.60440706
71	-0.720694197	0.397276626	5.60227442
72	-0.720649667	0.397231123	5.60028798
73	-0.720640548	0.397339697	5.6026937
74	-0.720654703	0.397371554	5.60176373
75	-0.720663253	0.397389807	5.60127011
76	-0.720708316	0.397345121	5.59714718
77	-0.720710753	0.39740905	5.59547334
78	-0.720667487	0.397346624	5.59402564
79	-0.720656101	0.39737717	5.59174361
80	-0.7206719	0.397414994	5.59118809
81	-0.720670519	0.397482988	5.5916387
82	-0.720659805	0.397240491	5.58761171
83	-0.720666602	0.397111447	5.58376429
84	-0.72066181	0.397026477	5.5817071
85	-0.720629176	0.396918348	5.58303033
86	-0.720613953	0.397077273	5.58498664
87	-0.720605701	0.397103263	5.58506993
88	-0.720569364	0.397212064	5.58952785
89	-0.720564764	0.397349459	5.5883857
90	-0.720562578	0.397340941	5.5911802
91	-0.720557978	0.397296626	5.59130557
92	-0.720547217	0.397270447	5.59205644
93	-0.720522581	0.397395415	5.58941153
94	-0.720538468	0.397440187	5.59157021
95	-0.720550737	0.397300789	5.59096643
96	-0.720510917	0.397200606	5.58712394
97	-0.720493361	0.397162608	5.58522887
98	-0.720518531	0.397148197	5.58684141
99	-0.720539879	0.397205366	5.59028643
100	-0.72054624	0.397142559	5.59092225
1	-0.715536	0.392009616	5.37224727
2	-0.720092	0.397872496	5.6682
3	-0.721656	0.392086806	5.68915394
4	-0.721282	0.395962361	5.74995818
5	-0.72104	0.398404226	5.76077818
6	-0.721085333	0.396802686	5.76261576
7	-0.720988571	0.397791166	5.7226774
8	-0.721196	0.395640969	5.68768091
9	-0.721136889	0.394756891	5.64068606
10	-0.7213712	0.394794795	5.61058255
11	-0.721102545	0.396088021	5.59190479
12	-0.721015333	0.39609445	5.60086545
13	-0.721006154	0.395336508	5.58699413
14	-0.721056571	0.395934871	5.59914078
15	-0.720933867	0.396019063	5.60347685
16	-0.7207585	0.395827416	5.59869955
17	-0.720663059	0.396551747	5.59209711
18	-0.720650222	0.396156663	5.61150424
19	-0.720664	0.396391932	5.60991579
20	-0.7207192	0.395802902	5.60843964
21	-0.720766857	0.396177029	5.61292294
22	-0.720739273	0.396056237	5.61289554
23	-0.72080487	0.396366955	5.60781818
24	-0.720763667	0.396140312	5.59387909
25	-0.72096448	0.396196031	5.60294807
26	-0.720936615	0.396485666	5.59811441
27	-0.720792296	0.396534832	5.59697266
28	-0.720801143	0.39647848	5.60524104
29	-0.720944	0.396516749	5.60836263
30	-0.720866133	0.396581704	5.59684533
31	-0.720833806	0.39658019	5.59292809
32	-0.72096525	0.397065001	5.59515227
33	-0.72085697	0.396633327	5.58504419
34	-0.720844941	0.39733959	5.58766995
35	-0.720782857	0.39752006	5.58584894
36	-0.720782	0.39809592	5.58594687
37	-0.720839135	0.398357448	5.59048727
38	-0.720848211	0.398522332	5.60049914
39	-0.720843692	0.39887642	5.60861538
40	-0.720817	0.399017516	5.60695655
41	-0.720738341	0.398924044	5.59432816
42	-0.720817524	0.398791736	5.59480848
43	-0.720797023	0.398925001	5.59756905
44	-0.720799636	0.398728066	5.59482479
45	-0.720748444	0.398887661	5.59606125
46	-0.720754435	0.399024159	5.59353249
47	-0.720698894	0.399144865	5.58425671
48	-0.720643167	0.39897144	5.58346485
49	-0.720749388	0.398796817	5.58804497
50	-0.72077184	0.398802646	5.5867856
51	-0.720803922	0.398650821	5.58915636
52	-0.720807231	0.398735514	5.59369874
53	-0.720766642	0.398656669	5.59591822
54	-0.720711407	0.398613631	5.59684646
55	-0.720715345	0.398744457	5.60469012
56	-0.720696143	0.398578352	5.59679377
57	-0.720655158	0.398664907	5.59695439
58	-0.72060469	0.398989292	5.59490821
59	-0.720637559	0.398904622	5.59866958
60	-0.720672	0.398772829	5.59917855
61	-0.720647475	0.398651584	5.59594516
62	-0.720630968	0.398873292	5.60022757
63	-0.720658032	0.398713387	5.59801351
64	-0.720698	0.398759457	5.60016364
65	-0.720693662	0.398804879	5.60095116
66	-0.720694424	0.398487253	5.59811504
67	-0.720678209	0.398360927	5.60168575
68	-0.720664471	0.398296707	5.60711604
69	-0.720648116	0.398035721	5.60519368
70	-0.720624229	0.397997047	5.60025382
71	-0.720631099	0.397852823	5.59832236
72	-0.720578778	0.397784072	5.59622566
73	-0.720569863	0.397900284	5.59856996
74	-0.720573297	0.397905049	5.59739479
75	-0.720591467	0.397899534	5.59764509
76	-0.720632842	0.397841288	5.59325129
77	-0.720643532	0.397869216	5.59170238
78	-0.720597436	0.397755278	5.59086061
79	-0.720583595	0.397815366	5.58842688
80	-0.7206033	0.397939768	5.58784045
81	-0.720604741	0.397939798	5.58801338
82	-0.720590634	0.397802544	5.58368532
83	-0.720595181	0.397789998	5.58004521
84	-0.720586286	0.397741051	5.57781307
85	-0.720543341	0.397677501	5.57913959
86	-0.720527163	0.397760437	5.58141049
87	-0.720509425	0.39773614	5.58135114
88	-0.720478455	0.397868049	5.58617876
89	-0.720472449	0.398077721	5.58490035
90	-0.720470667	0.398044673	5.58735459
91	-0.720469275	0.398031522	5.58780356
92	-0.720462087	0.398005472	5.58860917
93	-0.720440516	0.398108041	5.58622366
94	-0.720450383	0.39822666	5.58838398
95	-0.720460463	0.398192407	5.58782056
96	-0.72041925	0.398078427	5.5837247
97	-0.720398268	0.398046686	5.58164409
98	-0.720430286	0.397940178	5.58342523
99	-0.720458909	0.398039082	5.58697219
100	-0.72047	0.397901378	5.58766531
101	-0.720505267	0.397971278	5.58898189
102	-0.720479922	0.398109979	5.59175123
103	-0.720512466	0.398050801	5.59382609
104	-0.720492846	0.398052596	5.59461336
105	-0.720526781	0.398031673	5.59197243
106	-0.72051517	0.398051297	5.59095602
107	-0.720508486	0.398032172	5.590765
108	-0.720497556	0.397966228	5.58950795
109	-0.720510899	0.398005521	5.58925751
110	-0.7204928	0.397969697	5.58787702
111	-0.720531748	0.397982451	5.58921756
112	-0.720541857	0.398025181	5.59069513
113	-0.720555611	0.398133964	5.59522401
114	-0.720538596	0.398007895	5.59519088
115	-0.720520139	0.398021327	5.59626941
116	-0.720499241	0.398102069	5.59531962
117	-0.720472957	0.398117529	5.59339189
118	-0.720499932	0.398209709	5.59413867
119	-0.720487664	0.398249991	5.59312666
120	-0.720484933	0.398279772	5.59564048
121	-0.720461686	0.398426992	5.59241851
122	-0.720454754	0.398502917	5.5908958
123	-0.720449756	0.398486053	5.58949085
124	-0.720438194	0.398463602	5.5895532
125	-0.720438528	0.398448948	5.59090147
126	-0.720442286	0.398530039	5.59128369
127	-0.720448378	0.398613391	5.59317171
128	-0.720460813	0.398666889	5.59359955
129	-0.72047169	0.398496316	5.59363738
130	-0.720475138	0.398387792	5.59189041
131	-0.720470962	0.398407163	5.59381868
132	-0.720482061	0.398500802	5.59489978
133	-0.720484752	0.398502509	5.59281837
134	-0.720471881	0.398633403	5.59453221
135	-0.720478696	0.398605124	5.59429915
136	-0.720461882	0.398447348	5.59573369
137	-0.720472409	0.398379021	5.59534556
138	-0.720473797	0.39841459	5.59578978
139	-0.720474647	0.398382703	5.5964067
140	-0.720477657	0.39835756	5.59529756
141	-0.720482723	0.398354725	5.59464113
142	-0.720462197	0.398402769	5.59481885
143	-0.720454322	0.398458752	5.59419733
144	-0.720437111	0.398542292	5.59346258
145	-0.720436414	0.398485012	5.59474879
146	-0.720455123	0.398518088	5.59820583
147	-0.720444136	0.398570069	5.59689494
148	-0.720434919	0.398612195	5.59737445
149	-0.720413262	0.398549238	5.59825767
150	-0.720425333	0.398454759	5.59932495
151	-0.720422411	0.398424535	5.6013311
152	-0.720443053	0.398412142	5.60406053
153	-0.720452235	0.398423845	5.60446351
154	-0.720453091	0.398362377	5.6030987
155	-0.720449652	0.398347859	5.60060321
156	-0.720456923	0.398252509	5.60044075
157	-0.720440459	0.398310792	5.59902541
158	-0.720437772	0.398235281	5.59791162
159	-0.720438742	0.398241466	5.59793322
160	-0.7204454	0.398269558	5.59887268
161	-0.720444124	0.39828407	5.59805046
162	-0.720456	0.398291762	5.59964714
163	-0.720445546	0.398210827	5.59700207
164	-0.720444244	0.39823285	5.59486452
165	-0.720455515	0.39817924	5.59663066
166	-0.720469783	0.398098847	5.59333148
167	-0.720487713	0.398114072	5.59699693
168	-0.720502667	0.398133631	5.59677139
169	-0.720523266	0.398096508	5.59679324
170	-0.720533694	0.398137692	5.59868436
171	-0.720528281	0.398014768	5.59692963
172	-0.720527535	0.397919718	5.59665374
173	-0.720532994	0.397963175	5.59819279
174	-0.720545793	0.397926714	5.59781216
175	-0.720557349	0.397869453	5.59645718
176	-0.720554	0.397949026	5.59824393
177	-0.720563797	0.397913522	5.59736555
178	-0.720542202	0.397915763	5.59611788
179	-0.720571665	0.397943089	5.59781546
180	-0.720582933	0.397888171	5.59943891
181	-0.720575602	0.397806639	5.5970897
182	-0.720568791	0.39787715	5.59673295
183	-0.720574426	0.397871264	5.59704087
184	-0.720583739	0.397819997	5.59730526
185	-0.720575395	0.39776453	5.59821311
186	-0.720567097	0.397801508	5.59728192
187	-0.720564364	0.397782575	5.59749316
188	-0.720565106	0.397803685	5.59662433
189	-0.720575407	0.397838134	5.59817335
190	-0.720594063	0.397869901	5.60062951
191	-0.720594178	0.397878894	5.60151284
192	-0.720599417	0.397815699	5.60089633
193	-0.72060029	0.397833879	5.60082747
194	-0.720597196	0.39781928	5.60211314
195	-0.720615056	0.397852025	5.6036875
196	-0.720619469	0.397805717	5.60274045
197	-0.720617259	0.397825037	5.60005479
198	-0.720588566	0.397831872	5.59815563
199	-0.720583156	0.397786237	5.59812119
200	-0.72058332	0.397843376	5.59964615
