1	-0.52897744	0.250331296	1.94042353	0.034072
2	-0.53115732	0.250275803	1.98858118	0.039466
3	-0.529951733	0.249534969	1.94623059	0.03892
4	-0.52918222	0.249850485	1.94145059	0.037511
5	-0.529393344	0.251510074	1.94620612	0.0395072
6	-0.530032347	0.251875526	1.96734902	0.0394173333
7	-0.530501269	0.251345931	1.95676303	0.0385491429
8	-0.53063545	0.25091576	1.97037353	0.0404725
9	-0.530851716	0.251144477	1.97419712	0.0401413333
10	-0.530612944	0.251089448	1.96785506	0.0400872
11	-0.530453898	0.251000211	1.96220278	0.040804
12	-0.530180613	0.251368447	1.95499608	0.0404973333
13	-0.530241378	0.250965032	1.95197683	0.0404381538
14	-0.530394074	0.2505317	1.9529442	0.040218
15	-0.530392299	0.250627422	1.95307231	0.0402549333
16	-0.53026407	0.250920861	1.94772647	0.0406285
17	-0.530100442	0.250967219	1.94571737	0.0402221176
18	-0.53002896	0.250554585	1.94692078	0.0406257778
19	-0.529987802	0.250440711	1.94692632	0.0399585263
20	-0.52992336	0.250661967	1.95063294	0.039568
21	-0.529889573	0.250802175	1.95103395	0.0394500952
22	-0.529841124	0.25075712	1.95023636	0.0394561818
23	-0.529768915	0.250648662	1.9474355	0.0390370435
24	-0.529766933	0.250665595	1.94498314	0.03868
25	-0.529830755	0.25061828	1.94679962	0.03868976
26	-0.529800015	0.25079175	1.94505068	0.0389546154
27	-0.529819508	0.250854825	1.94609185	0.0393013333
28	-0.52983838	0.250865377	1.94616756	0.0391761429
29	-0.529836502	0.250763099	1.9450658	0.0392457931
30	-0.529826253	0.250551761	1.94550039	0.0391793333
31	-0.529799561	0.250528584	1.94272607	0.0388683871
32	-0.529812697	0.250572795	1.94068074	0.038934875
33	-0.529895496	0.250333069	1.93706011	0.0386899394
34	-0.529841781	0.250335195	1.93676664	0.0385714118
35	-0.529840517	0.250175009	1.93602689	0.0386658286
36	-0.529922536	0.250228338	1.93532405	0.0385823333
37	-0.52997512	0.250241241	1.93664776	0.0387451892
38	-0.530024547	0.2502826	1.93591901	0.0386273684
39	-0.529993044	0.250253223	1.93556428	0.0384932308
40	-0.530059652	0.250290564	1.93717106	0.0384326
41	-0.530047383	0.250252106	1.9376078	0.0383789268
42	-0.530077133	0.250358278	1.9384456	0.0387328571
43	-0.530043373	0.2503412	1.93800285	0.0386988837
44	-0.530045727	0.2503986	1.94051251	0.0385681818
45	-0.53002413	0.250414691	1.93767854	0.0383887111
46	-0.529955398	0.250336647	1.93694384	0.0383786087
47	-0.529972409	0.250387802	1.93646018	0.0385268085
48	-0.52995068	0.250547724	1.93591549	0.038609
49	-0.52991783	0.250589312	1.93643649	0.0386425306
50	-0.529904778	0.250528511	1.93513129	0.03865488
51	-0.529875511	0.250568609	1.934591	0.0387872941
52	-0.529849014	0.250663674	1.93392462	0.0386968462
53	-0.529841931	0.250750636	1.93370184	0.0385342642
54	-0.529785969	0.250630231	1.93359991	0.0384762222
55	-0.529788143	0.250627112	1.93360839	0.0385053091
56	-0.529732939	0.250641412	1.93361588	0.0383612143
57	-0.529730766	0.250658499	1.93419038	0.0382716491
58	-0.529692458	0.250583816	1.93283878	0.0381953103
59	-0.529625382	0.250637711	1.93196499	0.0383402712
60	-0.529613591	0.250729351	1.93311396	0.0384595333
61	-0.529620573	0.250625453	1.93345319	0.0383466885
62	-0.529634312	0.250789746	1.93359271	0.0382381935
63	-0.529664837	0.250804027	1.9344298	0.0383910476
64	-0.529621032	0.250812642	1.93374353	0.038339125
65	-0.529655618	0.250830329	1.93459345	0.0384486154
66	-0.529638388	0.250822074	1.93413861	0.0383981818
67	-0.529641242	0.250832418	1.93556313	0.0382949254
68	-0.529650555	0.250798051	1.93480291	0.0381865882
69	-0.529672223	0.250922166	1.93662786	0.0382256232
70	-0.529655429	0.251045294	1.93600457	0.0381142857
71	-0.529700554	0.251020664	1.93641412	0.0381432113
72	-0.529689476	0.250974343	1.93638719	0.0381293333
73	-0.529711239	0.250992285	1.93761573	0.0381318356
74	-0.529728958	0.250944925	1.93733113	0.0383127568
75	-0.529703747	0.250955226	1.93770824	0.0383606933
76	-0.529739213	0.250897423	1.9375283	0.0384290526
77	-0.529732121	0.250936714	1.93831261	0.0384969351
78	-0.529748228	0.25099375	1.93847143	0.0384524103
79	-0.52973354	0.250952582	1.93903065	0.038560557
80	-0.529717619	0.250943996	1.93890076	0.03843595
81	-0.529779206	0.250911456	1.94017104	0.0383627654
82	-0.52983184	0.250868146	1.94043432	0.0383578537
83	-0.529834578	0.250984209	1.9405151	0.0383457831
84	-0.529842744	0.250936777	1.94144824	0.0384038571
85	-0.529830344	0.25088312	1.94096127	0.0382701647
86	-0.529822715	0.250820906	1.93992148	0.0381915814
87	-0.529828986	0.250871443	1.93961055	0.0380653793
88	-0.529803787	0.250907319	1.93975861	0.0381393636
89	-0.529789912	0.250970475	1.93987019	0.0382057079
90	-0.529797837	0.250997763	1.94148115	0.0382874222
91	-0.529787311	0.25105683	1.94199767	0.0383018022
92	-0.529779603	0.251070804	1.94204798	0.0382627826
93	-0.529755254	0.251100004	1.94167595	0.0382659355
94	-0.529750917	0.251191813	1.94157292	0.038188383
95	-0.529729251	0.25120862	1.9414295	0.0381215158
96	-0.529692442	0.251237629	1.94173353	0.0381429167
97	-0.529700484	0.251245745	1.94212216	0.0380881237
98	-0.52971979	0.251249588	1.94343678	0.038169102
99	-0.529716934	0.251304649	1.94413338	0.0381254949
100	-0.529740719	0.251178049	1.94379242	0.03806396
1	-0.5289068	0.245516648	1.93398118	0.03654
2	-0.53079144	0.248402568	1.98719529	0.040772
3	-0.529964347	0.247070924	1.95301804	0.0399506667
4	-0.52944024	0.247846296	1.94289412	0.038712
5	-0.529491296	0.249005455	1.94934024	0.0403248
6	-0.5302082	0.250289332	1.97311451	0.0400766667
7	-0.530566811	0.249699158	1.95936807	0.0391977143
8	-0.5306694	0.249770974	1.96880353	0.04117
9	-0.530861671	0.249856231	1.97332915	0.0407724444
10	-0.530539376	0.249966991	1.96725647	0.0406488
11	-0.530419789	0.249625166	1.96304984	0.0413530909
12	-0.530231427	0.250067346	1.95840627	0.0409046667
13	-0.530269083	0.249763395	1.95517032	0.0408387692
14	-0.530355429	0.249443789	1.95401412	0.0406
15	-0.530267392	0.249589267	1.95342118	0.0407029333
16	-0.53012543	0.249756207	1.94791765	0.0410715
17	-0.529943633	0.250040654	1.94674602	0.0407110588
18	-0.529879747	0.249974526	1.94809438	0.0410095556
19	-0.529898964	0.249869358	1.94869399	0.0404218947
20	-0.529833192	0.250053676	1.95123671	0.0400996
21	-0.529883432	0.250146554	1.95226151	0.0398668571
22	-0.529814789	0.250071632	1.9513307	0.0399030909
23	-0.529753558	0.250242899	1.94875703	0.0394866087
24	-0.52980079	0.250326974	1.94566961	0.0391395
25	-0.529790464	0.250247747	1.94690033	0.0391712
26	-0.529770055	0.25044119	1.94507511	0.0394412308
27	-0.529777292	0.250455832	1.9457607	0.0397534815
28	-0.529808891	0.250517903	1.94557916	0.0396017143
29	-0.529792414	0.250604836	1.94454231	0.0396482759
30	-0.529785008	0.25053352	1.94572706	0.0395437333
31	-0.529784188	0.250244867	1.94286194	0.0392610323
32	-0.529821407	0.250183873	1.94120074	0.039332875
33	-0.529911164	0.249989352	1.93755194	0.0390733333
34	-0.529849718	0.249866068	1.93682021	0.0389211765
35	-0.529841954	0.249802956	1.93655005	0.0390348571
36	-0.529921902	0.249987652	1.93616627	0.0389728889
37	-0.529953059	0.250059585	1.93702436	0.0391016216
38	-0.529989627	0.250065497	1.93600334	0.0389866316
39	-0.529987746	0.249995512	1.93571813	0.0388539487
40	-0.53004233	0.250062388	1.93740976	0.0387365
41	-0.530052757	0.249910854	1.93892958	0.038676878
42	-0.530079263	0.249942275	1.93985714	0.0390298095
43	-0.530035228	0.249878329	1.93909045	0.03898
44	-0.530055855	0.24994285	1.94127529	0.0388654545
45	-0.530040924	0.249933066	1.93796957	0.038704
46	-0.52996875	0.249875969	1.93729136	0.0386548696
47	-0.529976048	0.249932111	1.93641352	0.0387768511
48	-0.529970748	0.250115751	1.93641382	0.0388790833
49	-0.529953574	0.250101459	1.93693522	0.0388868571
50	-0.529927979	0.250079026	1.93581148	0.03888696
51	-0.529878441	0.250245222	1.93541776	0.0390279216
52	-0.529821377	0.250454176	1.93474145	0.0389303846
53	-0.529828599	0.25047674	1.93485487	0.0387658113
54	-0.529755415	0.250432458	1.93487939	0.0387114815
55	-0.529746624	0.250476756	1.93512522	0.0387348364
56	-0.52970579	0.250569881	1.93515555	0.0385752143
57	-0.529707695	0.250586872	1.93619641	0.0384865263
58	-0.52969231	0.250546583	1.93480819	0.0383948276
59	-0.529646671	0.25050587	1.93409691	0.0385233898
60	-0.529636476	0.250650201	1.93534612	0.0386438
61	-0.529613243	0.25057621	1.9353725	0.0385375738
62	-0.529607274	0.250611074	1.93570011	0.0384217419
63	-0.52964069	0.250633805	1.93657733	0.0385678095
64	-0.529619807	0.250659948	1.93565956	0.038552875
65	-0.529637532	0.250619489	1.93615805	0.0386212308
66	-0.529627413	0.250556229	1.93579608	0.0385646061
67	-0.52961777	0.250624428	1.93705257	0.0384705672
68	-0.529616224	0.250610115	1.93637896	0.0383347059
69	-0.529619622	0.250634515	1.93817139	0.0383724058
70	-0.529620054	0.250677798	1.93796363	0.0382484
71	-0.529676906	0.250604591	1.93850035	0.038267831
72	-0.529646944	0.250673243	1.93831556	0.0382694444
73	-0.529677403	0.250761645	1.93921741	0.0382482192
74	-0.529681717	0.250730589	1.93896242	0.0384317838
75	-0.529682167	0.250781755	1.93903636	0.0384977067
76	-0.529723595	0.250688946	1.93879697	0.0385428947
77	-0.529734068	0.250743628	1.93988364	0.0386098701
78	-0.529755456	0.250734756	1.93967602	0.0385523077
79	-0.529743858	0.250740389	1.94013486	0.0386663291
80	-0.529736457	0.250667794	1.93977876	0.03855285
81	-0.529797224	0.250704091	1.94080076	0.0384685926
82	-0.529835284	0.250744397	1.94123099	0.038456878
83	-0.529842837	0.250746041	1.94122427	0.0384454458
84	-0.529842339	0.250741999	1.94220011	0.0384979048
85	-0.529832776	0.250707981	1.94168836	0.0383493647
86	-0.529826804	0.250687014	1.94048394	0.0382611163
87	-0.529820806	0.250712619	1.94030448	0.0381207816
88	-0.529816729	0.250758187	1.94076	0.0381955455
89	-0.52981684	0.250865469	1.9409416	0.0382487191
90	-0.52982544	0.250900305	1.94264533	0.0383297778
91	-0.529819712	0.250988227	1.94315946	0.0383438242
92	-0.529810438	0.251086722	1.94338148	0.0383132174
93	-0.529784403	0.251187246	1.94304278	0.038304043
94	-0.529763658	0.251268706	1.94277757	0.0382382128
95	-0.529746999	0.251233557	1.94268141	0.0381583579
96	-0.529706512	0.251259723	1.94272549	0.0381589167
97	-0.529699672	0.251271391	1.94302612	0.0381011134
98	-0.529722282	0.251256559	1.9444714	0.0381916327
99	-0.529728247	0.251272014	1.94514985	0.0381376162
100	-0.529745187	0.251135406	1.94468235	0.03806736
101	-0.529776211	0.251103372	1.94596613	0.0380699406
102	-0.529806755	0.251099725	1.94605227	0.0380240392
103	-0.529817614	0.251080118	1.94562211	0.0379331262
104	-0.529830472	0.251080369	1.94607258	0.0379313077
105	-0.529841982	0.251139842	1.94699438	0.0379848381
106	-0.52984327	0.2511132	1.9474412	0.0380276604
107	-0.529847483	0.251129562	1.94763452	0.0379928224
108	-0.529839618	0.251153369	1.9469756	0.0379586667
109	-0.529854195	0.251139604	1.94744009	0.0380418716
110	-0.529866151	0.251144873	1.94849664	0.0381511636
111	-0.529861426	0.251156151	1.94871572	0.0381775856
112	-0.52985465	0.251120139	1.94850101	0.0382467857
113	-0.529877448	0.251109617	1.94930245	0.0383431858
114	-0.52989084	0.2510958	1.94864541	0.0383770877
115	-0.52989162	0.251091965	1.94848712	0.0384870957
116	-0.529896172	0.251082179	1.94893298	0.0385637931
117	-0.52988308	0.251121125	1.94856861	0.0384958974
118	-0.529882095	0.251135671	1.94887394	0.0385420339
119	-0.529865234	0.251127091	1.94835128	0.0385490756
120	-0.529852561	0.251084066	1.94778322	0.0385314
121	-0.529860032	0.251105704	1.94807012	0.0384826116
122	-0.529861493	0.251109271	1.94733574	0.0384451475
123	-0.529882717	0.251052159	1.9467368	0.038500065
124	-0.529873429	0.251113513	1.94656975	0.0384940323
125	-0.529874753	0.251206732	1.94693515	0.038566432
126	-0.529890849	0.251147531	1.94684187	0.0385011746
127	-0.529866329	0.251202702	1.94629766	0.0385133228
128	-0.529873672	0.25117762	1.94677143	0.0385304687
129	-0.529863075	0.251198424	1.94649003	0.0385459845
130	-0.529858508	0.251130873	1.94658469	0.0385684923
131	-0.529876243	0.25116208	1.94687698	0.0386304733
132	-0.529875584	0.251191077	1.94676032	0.0387488788
133	-0.529886014	0.251129771	1.94654238	0.0386856541
134	-0.529888973	0.251102412	1.94625545	0.0387232836
135	-0.529872456	0.251130617	1.94623216	0.038760563
136	-0.529884045	0.251082216	1.94585969	0.0387169706
137	-0.529888842	0.251091462	1.94462702	0.0386961168
138	-0.529915881	0.251090933	1.94535332	0.0387824348
139	-0.529921281	0.251107201	1.94578495	0.0387143885
140	-0.529937254	0.251157092	1.9457676	0.0386769714
141	-0.529941798	0.251178932	1.94562406	0.0386643688
142	-0.529943878	0.251205893	1.94562177	0.038717831
143	-0.529909192	0.251182048	1.94537451	0.0387155245
144	-0.529899813	0.251186295	1.94519137	0.0387017778
145	-0.52989635	0.251221131	1.94560253	0.0387292138
146	-0.529899482	0.251184607	1.94503455	0.0386809589
147	-0.529883794	0.2511739	1.94476565	0.0385978503
148	-0.529897317	0.251154246	1.94445917	0.038601
149	-0.529885489	0.25111398	1.9440193	0.0386100134
150	-0.529886593	0.251096238	1.944367	0.03862032
151	-0.529872411	0.251051505	1.94402911	0.0385318146
152	-0.529879345	0.251096222	1.94466489	0.0385409474
153	-0.529889156	0.251100151	1.94492543	0.0385780392
154	-0.529897167	0.251087577	1.94455859	0.0385076883
155	-0.529929385	0.25105222	1.94479815	0.0385027871
156	-0.529937326	0.25104154	1.94430588	0.0385201538
157	-0.529935865	0.25103152	1.94489712	0.0385614268
158	-0.529928324	0.251015011	1.94465787	0.0386010127
159	-0.529920441	0.251018967	1.94465669	0.0385956226
160	-0.529948879	0.251049403	1.94427729	0.03863895
161	-0.52994077	0.251079564	1.94457409	0.0386956273
162	-0.529927296	0.251077708	1.94470376	0.0386932099
163	-0.529938674	0.251087372	1.94451568	0.0386122209
164	-0.529923806	0.251136608	1.9442994	0.0386024878
165	-0.529915933	0.251090427	1.94423039	0.0386039273
166	-0.529924424	0.251055341	1.94437797	0.0386019036
167	-0.529929511	0.251034011	1.9445771	0.0386144671
168	-0.52992014	0.251016886	1.94420375	0.0386308095
169	-0.529938481	0.251030945	1.94446669	0.0386684497
170	-0.529945543	0.25105197	1.94493309	0.0387006588
171	-0.529953181	0.251018065	1.94449915	0.0387350643
172	-0.529953777	0.251000238	1.94431699	0.0387260465
173	-0.529965378	0.25097941	1.94479023	0.0386896879
174	-0.529957545	0.250954244	1.9447775	0.0387002299
175	-0.529970817	0.250947049	1.94505025	0.0387808457
176	-0.529958071	0.250967795	1.94513142	0.0387603864
177	-0.529956941	0.250971699	1.94471139	0.0387080452
178	-0.529961848	0.250950608	1.9445642	0.0386878876
179	-0.529964659	0.250954403	1.94487535	0.0386664581
180	-0.529972141	0.250923052	1.94511527	0.0386381556
181	-0.52996879	0.250925257	1.94490896	0.0386560663
182	-0.529949878	0.250880679	1.94451131	0.0386455604
183	-0.529959175	0.250874571	1.94472471	0.0386319563
184	-0.529951948	0.250902624	1.94466386	0.038597413
185	-0.529935802	0.250895413	1.94431756	0.0386106378
186	-0.529920782	0.250852594	1.94423446	0.0385595054
187	-0.529900114	0.250854107	1.94384825	0.0385607701
188	-0.529904797	0.25084863	1.94396468	0.0385121915
189	-0.529918249	0.250841942	1.94405007	0.038515619
190	-0.529917199	0.25085771	1.94407591	0.0385167789
191	-0.529913616	0.250883083	1.94401298	0.0385247958
192	-0.529921561	0.250853998	1.94370267	0.0385176458
193	-0.529927396	0.250870033	1.94403045	0.0385210984
194	-0.529927169	0.250834295	1.94406525	0.038529567
195	-0.529932917	0.250841429	1.94438776	0.0385638154
196	-0.529934685	0.250844493	1.9442946	0.0385975102
197	-0.529921064	0.250824138	1.94435858	0.0386420102
198	-0.529929446	0.250807732	1.94418911	0.0385975556
199	-0.529934367	0.250820878	1.94469787	0.0386640603
200	-0.529944669	0.250839306	1.94476329	0.03872944
