1	-0.76674816	0.431249446	8.142224	0.132208
2	-0.76704836	0.440769357	8.21418	0.134418
3	-0.767382773	0.433381169	8.07275733	0.134472
4	-0.76737224	0.436606554	8.121968	0.138512
5	-0.766607072	0.436783179	7.9561984	0.1357136
6	-0.76690108	0.435919224	8.04691067	0.134320667
7	-0.767527337	0.439941026	8.20440457	0.136081143
8	-0.76767708	0.438411982	8.286754	0.138654
9	-0.767693724	0.438651493	8.28489778	0.138908444
10	-0.767912992	0.438958049	8.2994336	0.1391296
11	-0.767561629	0.439062561	8.24391127	0.140845091
12	-0.7678618	0.437971209	8.27624533	0.14069
13	-0.767762683	0.43808199	8.24476554	0.142195692
14	-0.768080777	0.438563979	8.241712	0.144153143
15	-0.767630251	0.438694692	8.22533333	0.1424992
16	-0.76765972	0.43802806	8.205617	0.141561
17	-0.767630936	0.438829662	8.21085365	0.142064471
18	-0.7676408	0.438690555	8.23464444	0.141795556
19	-0.767653166	0.437316003	8.18034989	0.140342526
20	-0.767580644	0.436595981	8.182238	0.1405122
21	-0.767758084	0.437602256	8.23592419	0.14270419
22	-0.767756913	0.437648566	8.23643382	0.143245636
23	-0.767847336	0.437454445	8.24737009	0.143027652
24	-0.767802523	0.437853986	8.252329	0.143326167
25	-0.767884374	0.437641618	8.22561248	0.14233072
26	-0.767843874	0.437162639	8.20816031	0.142132154
27	-0.767756056	0.43756159	8.19407022	0.142988
28	-0.767646203	0.437538867	8.185374	0.142567286
29	-0.767652963	0.437447095	8.18520469	0.142730897
30	-0.767694208	0.437766501	8.18852853	0.142883733
31	-0.767632712	0.437419093	8.18176155	0.14322271
32	-0.767912648	0.437920018	8.22010225	0.144319875
33	-0.767866812	0.438103005	8.22571782	0.14408
34	-0.767617266	0.437883176	8.20554118	0.142922118
35	-0.767605806	0.437735207	8.2039488	0.143958857
36	-0.767580991	0.438408023	8.21011689	0.144071778
37	-0.767608778	0.438263581	8.20851935	0.144211892
38	-0.767690276	0.438036302	8.22051432	0.144798
39	-0.767753547	0.438818967	8.21959467	0.144292718
40	-0.767741798	0.438914605	8.2179306	0.1446399
41	-0.767715063	0.438713626	8.22054751	0.144845854
42	-0.767777053	0.438342378	8.22562686	0.145052667
43	-0.767823553	0.438471688	8.21808298	0.145224186
44	-0.76776518	0.438482359	8.21625982	0.145368091
45	-0.767692764	0.439156769	8.22335538	0.145509333
46	-0.767651381	0.43935992	8.22205391	0.145308174
47	-0.767550955	0.439553767	8.21225226	0.144798809
48	-0.767517002	0.439684152	8.20348817	0.14519175
49	-0.767557218	0.439951435	8.19932702	0.144571102
50	-0.767608501	0.440164142	8.20744016	0.14497704
51	-0.767609001	0.440264444	8.20633004	0.144842196
52	-0.767612632	0.440111585	8.21201831	0.144447
53	-0.767618355	0.43988831	8.20454249	0.144804528
54	-0.7676372	0.439739845	8.19860296	0.144941481
55	-0.767703951	0.439517283	8.20941615	0.145219345
56	-0.767715079	0.439221086	8.20069929	0.1442825
57	-0.76766358	0.439340296	8.19290653	0.144294807
58	-0.767624566	0.439252877	8.18140386	0.143635172
59	-0.767622945	0.43928577	8.17427498	0.143459119
60	-0.767566497	0.439245254	8.1774124	0.143851533
61	-0.767612494	0.439247947	8.18406361	0.144395213
62	-0.76755783	0.439236445	8.17596103	0.144039871
63	-0.767583164	0.438894755	8.16560813	0.143958222
64	-0.767548969	0.438590445	8.15606063	0.143510937
65	-0.767562933	0.438696329	8.15657662	0.143802031
66	-0.767552359	0.438575413	8.15850715	0.143248242
67	-0.767595711	0.438621155	8.16651821	0.143236299
68	-0.767562328	0.438439355	8.15729541	0.143163471
69	-0.767559194	0.438415771	8.15962841	0.143327826
70	-0.767567206	0.438382447	8.16289977	0.143731714
71	-0.767580134	0.438196309	8.1579627	0.143294028
72	-0.767567403	0.438346086	8.15384789	0.143336833
73	-0.767543752	0.4386724	8.1607989	0.143532822
74	-0.767585352	0.438529	8.16102368	0.143856811
75	-0.767551868	0.438349875	8.15129621	0.143241387
76	-0.767604725	0.438465676	8.15599105	0.143304684
77	-0.767679104	0.438751671	8.16905621	0.143856519
78	-0.767632315	0.438846823	8.1605839	0.143841385
79	-0.767604226	0.439090418	8.15705792	0.143310025
80	-0.76756611	0.439165198	8.1532798	0.1432355
81	-0.767561032	0.439010769	8.14950943	0.143310864
82	-0.767560077	0.439022659	8.15521961	0.143564829
83	-0.767549145	0.439103755	8.15957147	0.143837976
84	-0.767547659	0.439028551	8.16045886	0.143792476
85	-0.767508963	0.439041376	8.15336179	0.143504612
86	-0.767481717	0.439138552	8.1546106	0.143425395
87	-0.767552683	0.439104427	8.16037048	0.14373531
88	-0.767510235	0.438920058	8.15780818	0.143620818
89	-0.767541771	0.43881438	8.15938535	0.143690787
90	-0.767537446	0.438706122	8.158636	0.143565644
91	-0.767520602	0.438527345	8.15568554	0.143265275
92	-0.767581245	0.438306888	8.15990487	0.143479652
93	-0.767609242	0.438200371	8.16355871	0.143696516
94	-0.767570972	0.438160799	8.16216732	0.143259234
95	-0.767576056	0.43787669	8.16221954	0.1435144
96	-0.767531769	0.437824145	8.16064642	0.143659292
97	-0.767456209	0.437919491	8.1548734	0.143140371
98	-0.767472579	0.438034312	8.16366718	0.143441184
99	-0.767518172	0.437955075	8.16826844	0.143690424
100	-0.767533959	0.437864997	8.16705512	0.14347796
1	-0.7662108	0.43148702	8.172904	0.13334
2	-0.76694784	0.436979544	8.213224	0.134792
3	-0.767192107	0.429107485	8.076032	0.135072
4	-0.76712538	0.434724164	8.123598	0.138969
5	-0.766420656	0.436974029	7.9558608	0.1359128
6	-0.766558867	0.435612766	8.044132	0.134676667
7	-0.767186263	0.440178163	8.20067429	0.136456
8	-0.76738998	0.437683394	8.278948	0.138999
9	-0.767420969	0.43754452	8.27516356	0.139226222
10	-0.767576136	0.438213457	8.2900728	0.1394468
11	-0.767267709	0.439036336	8.23869091	0.141167273
12	-0.767569967	0.437532956	8.27214333	0.140931667
13	-0.76745944	0.437824126	8.24041662	0.142387385
14	-0.767773709	0.438552253	8.239532	0.144399714
15	-0.767355637	0.438684215	8.22272747	0.142741867
16	-0.76739959	0.438304362	8.20347	0.1417545
17	-0.767411972	0.439207923	8.21172612	0.142245647
18	-0.767413636	0.439084603	8.23193867	0.141904
19	-0.767464429	0.437805307	8.17899032	0.140463579
20	-0.767431004	0.437030364	8.1829204	0.1406502
21	-0.767626061	0.437835719	8.23810552	0.142884
22	-0.767612909	0.437904633	8.24062618	0.143463636
23	-0.767695489	0.437795322	8.25190922	0.143278783
24	-0.76764001	0.438154089	8.25335167	0.143533833
25	-0.767707725	0.438147379	8.22507648	0.14252224
26	-0.767654138	0.437901058	8.20740708	0.142276154
27	-0.767578474	0.438392986	8.193528	0.143160741
28	-0.767447794	0.438447495	8.18587143	0.142746857
29	-0.767453575	0.438460209	8.1859269	0.142913241
30	-0.767504488	0.438570902	8.19024613	0.143051067
31	-0.7674552	0.438362565	8.1839169	0.143392258
32	-0.767761538	0.438843878	8.22280975	0.144514375
33	-0.767737874	0.439062151	8.22799685	0.144251273
34	-0.767488421	0.438788659	8.20846941	0.143115176
35	-0.76748581	0.438621396	8.20652663	0.144176229
36	-0.767476271	0.439203183	8.21229511	0.144258
37	-0.767504489	0.439288835	8.21080908	0.144402811
38	-0.767581238	0.439197405	8.22358737	0.145009263
39	-0.767655011	0.440042626	8.22321764	0.144524923
40	-0.767657978	0.440203578	8.221685	0.1448789
41	-0.767631483	0.440168474	8.22358498	0.145086341
42	-0.76770381	0.439639679	8.2274499	0.145266667
43	-0.767722567	0.439966854	8.21946047	0.145430698
44	-0.767670958	0.439896464	8.21817836	0.145566091
45	-0.767615595	0.440520815	8.22552071	0.145713067
46	-0.767577915	0.440703182	8.22415322	0.14551313
47	-0.767482337	0.440862673	8.21431915	0.144993447
48	-0.767450748	0.440952368	8.20528317	0.145362417
49	-0.767489381	0.441357028	8.20127576	0.144746612
50	-0.767536677	0.441464679	8.20892752	0.14515384
51	-0.767542155	0.441492415	8.20726369	0.145013647
52	-0.767534155	0.441459719	8.21317615	0.144623154
53	-0.767533682	0.44125087	8.20600181	0.144993509
54	-0.767557145	0.440966008	8.19929022	0.145116519
55	-0.767612887	0.440769038	8.21106996	0.145408
56	-0.767613151	0.44054728	8.201908	0.144479
57	-0.767545392	0.440664265	8.19393656	0.144504702
58	-0.76750741	0.440533145	8.18228938	0.143853241
59	-0.767517725	0.44046446	8.17513654	0.143648949
60	-0.767463337	0.440478923	8.17855693	0.144053533
61	-0.767505087	0.440408234	8.18515318	0.144598623
62	-0.767456879	0.44033783	8.17700142	0.144256839
63	-0.767493747	0.439991873	8.16638756	0.144179429
64	-0.767462071	0.439695069	8.15699787	0.143709812
65	-0.767474479	0.439788293	8.15758351	0.143988554
66	-0.767468909	0.439590816	8.15891248	0.143409091
67	-0.767515433	0.439605783	8.16708406	0.143401493
68	-0.767488832	0.439450069	8.15809965	0.143318059
69	-0.767486239	0.439483721	8.16036162	0.143459768
70	-0.767486111	0.439357935	8.16306457	0.1438484
71	-0.767503538	0.439219734	8.15833915	0.143413521
72	-0.767481648	0.439411594	8.15374011	0.143454611
73	-0.767456024	0.439761029	8.16022115	0.143634082
74	-0.767493459	0.439672168	8.16084605	0.143954054
75	-0.767470883	0.439498758	8.15109856	0.14333616
76	-0.767520184	0.439571969	8.15575842	0.143398684
77	-0.767586928	0.439830252	8.16832831	0.143943792
78	-0.767541867	0.439859107	8.15995405	0.14390359
79	-0.767515237	0.440098617	8.15646673	0.143382127
80	-0.767480384	0.44010786	8.1519742	0.1432942
81	-0.767479168	0.439920232	8.14800573	0.143365827
82	-0.767475841	0.43994867	8.15363639	0.143616439
83	-0.767463846	0.440054831	8.15807634	0.143905542
84	-0.767460502	0.439973869	8.158998	0.143858429
85	-0.76742053	0.440001324	8.15186155	0.143572376
86	-0.767397125	0.440022595	8.15299637	0.143498093
87	-0.767464018	0.43994861	8.1590034	0.143817011
88	-0.767425774	0.439809038	8.15674009	0.143706864
89	-0.767458958	0.439741158	8.15847182	0.143783865
90	-0.767452723	0.439674871	8.15763796	0.1436628
91	-0.767445742	0.439486648	8.15453679	0.143355253
92	-0.767506266	0.43925634	8.15907496	0.143574174
93	-0.767541122	0.439089171	8.16283475	0.143787269
94	-0.767503305	0.439094955	8.16133626	0.143348213
95	-0.767505948	0.438891217	8.16152851	0.143604758
96	-0.767457108	0.438827002	8.15971892	0.143751208
97	-0.767374432	0.43898702	8.15422243	0.143232948
98	-0.767396591	0.439097309	8.16297469	0.143535673
99	-0.767451814	0.439048448	8.16761729	0.143778586
100	-0.767469806	0.438927072	8.16658232	0.14356628
101	-0.767503682	0.439014754	8.17208	0.143718733
102	-0.767428354	0.438943576	8.16683239	0.143496118
103	-0.767423864	0.439028565	8.17124249	0.143402913
104	-0.767438467	0.439177626	8.17710731	0.143873346
105	-0.767496565	0.439264789	8.18124754	0.144108267
106	-0.767495808	0.439241999	8.17735811	0.144254528
107	-0.767502187	0.439072705	8.1782003	0.144608411
108	-0.767516328	0.439156679	8.18428985	0.144909
109	-0.767543753	0.439164236	8.1900676	0.145338092
110	-0.767534631	0.439360065	8.18975244	0.145720655
111	-0.767562858	0.439247377	8.19370277	0.145742919
112	-0.767566969	0.439060696	8.19185864	0.145644893
113	-0.767600643	0.438870307	8.19225897	0.145816212
114	-0.76759805	0.438966285	8.19296007	0.145839333
115	-0.767585551	0.439077523	8.19592744	0.146112313
116	-0.76759817	0.438942352	8.19801441	0.146143
117	-0.767567331	0.438970836	8.19853012	0.146270803
118	-0.767584485	0.439003152	8.20090746	0.146044576
119	-0.767574089	0.438892047	8.20397203	0.146133042
120	-0.767586027	0.438767285	8.20530333	0.146421333
121	-0.767583031	0.438821331	8.20596562	0.146791207
122	-0.767585536	0.438811772	8.20413423	0.146781738
123	-0.767571536	0.43881238	8.20235922	0.146736163
124	-0.767606214	0.438790032	8.20959265	0.147055871
125	-0.767608505	0.438862131	8.20770797	0.147097248
126	-0.767576719	0.43881118	8.2021567	0.146689905
127	-0.767609461	0.439078265	8.21043672	0.146860441
128	-0.767597034	0.439140623	8.21023763	0.146623562
129	-0.767608185	0.439054609	8.2110426	0.146598388
130	-0.767596274	0.438870072	8.20781292	0.146589108
131	-0.767557901	0.438941814	8.20600605	0.146539328
132	-0.767561571	0.438739445	8.20050594	0.146417939
133	-0.767590361	0.438624778	8.20243374	0.146531579
134	-0.767546261	0.438623369	8.20227331	0.146411582
135	-0.76755908	0.438562584	8.20258252	0.146490311
136	-0.767557485	0.438603768	8.20611935	0.1467625
137	-0.767564432	0.438734606	8.20566155	0.146601168
138	-0.767567459	0.438761575	8.20722858	0.146541072
139	-0.767563565	0.4388107	8.20749968	0.146509209
140	-0.7676038	0.438692643	8.20953749	0.146444286
141	-0.767608447	0.438562811	8.20970315	0.146218099
142	-0.767606087	0.438695005	8.21224783	0.146070563
143	-0.767578487	0.438820667	8.21344476	0.146051608
144	-0.767558377	0.438800796	8.21287767	0.145871611
145	-0.767548783	0.43890577	8.21508419	0.145703972
146	-0.767558576	0.43890915	8.21498411	0.145616493
147	-0.767547671	0.438957915	8.2177379	0.145674721
148	-0.767565945	0.43900534	8.22095978	0.145848595
149	-0.767553725	0.438922013	8.21925138	0.145721154
150	-0.767540095	0.438940004	8.21921269	0.14577008
151	-0.767562922	0.438857428	8.22027052	0.145754066
152	-0.767559739	0.438774935	8.22162937	0.145660632
153	-0.767572596	0.438738145	8.22547827	0.145824575
154	-0.767585102	0.438766099	8.22764468	0.145836935
155	-0.767577051	0.438757515	8.22720294	0.145789342
156	-0.767580016	0.438730708	8.22367682	0.145885436
157	-0.767580479	0.438734678	8.22186293	0.145956433
158	-0.767587106	0.438718364	8.22412046	0.146026203
159	-0.767596256	0.438709601	8.22674053	0.146331019
160	-0.767618241	0.43865851	8.22509205	0.146397025
161	-0.767590401	0.43866753	8.22238713	0.146255478
162	-0.767590244	0.438680946	8.22277916	0.146201086
163	-0.76758912	0.438795227	8.22687279	0.146238798
164	-0.767567834	0.438812688	8.22547015	0.146225854
165	-0.767565543	0.438756958	8.22392441	0.146175345
166	-0.767553954	0.438812297	8.21914381	0.146254313
167	-0.767570436	0.438769362	8.2225417	0.146311042
168	-0.767601503	0.438817217	8.22487919	0.14643231
169	-0.767631833	0.438908921	8.22836019	0.146514722
170	-0.767648618	0.43898239	8.22774668	0.146703835
171	-0.767627336	0.438901929	8.22716903	0.14652
172	-0.767623669	0.43879684	8.22508642	0.146506698
173	-0.767642014	0.438732939	8.22560532	0.146644046
174	-0.767638009	0.43871312	8.22277618	0.146622299
175	-0.767636405	0.438771586	8.22235378	0.146745943
176	-0.767627679	0.438746679	8.22209836	0.146783955
177	-0.767635169	0.438847294	8.22497234	0.146793469
178	-0.76765013	0.438941553	8.22745775	0.146987393
179	-0.767656801	0.43897295	8.22872125	0.146987531
180	-0.767659422	0.438833568	8.2292816	0.146897778
181	-0.767667568	0.43875563	8.23029755	0.147062365
182	-0.767655079	0.438828454	8.23047996	0.147182527
183	-0.767626202	0.438828564	8.23046146	0.147019366
184	-0.767628797	0.438829497	8.23164561	0.147076804
185	-0.767630681	0.438788093	8.22955049	0.146958897
186	-0.767607732	0.438661118	8.22697875	0.146941419
187	-0.767593232	0.438634299	8.22523144	0.146728963
188	-0.767586369	0.438667548	8.22402987	0.146633319
189	-0.767586892	0.438732801	8.22480504	0.146553079
190	-0.767590195	0.438702993	8.22077036	0.146341347
191	-0.767612199	0.438716124	8.22315941	0.146572251
192	-0.767610047	0.438737827	8.2242365	0.146544
193	-0.767613843	0.438831026	8.22626582	0.14654087
194	-0.767613112	0.43880966	8.22782726	0.146597876
195	-0.767626503	0.438845265	8.23130363	0.146615385
196	-0.767655056	0.438892257	8.23512906	0.146899755
197	-0.767647827	0.438911792	8.23583038	0.146844122
198	-0.767661794	0.438957433	8.23770679	0.146964424
199	-0.767636994	0.438932257	8.23346034	0.146840643
200	-0.767646795	0.438920161	8.23625824	0.14686576
