1	-0.68466544	0.374669838	4.47684	0.080872
2	-0.68592	0.377737177	4.65481333	0.0782
3	-0.685657013	0.37834534	4.68302667	0.079384
4	-0.68467754	0.380494167	4.697855	0.082477
5	-0.684035696	0.379272386	4.646356	0.0782648
6	-0.683910893	0.379808476	4.62087889	0.077078
7	-0.684150789	0.380294003	4.66428	0.0803394286
8	-0.68452036	0.38091238	4.66437	0.081118
9	-0.684595724	0.380553958	4.65191333	0.0823195556
10	-0.68454508	0.379034122	4.62519267	0.082934
11	-0.684593069	0.37993802	4.64275333	0.0833989091
12	-0.684784967	0.378050646	4.63880167	0.0842816667
13	-0.685035963	0.379177443	4.65826154	0.085552
14	-0.685259474	0.378480679	4.65874	0.0860594286
15	-0.684894117	0.378511842	4.6255	0.0845192
16	-0.6850453	0.378649685	4.64216833	0.08499
17	-0.68496152	0.379296659	4.63968039	0.0846407059
18	-0.68492012	0.379294241	4.63187889	0.0836948889
19	-0.685034577	0.378644082	4.61913053	0.0829498947
20	-0.68506912	0.377901261	4.61438933	0.082616
21	-0.685259387	0.378176854	4.62310698	0.0828550476
22	-0.685306564	0.378680321	4.63445909	0.0826554545
23	-0.685252184	0.3788159	4.64496493	0.0829222609
24	-0.68527017	0.37895305	4.64974583	0.0835918333
25	-0.685310317	0.379118054	4.64705867	0.08401184
26	-0.685394791	0.379397443	4.65735923	0.0848472308
27	-0.685333713	0.37891486	4.65184988	0.084418963
28	-0.68538836	0.378449842	4.64704333	0.0834751429
29	-0.68541331	0.378663988	4.65262046	0.0836448276
30	-0.685505589	0.378454949	4.65609022	0.0842928
31	-0.685427866	0.378389108	4.64594366	0.0833287742
32	-0.685479163	0.378313003	4.64922854	0.083245625
33	-0.68546408	0.377955029	4.65979091	0.083773697
34	-0.685526341	0.37818969	4.67172765	0.0839758824
35	-0.68557136	0.377863156	4.66788038	0.0840994286
36	-0.685577556	0.37791235	4.66669296	0.0839666667
37	-0.685565239	0.377656649	4.66691514	0.0842403243
38	-0.685578602	0.377608862	4.66789263	0.0842564211
39	-0.685529822	0.377732253	4.66369949	0.0836808205
40	-0.685553866	0.377769665	4.66673783	0.0838633
41	-0.685661372	0.377854088	4.67396862	0.084336878
42	-0.68562736	0.377978481	4.6778781	0.0844632381
43	-0.685621728	0.378214774	4.67537132	0.0845654884
44	-0.685572044	0.37838361	4.67332848	0.0847567273
45	-0.685520884	0.37831639	4.67123807	0.0848352889
46	-0.685556337	0.378284019	4.67796116	0.0848690435
47	-0.685492134	0.378259091	4.67288128	0.0845386383
48	-0.68554656	0.378404273	4.6685625	0.0851946667
49	-0.685529504	0.378310384	4.66950626	0.0855527347
50	-0.685598331	0.378755989	4.67876147	0.08534056
51	-0.68561218	0.378606553	4.68327046	0.0856364706
52	-0.685665338	0.37837279	4.68151462	0.0851976923
53	-0.68569958	0.378242448	4.68341962	0.0854620377
54	-0.685705387	0.378148046	4.6798363	0.0857211852
55	-0.685739114	0.378166141	4.68158533	0.0858284364
56	-0.685742496	0.378340984	4.67950488	0.0856962143
57	-0.685700171	0.378367409	4.67559836	0.0859769825
58	-0.685646766	0.378736347	4.67540333	0.0860348276
59	-0.685612704	0.378450958	4.66973797	0.0860114576
60	-0.685609471	0.378636701	4.66650656	0.0860802
61	-0.685649937	0.378645755	4.66679727	0.0863984918
62	-0.685651803	0.378803819	4.66274871	0.0863256129
63	-0.685725144	0.378770246	4.66328772	0.0862254603
64	-0.685692515	0.378928561	4.66512458	0.08625075
65	-0.685627166	0.379029761	4.66245805	0.0863798154
66	-0.685619928	0.379070956	4.66606152	0.0862630909
67	-0.685620942	0.379041454	4.66506776	0.0864918806
68	-0.685607713	0.378843585	4.66348137	0.0863268235
69	-0.685567977	0.378889847	4.66342879	0.0863756522
70	-0.685578167	0.378956598	4.66554724	0.0865026286
71	-0.685574472	0.379221837	4.66558009	0.0865940282
72	-0.685566349	0.379295471	4.66666815	0.0867396667
73	-0.685562367	0.379442988	4.66582612	0.0867594521
74	-0.685558415	0.379316181	4.66535243	0.0868829189
75	-0.685544811	0.379285108	4.66991698	0.0868832
76	-0.685543376	0.379169747	4.6688043	0.0864898421
77	-0.685576786	0.379149386	4.66909636	0.0865691948
78	-0.685584269	0.379284528	4.6710735	0.086690359
79	-0.685574647	0.37924005	4.66987527	0.0866513418
80	-0.685542829	0.379152704	4.66621458	0.08663645
81	-0.685538132	0.379114779	4.6675507	0.0869510617
82	-0.685516975	0.379038995	4.66807764	0.0869121463
83	-0.68553021	0.379173768	4.66816859	0.086997253
84	-0.685552667	0.379066489	4.67009794	0.0869190476
85	-0.685566534	0.379155956	4.671784	0.0870184471
86	-0.685524786	0.37918944	4.66893481	0.0869834884
87	-0.685529618	0.379151683	4.67072736	0.0872073563
88	-0.685447944	0.379132409	4.66740591	0.0868880909
89	-0.685488794	0.379167395	4.66784787	0.086835191
90	-0.685468796	0.379038563	4.66677304	0.0865331556
91	-0.685420283	0.379013539	4.66469158	0.0864866813
92	-0.685434864	0.379008231	4.66191087	0.0865258261
93	-0.685402903	0.379063995	4.65982416	0.0864032258
94	-0.68542308	0.379133884	4.65765865	0.0864093191
95	-0.685385647	0.379052975	4.65639607	0.0863349895
96	-0.685403111	0.37905457	4.65292007	0.0861555417
97	-0.685379226	0.379065054	4.65226605	0.0861406598
98	-0.685395163	0.379045559	4.65358102	0.0862234694
99	-0.685398377	0.379086852	4.6531565	0.0860926061
100	-0.685428661	0.379041728	4.653426	0.08624904
1	-0.68418392	0.381893259	4.49256667	0.079996
2	-0.68569852	0.381570329	4.65256333	0.077126
3	-0.685719093	0.379930632	4.68326667	0.0783546667
4	-0.68480862	0.380014575	4.69528167	0.081631
5	-0.684096704	0.379256787	4.641976	0.0776352
6	-0.68395556	0.379256295	4.61192333	0.0765113333
7	-0.684207703	0.379559226	4.65544762	0.0798137143
8	-0.68448405	0.380667196	4.65422083	0.0808025
9	-0.684627529	0.379598015	4.64184519	0.0819986667
10	-0.684490032	0.378668181	4.61656267	0.0825816
11	-0.684644531	0.378907041	4.63447091	0.0830629091
12	-0.68480972	0.376766956	4.62730444	0.0839193333
13	-0.685026474	0.377251236	4.64705949	0.0851390769
14	-0.685286011	0.376721487	4.6473381	0.0856148571
15	-0.684939979	0.376512006	4.615744	0.0841189333
16	-0.68509317	0.376587828	4.63362583	0.0845835
17	-0.684972904	0.37757358	4.6314698	0.0842216471
18	-0.684928324	0.377932144	4.62462556	0.0833051111
19	-0.685065634	0.377561605	4.6114014	0.0825658947
20	-0.685119692	0.376806882	4.60935567	0.0823046
21	-0.68530696	0.377330115	4.61933429	0.0825289524
22	-0.685325582	0.377825317	4.63090333	0.0823336364
23	-0.685298184	0.378152525	4.64175768	0.0827005217
24	-0.68532713	0.3783819	4.6460875	0.0833898333
25	-0.685350854	0.37830467	4.64265973	0.08379872
26	-0.685404858	0.378627892	4.65203462	0.0846736923
27	-0.685336871	0.378143128	4.64732049	0.0842805926
28	-0.685374029	0.377643797	4.64146429	0.0833442857
29	-0.685416927	0.377838039	4.64797379	0.0835084138
30	-0.685503269	0.377640309	4.65218889	0.0841501333
31	-0.685409492	0.377779967	4.6412314	0.083235871
32	-0.685496295	0.377650661	4.64392667	0.08318975
33	-0.685481069	0.37751344	4.65522687	0.0836898182
34	-0.6855348	0.377919662	4.66809725	0.0838458824
35	-0.685585131	0.377690755	4.6647781	0.0839651429
36	-0.68560964	0.377853935	4.66396444	0.0837931111
37	-0.685594426	0.377723135	4.66400288	0.0840348108
38	-0.685600017	0.377809186	4.66567719	0.0840955789
39	-0.685543629	0.378106075	4.66219094	0.0835404103
40	-0.685574106	0.378147198	4.66552883	0.0837453
41	-0.685670236	0.378483052	4.67272358	0.084224
42	-0.685653442	0.378588772	4.67630143	0.0843387619
43	-0.685640977	0.378876536	4.67356047	0.0844302326
44	-0.685573289	0.379248122	4.67098409	0.0846280909
45	-0.685528418	0.379278857	4.66860844	0.0846964444
46	-0.685564856	0.37928572	4.67537449	0.0847210435
47	-0.685518437	0.379324216	4.67008312	0.0843899574
48	-0.685556158	0.379416215	4.66542347	0.0850579167
49	-0.685559313	0.379356543	4.66690544	0.0854350204
50	-0.685605176	0.379815449	4.67539133	0.0852268
51	-0.685597575	0.379828824	4.67959582	0.0855336471
52	-0.685619278	0.379617051	4.67749628	0.0850793077
53	-0.685633174	0.379527353	4.68017987	0.085349283
54	-0.685633281	0.379441339	4.67662358	0.0856048148
55	-0.685647062	0.379366365	4.6785303	0.0856985455
56	-0.685658573	0.379603045	4.67623798	0.0855643571
57	-0.685608138	0.379506309	4.67211345	0.0858314386
58	-0.685567524	0.379844079	4.67201253	0.0859003448
59	-0.685544022	0.379571226	4.66626147	0.0858654915
60	-0.685535135	0.379766091	4.66341544	0.0859234
61	-0.685565785	0.379827061	4.66402743	0.0862302295
62	-0.685563871	0.379944591	4.66007656	0.0861677419
63	-0.685643888	0.37986715	4.66035937	0.086080127
64	-0.685630084	0.379931344	4.66234177	0.0860979375
65	-0.685570324	0.380021915	4.65952923	0.0862269538
66	-0.685559371	0.380122834	4.66322556	0.0861079394
67	-0.68555147	0.380092471	4.66197672	0.0863197612
68	-0.685543348	0.379957164	4.66037333	0.0861497647
69	-0.685501602	0.379958978	4.66066164	0.0861931594
70	-0.685503129	0.37998497	4.66251581	0.0863107429
71	-0.685507783	0.380225181	4.66286563	0.0864088451
72	-0.685484223	0.380262123	4.66349657	0.0865556111
73	-0.685475739	0.380365961	4.66257425	0.0865814795
74	-0.685454693	0.380228759	4.66186766	0.0867076216
75	-0.685453457	0.380030508	4.66625244	0.0867261867
76	-0.685457679	0.37981719	4.66478886	0.0863471053
77	-0.685501268	0.379819592	4.66540329	0.08644
78	-0.685505543	0.379852927	4.6672653	0.0865796923
79	-0.685501105	0.379812677	4.66534624	0.0865539747
80	-0.685477714	0.379755968	4.66165	0.0865407
81	-0.685477691	0.379720165	4.6629521	0.0868376296
82	-0.685449923	0.379705053	4.6634474	0.0867839512
83	-0.685471642	0.37984901	4.66343333	0.086878506
84	-0.685491894	0.379740378	4.66539802	0.0868137619
85	-0.685496664	0.379773555	4.66721757	0.0869179294
86	-0.685458259	0.379769503	4.66431783	0.0868757209
87	-0.685450824	0.379820348	4.66611931	0.0871067126
88	-0.685378385	0.379710161	4.6627997	0.0867829091
89	-0.685419401	0.379766881	4.66318277	0.0867228764
90	-0.685404802	0.379594993	4.66216978	0.0864400889
91	-0.685364854	0.379518257	4.66029414	0.0864009231
92	-0.685379871	0.379479124	4.65750159	0.0864413913
93	-0.685361287	0.379475652	4.65538007	0.0863310108
94	-0.68538513	0.379610153	4.65343957	0.0863245957
95	-0.685351867	0.379600689	4.65249404	0.0862501895
96	-0.685360324	0.379633314	4.64892896	0.086057875
97	-0.685337414	0.379681385	4.64828515	0.0860418557
98	-0.685359015	0.379627472	4.64968578	0.0861180816
99	-0.685371282	0.379587982	4.64960586	0.0859903434
100	-0.68539979	0.379541871	4.64974273	0.08614948
101	-0.685417301	0.379443241	4.64976561	0.0859541782
102	-0.685369653	0.37941734	4.64952967	0.0859101176
103	-0.685394199	0.379471433	4.64942867	0.0859934369
104	-0.685383839	0.379399836	4.64847737	0.0859842692
105	-0.685368412	0.379429046	4.64804425	0.0858720381
106	-0.685343746	0.379493138	4.64722421	0.0859118113
107	-0.685333773	0.379481309	4.64879583	0.0859185421
108	-0.685317846	0.379483784	4.64791938	0.0858700741
109	-0.685352291	0.379449981	4.64936018	0.0859264954
110	-0.685364291	0.37939527	4.65073345	0.0860254545
111	-0.685342173	0.379414346	4.65081604	0.085905045
112	-0.685321596	0.379447877	4.65201452	0.0859226429
113	-0.685332038	0.379532539	4.65396732	0.0860355398
114	-0.685332378	0.379514099	4.65517567	0.0860609825
115	-0.685333955	0.379504334	4.65663501	0.0861412174
116	-0.68533619	0.379460419	4.6579869	0.0863164138
117	-0.685304328	0.379470659	4.6605408	0.0864710769
118	-0.685326974	0.379481977	4.66303011	0.0865249831
119	-0.685336146	0.379576202	4.66742739	0.0866560336
120	-0.685301575	0.379526718	4.66638572	0.0866454333
121	-0.685265638	0.379549859	4.66550893	0.0866637025
122	-0.68527826	0.379587751	4.66513579	0.0867228525
123	-0.685283202	0.379697284	4.66573924	0.0868755447
124	-0.685295795	0.379679	4.66699425	0.0870123548
125	-0.685292821	0.379732979	4.66627077	0.086900256
126	-0.685298624	0.37980305	4.66774788	0.0869788254
127	-0.685299951	0.379886553	4.66783423	0.0871140787
128	-0.685296674	0.379908089	4.66928344	0.0871774375
129	-0.685325721	0.380029331	4.67134734	0.0873589147
130	-0.685318274	0.379969289	4.66878949	0.087366
131	-0.685298281	0.379864194	4.66695445	0.0873445802
132	-0.6853095	0.379920317	4.66849298	0.0874083333
133	-0.685315715	0.379849153	4.6673803	0.0874188571
134	-0.685299642	0.379847276	4.66659697	0.087447791
135	-0.685296323	0.3798572	4.66689022	0.0872842963
136	-0.685301278	0.379844076	4.66908779	0.0873168529
137	-0.685327732	0.379941933	4.67182749	0.0874756496
138	-0.685339064	0.379928359	4.67287329	0.0874749275
139	-0.685342075	0.379810952	4.67072403	0.0873080863
140	-0.685331514	0.379760781	4.67005629	0.0871871429
141	-0.685343669	0.379675218	4.66846861	0.0871664397
142	-0.685326921	0.379698099	4.66859587	0.087236169
143	-0.685307676	0.379681141	4.66852172	0.087215972
144	-0.685293595	0.379663989	4.66941255	0.08727975
145	-0.68528566	0.379595129	4.66636313	0.0869974621
146	-0.685318617	0.379611762	4.66748438	0.086963726
147	-0.685291922	0.379617171	4.66769878	0.0869824762
148	-0.68530338	0.379603421	4.67023932	0.0870852162
149	-0.685303562	0.379628426	4.67022819	0.0870948725
150	-0.68527769	0.379602217	4.67009484	0.08710848
151	-0.685252649	0.379669966	4.67016508	0.0869874172
152	-0.685260897	0.379692137	4.67200333	0.0870895789
153	-0.685247052	0.379705922	4.67133495	0.087116
154	-0.685241497	0.379655881	4.67160758	0.0871995065
155	-0.685243594	0.37961704	4.67331966	0.0872764903
156	-0.685254762	0.379557024	4.67266167	0.0873714103
157	-0.685232136	0.379585475	4.67383877	0.0874921529
158	-0.685243436	0.379589017	4.67383612	0.0874907848
159	-0.685233563	0.379631628	4.67520444	0.0875598994
160	-0.685257524	0.379635968	4.67612637	0.087611225
161	-0.685253847	0.379655858	4.67825863	0.0877060373
162	-0.68525192	0.37959405	4.67940119	0.0876997284
163	-0.685243437	0.379569476	4.6782063	0.0877153865
164	-0.685231778	0.379536252	4.67952407	0.0878937561
165	-0.685238887	0.379555212	4.67927701	0.0879443394
166	-0.685243474	0.379590898	4.67956261	0.0878893735
167	-0.685242408	0.379551843	4.67894251	0.0877347545
168	-0.685243148	0.37957429	4.67800976	0.0876811905
169	-0.685254802	0.379634099	4.67823645	0.0877886391
170	-0.68526403	0.379651203	4.67747314	0.0877050118
171	-0.685274662	0.379618087	4.67959481	0.0878336608
172	-0.685310224	0.3796238	4.68081074	0.0880018837
173	-0.685296208	0.379580488	4.67783584	0.0879086705
174	-0.685302163	0.379571772	4.67697199	0.0878552874
175	-0.685289809	0.379523102	4.67556457	0.0878916114
176	-0.685285996	0.379563915	4.67581951	0.0878111591
177	-0.685294083	0.37948883	4.67550983	0.0879176949
178	-0.685287276	0.37951265	4.67664783	0.087943573
179	-0.685285154	0.379515002	4.67659423	0.0878979441
180	-0.685297345	0.379427044	4.6774297	0.0879161333
181	-0.685294443	0.379449539	4.67848401	0.0879773923
182	-0.685290155	0.379513939	4.67721795	0.0879648791
183	-0.685292476	0.379458241	4.67718572	0.0878150383
184	-0.685297741	0.379415534	4.67646087	0.0877326957
185	-0.685315008	0.379407936	4.67757971	0.0878455568
186	-0.685307617	0.379375408	4.67728444	0.0878346237
187	-0.685300277	0.379419951	4.67683234	0.0877903102
188	-0.685300554	0.379386623	4.67599486	0.0877915106
189	-0.685300069	0.379451421	4.67612628	0.0878436402
190	-0.685318699	0.379487552	4.67495098	0.0877559789
191	-0.685333254	0.37947208	4.67596366	0.0878333613
192	-0.685326645	0.379412674	4.67565236	0.08775725
193	-0.685329462	0.379497264	4.6775543	0.0878513368
194	-0.685323824	0.379542406	4.67724296	0.0879376082
195	-0.685327739	0.379540276	4.67804044	0.0879602667
196	-0.685344441	0.379508617	4.67725592	0.0878832653
197	-0.685345711	0.379508212	4.67634328	0.0878561218
198	-0.685338653	0.379505632	4.67675215	0.0877750505
199	-0.685348256	0.379568311	4.67733313	0.0878851457
200	-0.685353212	0.37961218	4.6770778	0.0878466
