1	-0.527912	0.247243603	1.83599529
2	-0.529488	0.249106818	1.89393882
3	-0.528690667	0.248991897	1.90017255
4	-0.527942	0.248488713	1.89115647
5	-0.5277056	0.249157415	1.88779294
6	-0.527929333	0.247841715	1.89091373
7	-0.528482286	0.247487757	1.89373244
8	-0.528504	0.247072103	1.88976118
9	-0.528637333	0.247276533	1.90114458
10	-0.5285288	0.247164394	1.89690259
11	-0.528304	0.247278806	1.89407615
12	-0.528190667	0.247476536	1.8863549
13	-0.528214154	0.247201416	1.88144905
14	-0.528406857	0.246842798	1.88258588
15	-0.528487467	0.247318575	1.88533773
16	-0.528379	0.247526746	1.88256706
17	-0.528160471	0.247499554	1.88489412
18	-0.528066667	0.247254263	1.88446588
19	-0.528112	0.247345935	1.88282353
20	-0.5279896	0.247387703	1.88442894
21	-0.527932571	0.247638008	1.88568605
22	-0.527898909	0.247410199	1.88716043
23	-0.527814957	0.247732806	1.88573606
24	-0.52789	0.248078896	1.88732608
25	-0.527848	0.24808566	1.88869647
26	-0.527768923	0.248289374	1.88904597
27	-0.527809185	0.248393876	1.89103948
28	-0.527865143	0.248609623	1.89224286
29	-0.527840276	0.248669453	1.892554
30	-0.5278512	0.248556067	1.89266902
31	-0.527897806	0.248673672	1.89333981
32	-0.52794925	0.248581746	1.89341735
33	-0.528053576	0.248380822	1.89269162
34	-0.528023059	0.248361345	1.89232415
35	-0.528046171	0.248153174	1.89487583
36	-0.528123556	0.248188033	1.89387346
37	-0.528175568	0.248260982	1.89596273
38	-0.528246947	0.248278669	1.89706539
39	-0.528270769	0.248255607	1.89788199
40	-0.5283102	0.248343324	1.89799129
41	-0.528334049	0.248414001	1.89740798
42	-0.528360571	0.248443695	1.89835709
43	-0.528416744	0.248556479	1.89916049
44	-0.528405818	0.248365686	1.89944781
45	-0.528385067	0.248367221	1.89888356
46	-0.528371304	0.248384176	1.89946916
47	-0.528397277	0.248430126	1.90247039
48	-0.528364667	0.248549324	1.90323922
49	-0.528316245	0.248490976	1.90111779
50	-0.52832096	0.248444223	1.90163689
51	-0.528234196	0.248626089	1.90186095
52	-0.528237538	0.248813578	1.90240154
53	-0.528234566	0.248865602	1.90340431
54	-0.528165333	0.248738213	1.90325821
55	-0.5281664	0.248859439	1.9034726
56	-0.528144	0.248850389	1.90189286
57	-0.52817993	0.248826572	1.90092607
58	-0.528170483	0.248779769	1.90237347
59	-0.528135051	0.248866533	1.90274361
60	-0.528139867	0.24884999	1.90249224
61	-0.528154885	0.248770411	1.90244582
62	-0.528200129	0.248849568	1.90272
63	-0.528240762	0.248928988	1.90325968
64	-0.528234625	0.248892892	1.90225235
65	-0.5282672	0.24887218	1.90142443
66	-0.528291758	0.248865966	1.90318253
67	-0.528297075	0.248923881	1.90414146
68	-0.528266824	0.248954529	1.90367176
69	-0.528266319	0.249018945	1.90324863
70	-0.528239429	0.249078231	1.90207818
71	-0.528282479	0.249023608	1.90263443
72	-0.528275	0.249073797	1.9031549
73	-0.528298082	0.249085555	1.90345115
74	-0.528318054	0.249094403	1.90342518
75	-0.52828704	0.249105706	1.90192527
76	-0.528304421	0.249031316	1.90202533
77	-0.528286234	0.249059484	1.90207529
78	-0.52832359	0.24915613	1.90182244
79	-0.528306937	0.249158842	1.90036831
80	-0.5283176	0.249090986	1.90033135
81	-0.528379358	0.248991434	1.89976935
82	-0.528423707	0.248970283	1.90048006
83	-0.528415133	0.248933989	1.900331
84	-0.528392095	0.248871315	1.89897132
85	-0.528392753	0.248864319	1.8991489
86	-0.528381767	0.248874975	1.90028306
87	-0.528401931	0.248904496	1.90050661
88	-0.528369364	0.248972558	1.90004021
89	-0.528360539	0.249044816	1.90006345
90	-0.528349244	0.24903791	1.89947017
91	-0.528324923	0.249039484	1.89952729
92	-0.528319739	0.249023283	1.89904082
93	-0.528303656	0.249017606	1.89864911
94	-0.52832017	0.249064584	1.89954443
95	-0.528334484	0.249071105	1.89956419
96	-0.528308083	0.249058441	1.89905706
97	-0.528325113	0.249095986	1.89868313
98	-0.528339429	0.249081033	1.89877421
99	-0.52833301	0.249089883	1.89893229
100	-0.52837872	0.249095297	1.89908061
1	-0.528624	0.244039215	1.84608941
2	-0.529356	0.246431997	1.88761412
3	-0.528728	0.246545952	1.89518588
4	-0.528048	0.246469602	1.88885059
5	-0.527896	0.247295007	1.88815247
6	-0.528170667	0.247403602	1.89565882
7	-0.528414857	0.247053769	1.8997358
8	-0.528336	0.246868694	1.89123
9	-0.528496	0.246944164	1.89991634
10	-0.528232	0.247617684	1.89815435
11	-0.52812	0.247731899	1.89566717
12	-0.528079333	0.247691023	1.89033451
13	-0.528158769	0.247132001	1.88503276
14	-0.528394286	0.246972102	1.88710857
15	-0.528450133	0.247404793	1.88971482
16	-0.5283655	0.247564362	1.88592176
17	-0.528066353	0.247636682	1.88659294
18	-0.527942222	0.247308912	1.88686824
19	-0.528021053	0.24748705	1.88561783
20	-0.5279344	0.247355864	1.88729482
21	-0.527939048	0.247427505	1.88775821
22	-0.52792	0.247389176	1.88920492
23	-0.527838609	0.247684051	1.88819355
24	-0.527963333	0.247882299	1.88978569
25	-0.52785024	0.247894662	1.89097845
26	-0.527733538	0.248062359	1.89095928
27	-0.527758222	0.248230753	1.89300915
28	-0.527846	0.248348434	1.89403361
29	-0.527794759	0.248707658	1.89392844
30	-0.5277888	0.248788104	1.89389145
31	-0.527856258	0.248704453	1.89416759
32	-0.527882	0.248611081	1.89391721
33	-0.527999273	0.248503212	1.89296784
34	-0.527973412	0.24850251	1.89292969
35	-0.527997714	0.248282466	1.89541916
36	-0.528067111	0.24838792	1.89408824
37	-0.528111351	0.248509818	1.89624712
38	-0.528161053	0.24849764	1.89721734
39	-0.5282	0.248472413	1.89826618
40	-0.528235	0.248572575	1.89899741
41	-0.528297366	0.248512569	1.89815495
42	-0.528351238	0.248429779	1.89879955
43	-0.528394419	0.248511889	1.89957089
44	-0.528406727	0.248476281	1.9004569
45	-0.528408	0.248442706	1.89985767
46	-0.528392174	0.248563147	1.90055887
47	-0.528405277	0.248551569	1.90318498
48	-0.528367833	0.248745446	1.90384902
49	-0.528339592	0.248710186	1.90211957
50	-0.52833696	0.248770664	1.9022064
51	-0.528236549	0.24891846	1.90244051
52	-0.528207077	0.249195985	1.9024981
53	-0.528202717	0.24918305	1.90362504
54	-0.528136444	0.249135939	1.90340941
55	-0.528125818	0.249304404	1.90366477
56	-0.528123286	0.24930818	1.90206294
57	-0.528165333	0.249248433	1.90115988
58	-0.528169931	0.249254286	1.902637
59	-0.528162983	0.249219967	1.90312319
60	-0.5281584	0.249126422	1.90303106
61	-0.528148197	0.249048737	1.90292575
62	-0.52817329	0.24907332	1.90305564
63	-0.528222476	0.249125702	1.90381976
64	-0.5282355	0.249118902	1.90297735
65	-0.528242585	0.249001752	1.90213727
66	-0.528264606	0.248962013	1.90404791
67	-0.528260418	0.249011595	1.90461078
68	-0.528219882	0.249093958	1.90403135
69	-0.528204986	0.249132773	1.90347608
70	-0.528192	0.249111422	1.90209903
71	-0.528245746	0.249063985	1.90307818
72	-0.528218556	0.249086227	1.90363007
73	-0.528244384	0.249141118	1.90364248
74	-0.528248216	0.249151264	1.90374442
75	-0.52823232	0.249157278	1.90218209
76	-0.528253789	0.249070001	1.90211845
77	-0.528251948	0.249061236	1.90236193
78	-0.528296615	0.249055621	1.90234618
79	-0.528291443	0.24912261	1.90097316
80	-0.5282887	0.249067566	1.90086347
81	-0.528351012	0.249016604	1.90052119
82	-0.528379902	0.249013785	1.90126801
83	-0.528373398	0.248999231	1.90114149
84	-0.528352571	0.248976519	1.90014969
85	-0.528354259	0.248898818	1.90033462
86	-0.528354791	0.248904106	1.90114747
87	-0.528354115	0.248930364	1.90142285
88	-0.528335091	0.249021682	1.90119706
89	-0.52833582	0.249105534	1.90119307
90	-0.528319822	0.249092782	1.90045846
91	-0.52830444	0.249062117	1.90056403
92	-0.528294696	0.249072086	1.9000909
93	-0.528279742	0.24913807	1.89982477
94	-0.528285787	0.249218334	1.9007186
95	-0.528295074	0.249179305	1.90061053
96	-0.528269417	0.249205354	1.90022873
97	-0.528281155	0.249227653	1.89961528
98	-0.528299755	0.249183262	1.8994872
99	-0.528296646	0.249191856	1.8998121
100	-0.52833288	0.249142344	1.89981478
101	-0.528364752	0.249130155	1.89903529
102	-0.528376706	0.249150011	1.89950325
103	-0.52841367	0.249142238	1.9001663
104	-0.528445462	0.249147105	1.90070688
105	-0.528455695	0.249150405	1.90071139
106	-0.52846234	0.249096975	1.90137345
107	-0.528454579	0.249071354	1.9008431
108	-0.528459185	0.24908976	1.90101778
109	-0.528473688	0.249070416	1.90089675
110	-0.528474473	0.249076389	1.90151375
111	-0.528480649	0.249025234	1.90141469
112	-0.5284585	0.248963114	1.90112013
113	-0.528479858	0.248969957	1.90126472
114	-0.52849614	0.248955579	1.90145383
115	-0.528488696	0.248960971	1.90106169
116	-0.528505586	0.248915263	1.90114349
117	-0.528500718	0.248939815	1.90102423
118	-0.528492203	0.248969732	1.90114604
119	-0.52848679	0.248965609	1.90155559
120	-0.5284788	0.248932737	1.90188227
121	-0.528493025	0.248908825	1.90242291
122	-0.528502098	0.248944623	1.90297558
123	-0.528514081	0.24888239	1.90393366
124	-0.528513097	0.248925945	1.90328163
125	-0.528514432	0.248967769	1.90324442
126	-0.528532254	0.248951705	1.90327817
127	-0.528507591	0.249000354	1.90305679
128	-0.52851325	0.248954764	1.90302283
129	-0.528512434	0.248935607	1.90333078
130	-0.528524185	0.248954132	1.90278679
131	-0.528538443	0.249021801	1.90223465
132	-0.52854097	0.249024002	1.90186196
133	-0.52856012	0.248999019	1.90170151
134	-0.52856191	0.248986069	1.90196123
135	-0.528549985	0.2490306	1.90231
136	-0.528558	0.24901751	1.90250277
137	-0.528561168	0.24904889	1.90242003
138	-0.52857629	0.249037466	1.90212068
139	-0.528566101	0.248994585	1.90247736
140	-0.528579371	0.24903175	1.90358497
141	-0.528584624	0.249075616	1.90358148
142	-0.52856969	0.249068292	1.9034282
143	-0.52855849	0.249079531	1.90340657
144	-0.528557444	0.249097643	1.9034682
145	-0.528555972	0.249112426	1.90348323
146	-0.528562411	0.249085437	1.90311932
147	-0.528545469	0.2490675	1.90303747
148	-0.528553189	0.249061398	1.90360983
149	-0.528528483	0.249005258	1.90359927
150	-0.52853088	0.24900993	1.90362733
151	-0.52852053	0.248997348	1.90392533
152	-0.528508316	0.249015417	1.90383879
153	-0.528520784	0.249030418	1.90380392
154	-0.528535532	0.249032751	1.90367239
155	-0.528554581	0.248989248	1.9038676
156	-0.528561949	0.249000109	1.90414579
157	-0.528543643	0.24897025	1.90390483
158	-0.52855519	0.248974659	1.90427792
159	-0.528553761	0.248987271	1.90426084
160	-0.52857905	0.24901691	1.90509179
161	-0.528564919	0.249002644	1.90506154
162	-0.52855116	0.249013116	1.90533502
163	-0.528564712	0.249031668	1.90572524
164	-0.528555659	0.249037205	1.9057037
165	-0.528554036	0.24898362	1.90591507
166	-0.528544386	0.248976092	1.90578634
167	-0.528557892	0.248902237	1.90596286
168	-0.528554762	0.248905942	1.90603905
169	-0.528568189	0.248926948	1.90618155
170	-0.528570729	0.248981349	1.90697547
171	-0.528585731	0.248979932	1.9067934
172	-0.528583721	0.248976964	1.9066104
173	-0.528600879	0.248962612	1.90721529
174	-0.528595908	0.248974897	1.9069286
175	-0.528605943	0.248944843	1.90687855
176	-0.528605364	0.248928434	1.90726299
177	-0.528601492	0.248993284	1.90724974
178	-0.528609124	0.248993333	1.90735199
179	-0.528610369	0.24898943	1.90709729
180	-0.528630089	0.248964461	1.90713984
181	-0.528628773	0.248963871	1.90703262
182	-0.528617143	0.248971731	1.90734229
183	-0.528633617	0.248981009	1.90738947
184	-0.528632348	0.24899531	1.9075766
185	-0.528613103	0.249012572	1.9068263
186	-0.528603828	0.248987684	1.90662275
187	-0.528587422	0.248949635	1.90631995
188	-0.528599191	0.248943774	1.90652621
189	-0.528610667	0.248938389	1.90625521
190	-0.528613642	0.248982633	1.90641407
191	-0.528606241	0.24897259	1.90628652
192	-0.528607208	0.248971718	1.90607265
193	-0.528617409	0.249009352	1.90658226
194	-0.528601443	0.248996894	1.90613249
195	-0.528613046	0.248982134	1.90618647
196	-0.528617551	0.248975462	1.90634363
197	-0.528612508	0.248966052	1.90628039
198	-0.528631354	0.248972996	1.90612059
199	-0.528626854	0.248977788	1.9061643
200	-0.52862888	0.249011766	1.90626576
