1	-0.48216	0.218581363	1.55046737
2	-0.483244	0.215239632	1.52213684
3	-0.483205333	0.216430371	1.50358035
4	-0.48229	0.214847266	1.49338842
5	-0.4819136	0.215223612	1.49261895
6	-0.48222	0.214694844	1.49661123
7	-0.4826	0.214437183	1.51098767
8	-0.482626	0.213019438	1.50772895
9	-0.482877333	0.213239481	1.51062409
10	-0.4828288	0.213181846	1.50939579
11	-0.482584	0.212637414	1.50568421
12	-0.482423333	0.212205407	1.50105228
13	-0.482660923	0.212860752	1.50609296
14	-0.482818286	0.212655405	1.50454436
15	-0.482900267	0.21251961	1.50486568
16	-0.482815	0.212744233	1.50527237
17	-0.482743059	0.212535574	1.50675046
18	-0.482730667	0.212659382	1.50863135
19	-0.482674947	0.21262439	1.50906305
20	-0.4825256	0.212860693	1.50705221
21	-0.48268	0.212965658	1.50831619
22	-0.482542909	0.212749142	1.50678029
23	-0.482534261	0.212753248	1.50742243
24	-0.482631	0.212957838	1.50877684
25	-0.48266336	0.212917844	1.51158855
26	-0.482619692	0.213235784	1.511943
27	-0.48267437	0.213189205	1.5145469
28	-0.482688286	0.213212925	1.51501774
29	-0.482617379	0.213242969	1.51305147
30	-0.4826032	0.213057417	1.51218456
31	-0.482567484	0.212978772	1.5117039
32	-0.48264375	0.212875765	1.51234303
33	-0.482678061	0.212840489	1.51096459
34	-0.482619529	0.212850967	1.5102218
35	-0.482596114	0.212598383	1.50981173
36	-0.482606222	0.212527606	1.50906784
37	-0.482614486	0.21259588	1.50890606
38	-0.482645895	0.212635039	1.51003003
39	-0.482620718	0.212703176	1.50873036
40	-0.4826534	0.212826459	1.50914042
41	-0.482652488	0.212778857	1.50857304
42	-0.482665905	0.21280919	1.50802596
43	-0.482728744	0.212929876	1.50859045
44	-0.482755091	0.212817709	1.50777148
45	-0.482692978	0.212821156	1.50719691
46	-0.482700696	0.212686765	1.50645593
47	-0.48271966	0.212763359	1.50570858
48	-0.482709667	0.212818722	1.5057014
49	-0.482674939	0.212827731	1.50618329
50	-0.4826744	0.212769833	1.50588472
51	-0.482622745	0.21274948	1.50565077
52	-0.482623231	0.212802707	1.50491854
53	-0.482628528	0.212779629	1.5047173
54	-0.482580444	0.212622009	1.50536273
55	-0.482570473	0.212580287	1.50502331
56	-0.482564857	0.21245814	1.50390466
57	-0.482602386	0.212527109	1.50446885
58	-0.482599586	0.212517478	1.50398468
59	-0.482546983	0.212576218	1.5031382
60	-0.482504267	0.212665858	1.5040833
61	-0.482514361	0.212593116	1.50438903
62	-0.482549548	0.212626626	1.50444394
63	-0.482551111	0.212672228	1.50432274
64	-0.48252625	0.212637114	1.50306138
65	-0.482543631	0.212533878	1.50262432
66	-0.482570424	0.212578799	1.50286628
67	-0.482536239	0.212565878	1.50369345
68	-0.482563765	0.212508723	1.50307121
69	-0.482536116	0.21256341	1.50143481
70	-0.482559086	0.212687175	1.50204553
71	-0.482563718	0.212699809	1.50148116
72	-0.482561556	0.212694361	1.50135298
73	-0.482566904	0.212667136	1.50145188
74	-0.482573081	0.21266189	1.50188051
75	-0.482546773	0.212622712	1.50103231
76	-0.482556316	0.212525528	1.50071972
77	-0.482533922	0.212561144	1.50119229
78	-0.482573231	0.212605176	1.5014061
79	-0.482545114	0.21263584	1.50172973
80	-0.4825518	0.212641291	1.50205121
81	-0.482566123	0.212591594	1.50204829
82	-0.482610634	0.212547557	1.50207184
83	-0.482621301	0.212517962	1.50270468
84	-0.482637619	0.212469041	1.50298867
85	-0.482659859	0.212415522	1.50327188
86	-0.48266307	0.212442878	1.50332225
87	-0.482681103	0.212444284	1.5036182
88	-0.482654	0.212421065	1.50341833
89	-0.482659955	0.212480865	1.50463021
90	-0.482641778	0.212444607	1.50479733
91	-0.482615385	0.212458196	1.50438996
92	-0.482605652	0.212511712	1.5041292
93	-0.482591484	0.212508036	1.50411925
94	-0.482618553	0.212550209	1.50450732
95	-0.482616168	0.212500825	1.5043614
96	-0.48258275	0.212478729	1.50410136
97	-0.48259233	0.212499242	1.50415188
98	-0.482596163	0.212463393	1.50434075
99	-0.482575434	0.212461156	1.50443764
100	-0.48257856	0.212406436	1.50442939
1	-0.483408	0.217049107	1.53701895
2	-0.483908	0.216002182	1.50943789
3	-0.483450667	0.215317284	1.49063579
4	-0.482536	0.213724933	1.48126737
5	-0.4821344	0.214364437	1.48544842
6	-0.482689333	0.214246783	1.48984632
7	-0.482984	0.214435467	1.50709534
8	-0.482911	0.21323879	1.50626105
9	-0.483217778	0.213037601	1.50847205
10	-0.4830016	0.213316784	1.50549937
11	-0.482946909	0.212652932	1.5021623
12	-0.482791333	0.212308901	1.49785719
13	-0.483088	0.212765647	1.50399126
14	-0.483141143	0.212881155	1.50301383
15	-0.483138133	0.212872508	1.50238175
16	-0.483046	0.212958377	1.50391842
17	-0.482912471	0.212921196	1.50499765
18	-0.482879111	0.212912073	1.50670784
19	-0.482835789	0.213064283	1.50671269
20	-0.4827	0.213292831	1.50521916
21	-0.482842286	0.213405682	1.50666907
22	-0.482686909	0.213354371	1.50545416
23	-0.48272	0.213382268	1.50678426
24	-0.482831333	0.213471053	1.50797281
25	-0.4827776	0.213243538	1.51079545
26	-0.482754462	0.213351977	1.51019482
27	-0.48274637	0.213448231	1.51215938
28	-0.482784	0.213463366	1.51277188
29	-0.482682759	0.213674466	1.51091586
30	-0.4826576	0.213543583	1.5096626
31	-0.482613935	0.213465508	1.50933705
32	-0.482646	0.213364599	1.51022658
33	-0.482691152	0.213166114	1.50941512
34	-0.482607294	0.213235505	1.50890303
35	-0.482564571	0.213120127	1.50805486
36	-0.482604222	0.213121724	1.50790152
37	-0.482615351	0.213172752	1.50824888
38	-0.482625684	0.213002771	1.50913385
39	-0.482604103	0.213021329	1.50796664
40	-0.482609	0.212999231	1.50823653
41	-0.482641756	0.212794406	1.50756118
42	-0.482686095	0.212715985	1.50683659
43	-0.482722605	0.212776319	1.50726012
44	-0.482727273	0.212771238	1.5064733
45	-0.482650489	0.212695185	1.50621305
46	-0.482649565	0.212745037	1.50516586
47	-0.482643404	0.212739944	1.50433505
48	-0.482646833	0.21277724	1.50478746
49	-0.482616327	0.212798585	1.50554277
50	-0.48260176	0.212664928	1.50534686
51	-0.482555922	0.212578133	1.50502836
52	-0.482542769	0.212602178	1.50459733
53	-0.48255517	0.212570369	1.50439976
54	-0.482509333	0.212466525	1.50533248
55	-0.482475491	0.212469501	1.50497049
56	-0.482498286	0.212471526	1.50406023
57	-0.482547789	0.212497393	1.50465071
58	-0.482549103	0.212499055	1.50396131
59	-0.482522847	0.212433233	1.50342858
60	-0.4824744	0.212448102	1.50410112
61	-0.482464787	0.212400384	1.5042614
62	-0.482483097	0.212362115	1.50453976
63	-0.482510603	0.212376907	1.50436839
64	-0.48248675	0.212338917	1.50331928
65	-0.482498462	0.212204049	1.50285759
66	-0.482525333	0.212189304	1.50304651
67	-0.482506507	0.212204373	1.50338093
68	-0.482510941	0.212250568	1.5033478
69	-0.482499478	0.212287677	1.50190481
70	-0.482528686	0.21229338	1.50267284
71	-0.482553239	0.212250699	1.50212691
72	-0.482552444	0.21226347	1.50223474
73	-0.482571178	0.212224615	1.50228441
74	-0.482555027	0.212266235	1.5029039
75	-0.4825264	0.212251279	1.50191416
76	-0.482547474	0.212169492	1.50173208
77	-0.482558234	0.212188926	1.50214212
78	-0.482609128	0.212171181	1.50239271
79	-0.48258562	0.212194919	1.50293367
80	-0.4825834	0.212164636	1.50301347
81	-0.482587852	0.212138113	1.50297601
82	-0.482621951	0.212137775	1.50275065
83	-0.482639422	0.212142933	1.50349083
84	-0.482655238	0.212159715	1.50373103
85	-0.482685741	0.212123079	1.50405528
86	-0.482698791	0.21216299	1.50408529
87	-0.482701517	0.212148714	1.50425341
88	-0.482691636	0.212081802	1.50396722
89	-0.482695461	0.212114885	1.50511404
90	-0.482666933	0.2121319	1.5051818
91	-0.482641055	0.212111125	1.50487621
92	-0.482645391	0.212161687	1.50448055
93	-0.482634667	0.212192499	1.5045653
94	-0.482649617	0.212216124	1.50495395
95	-0.482642611	0.212174249	1.50473693
96	-0.482617917	0.21215024	1.50473175
97	-0.482614763	0.212188114	1.50492632
98	-0.482634204	0.212199927	1.50519764
99	-0.482626424	0.212244497	1.50519247
100	-0.48263464	0.212223895	1.50511217
101	-0.482630574	0.212179729	1.50505255
102	-0.482642667	0.212131075	1.50493296
103	-0.482661049	0.212138718	1.50543902
104	-0.482669462	0.212137573	1.50543287
105	-0.482678019	0.212179981	1.5055856
106	-0.482688906	0.212165807	1.50620524
107	-0.482663776	0.212150319	1.50594491
108	-0.482662074	0.212173233	1.50599805
109	-0.482659156	0.212159377	1.50638938
110	-0.482661745	0.212127646	1.50603464
111	-0.482661622	0.212123045	1.50627095
112	-0.482660714	0.212047037	1.50596722
113	-0.482667611	0.212064291	1.50614185
114	-0.482686596	0.212093373	1.50677448
115	-0.482692104	0.212120197	1.50637038
116	-0.482690276	0.212109695	1.50626399
117	-0.482714667	0.212126163	1.50619789
118	-0.482708814	0.212095447	1.50653149
119	-0.482689345	0.212064812	1.50649723
120	-0.482678667	0.212061513	1.50644182
121	-0.482693488	0.212080089	1.5063312
122	-0.482689574	0.212085251	1.50597028
123	-0.482695024	0.21207635	1.50643967
124	-0.482705935	0.212072599	1.50677311
125	-0.482722816	0.212091414	1.50605989
126	-0.482720571	0.2120827	1.50577698
127	-0.482707087	0.212100766	1.50569731
128	-0.482722938	0.212073989	1.50630967
129	-0.482727256	0.212074304	1.50669725
130	-0.482734954	0.212053961	1.50690578
131	-0.482737527	0.212064038	1.50682308
132	-0.482736424	0.212082171	1.50669761
133	-0.482761383	0.212061055	1.506502
134	-0.482762328	0.212057604	1.50660723
135	-0.482751348	0.212082338	1.50650635
136	-0.482764353	0.212069337	1.50659146
137	-0.482776234	0.212120956	1.50689048
138	-0.482787478	0.21211767	1.50683387
139	-0.482784978	0.212128969	1.50674435
140	-0.482793429	0.212143696	1.50666186
141	-0.482787915	0.212190167	1.50675551
142	-0.482779155	0.212215921	1.50664688
143	-0.482769902	0.212221257	1.50641375
144	-0.482775333	0.212238929	1.50689687
145	-0.482778317	0.212270761	1.50680462
146	-0.482792767	0.212253632	1.50724205
147	-0.482775619	0.21223295	1.50691311
148	-0.482771081	0.212223161	1.50681027
149	-0.482766282	0.212176042	1.50700349
150	-0.48275632	0.212166312	1.50698209
151	-0.482754437	0.212165692	1.50729888
152	-0.482752158	0.212145748	1.50707324
153	-0.48275749	0.21210933	1.50715941
154	-0.482763273	0.212095782	1.5072619
155	-0.482777858	0.21207059	1.5074121
156	-0.482782103	0.212089756	1.50737366
157	-0.482771822	0.212088937	1.50758908
158	-0.482759544	0.212116463	1.50724016
159	-0.482770365	0.212098581	1.50744289
160	-0.48277605	0.21211617	1.50750505
161	-0.482764174	0.212118894	1.50744332
162	-0.482767506	0.212118417	1.50742968
163	-0.482772319	0.212125523	1.50799083
164	-0.482775122	0.212127429	1.50823009
165	-0.482772848	0.212138946	1.50801296
166	-0.482760241	0.212134319	1.50785608
167	-0.482763353	0.212148427	1.50778597
168	-0.48276019	0.212144904	1.50785779
169	-0.482763124	0.212137919	1.50805112
170	-0.482771765	0.212113319	1.50808713
171	-0.482777544	0.212098953	1.50832096
172	-0.482774	0.212074898	1.50833016
173	-0.482772162	0.212053884	1.50848243
174	-0.482771402	0.21204781	1.5084159
175	-0.482782811	0.212061833	1.50822386
176	-0.482782864	0.212060251	1.50793251
177	-0.482782915	0.212113976	1.50767931
178	-0.482770787	0.212144866	1.5080449
179	-0.482770592	0.212144455	1.50793425
180	-0.482772311	0.212120258	1.50816526
181	-0.482769238	0.212116952	1.50838486
182	-0.48276233	0.21212265	1.50890068
183	-0.482770798	0.212124532	1.50891504
184	-0.482774304	0.212149173	1.50907156
185	-0.482768389	0.212161272	1.50904171
186	-0.482765677	0.212132084	1.5089672
187	-0.48275384	0.21213997	1.50882864
188	-0.482766766	0.21215534	1.50907485
189	-0.482782984	0.212157642	1.50937698
190	-0.482783705	0.212154593	1.5094523
191	-0.48278266	0.212182619	1.50940524
192	-0.48277775	0.212199048	1.5093109
193	-0.482782093	0.212210662	1.50968026
194	-0.482768206	0.212208741	1.5095957
195	-0.482786297	0.212221845	1.50989102
196	-0.482789102	0.212206438	1.5100861
197	-0.482776893	0.2121862	1.50991979
198	-0.482787758	0.212182028	1.50983879
199	-0.48278199	0.212165859	1.50980536
200	-0.48277896	0.212168059	1.509886
