1	-0.50264504	0.230821385	1.70852889	0.039852
2	-0.50508396	0.233337186	1.74587778	0.044598
3	-0.504761227	0.232076522	1.72238222	0.0405946667
4	-0.5044729	0.231372296	1.71446111	0.038445
5	-0.504438608	0.232831399	1.701576	0.0388904
6	-0.5048462	0.232797548	1.71045556	0.0381766667
7	-0.505466389	0.232207702	1.70997524	0.037148
8	-0.50567123	0.231845017	1.71391833	0.0379615
9	-0.505617209	0.231829546	1.71030914	0.0374826667
10	-0.505598624	0.231193659	1.71002933	0.0374512
11	-0.505662131	0.231766931	1.71912121	0.0381610909
12	-0.50555742	0.23156707	1.71492259	0.0372043333
13	-0.505789292	0.231945095	1.71795145	0.0374646154
14	-0.505955674	0.231851629	1.71983143	0.0379265714
15	-0.506057392	0.232241817	1.71753393	0.0381762667
16	-0.506080585	0.232009989	1.7173925	0.03842925
17	-0.506022734	0.232081821	1.71884523	0.0378661176
18	-0.506055004	0.231813548	1.71433679	0.0374613333
19	-0.506115251	0.231848222	1.71491368	0.0370677895
20	-0.50593336	0.231833164	1.71119022	0.036348
21	-0.505913032	0.231695075	1.71076085	0.0362230476
22	-0.505812367	0.231457094	1.71054646	0.0359092727
23	-0.505714177	0.231456778	1.70938357	0.035448
24	-0.505774587	0.231723177	1.70995444	0.0348626667
25	-0.50581841	0.231798847	1.71020569	0.03477648
26	-0.505688671	0.232033025	1.70747932	0.034772
27	-0.505746613	0.232020185	1.70755029	0.034901037
28	-0.505764757	0.232205108	1.70737952	0.0350807143
29	-0.505759763	0.232184783	1.70764751	0.0353536552
30	-0.50575068	0.231958395	1.70747719	0.035174
31	-0.505750996	0.231884869	1.70688961	0.0351756129
32	-0.505866375	0.231877907	1.70816444	0.03535625
33	-0.505891258	0.231673194	1.70883502	0.0352053333
34	-0.505840718	0.231583462	1.70692745	0.0352594118
35	-0.505813072	0.23139759	1.70823835	0.0350421714
36	-0.50584256	0.231468399	1.70844667	0.035028
37	-0.505880843	0.231377123	1.70875387	0.03508
38	-0.505944034	0.231276281	1.70978713	0.0351701053
39	-0.505902632	0.231270629	1.70864239	0.0350905641
40	-0.505958422	0.231378822	1.709801	0.0351311
41	-0.505916057	0.23132565	1.70859978	0.0348564878
42	-0.505907093	0.231349725	1.7086637	0.034935619
43	-0.505928586	0.231554752	1.70759928	0.0350060465
44	-0.505977598	0.231488834	1.70672354	0.0347253636
45	-0.505968574	0.231463886	1.70693738	0.0348109333
46	-0.505954405	0.231342741	1.70853324	0.0349289565
47	-0.505963602	0.23139295	1.70916558	0.0348098723
48	-0.50596175	0.231357366	1.71040352	0.0347791667
49	-0.505914005	0.231316658	1.71042159	0.0348186122
50	-0.505924032	0.231400658	1.71028231	0.0347536
51	-0.505902264	0.231398271	1.71044749	0.0346818039
52	-0.50590552	0.231434955	1.71043111	0.0345836923
53	-0.505933882	0.231410808	1.71091916	0.0346488302
54	-0.505860941	0.231354765	1.71065671	0.0346914815
55	-0.505829404	0.231326384	1.71104703	0.0346192727
56	-0.505833126	0.231269822	1.71268429	0.0348205714
57	-0.505883695	0.231360703	1.71229481	0.034830386
58	-0.505872308	0.231409738	1.7130767	0.0348843448
59	-0.505849281	0.231498329	1.71284542	0.035040339
60	-0.505822965	0.231589939	1.71269452	0.0348949333
61	-0.505851684	0.231507002	1.71369421	0.0350825574
62	-0.505885777	0.231529798	1.71345728	0.0349404516
63	-0.505897501	0.231451853	1.71390025	0.034824254
64	-0.505869952	0.231410826	1.71329611	0.034816375
65	-0.50590353	0.231378354	1.71390168	0.0349057231
66	-0.505866903	0.231365202	1.71318256	0.0347693939
67	-0.505822728	0.231359894	1.71322448	0.0347304478
68	-0.505819096	0.231387371	1.71404144	0.0347842353
69	-0.505795199	0.231419465	1.71438705	0.0347744348
70	-0.505782922	0.231418188	1.71374813	0.0346032571
71	-0.50582471	0.231347541	1.71326423	0.0346833803
72	-0.505844273	0.2313275	1.71356123	0.0347581111
73	-0.505815784	0.231335889	1.71286691	0.0347015342
74	-0.505831937	0.231279683	1.71259399	0.034704973
75	-0.505808571	0.231303505	1.71264847	0.0347272
76	-0.505846757	0.231325797	1.71325491	0.0348220526
77	-0.505835124	0.231356393	1.71326066	0.0348263377
78	-0.505873779	0.23142162	1.71378593	0.0348325641
79	-0.505844465	0.23146771	1.71327499	0.0349017215
80	-0.50584944	0.23152092	1.71371078	0.034697
81	-0.505913095	0.231453312	1.71370903	0.034701679
82	-0.505933448	0.231420307	1.71408444	0.0347211707
83	-0.505931218	0.231388655	1.71468557	0.0347777831
84	-0.505907335	0.231309252	1.71513862	0.0347953333
85	-0.505930956	0.231275583	1.71461297	0.0348066353
86	-0.505925258	0.231288891	1.71465251	0.0349047442
87	-0.505937734	0.231287458	1.71422478	0.0348223448
88	-0.505887699	0.23125202	1.71381086	0.0347485909
89	-0.505876679	0.231254768	1.71387451	0.0347597753
90	-0.505878659	0.231267324	1.7137243	0.0348307111
91	-0.505875688	0.23129842	1.71442379	0.0348261538
92	-0.505854851	0.231324147	1.71493792	0.0347860435
93	-0.505834498	0.231360958	1.71474217	0.0346926452
94	-0.505845262	0.231326507	1.71553017	0.0346886383
95	-0.505858736	0.231262123	1.71665296	0.0345578526
96	-0.505819496	0.231215886	1.71607995	0.034545625
97	-0.505796657	0.231232375	1.7156389	0.0345009072
98	-0.505801007	0.231231713	1.71549297	0.0345360816
99	-0.505791185	0.23131092	1.71617051	0.0345249293
100	-0.505808376	0.231266497	1.71613876	0.0344748
1	-0.50365008	0.231977976	1.71721778	0.040104
2	-0.50555164	0.233081271	1.74926444	0.044782
3	-0.504937973	0.231371841	1.72377778	0.0408986667
4	-0.5050119	0.231067688	1.71095667	0.039195
5	-0.504719856	0.231672977	1.70423911	0.0395928
6	-0.505218693	0.232451896	1.71411111	0.0388013333
7	-0.505820046	0.232106017	1.71713397	0.037688
8	-0.50608425	0.231815553	1.71856056	0.0385125
9	-0.506153689	0.231728713	1.71566222	0.0380844444
10	-0.505809088	0.23202382	1.71650844	0.0380144
11	-0.506024247	0.231989316	1.72530101	0.0388123636
12	-0.505835313	0.231833503	1.72065593	0.0376656667
13	-0.506067243	0.232271747	1.72368718	0.037916
14	-0.50615896	0.23237062	1.72472762	0.038348
15	-0.506191029	0.232545364	1.72242133	0.0385914667
16	-0.506179485	0.23241673	1.72189694	0.03867425
17	-0.506047454	0.232598793	1.72321569	0.0381374118
18	-0.505994036	0.232461912	1.7180242	0.0377017778
19	-0.506065853	0.232731558	1.71793357	0.0373136842
20	-0.505940976	0.232531991	1.71475111	0.0366088
21	-0.505976	0.232216748	1.7137473	0.0365142857
22	-0.505843305	0.232199184	1.71321798	0.0362016364
23	-0.505764157	0.232223235	1.71098647	0.0357904348
24	-0.50589098	0.232335023	1.71167889	0.0351823333
25	-0.505817414	0.232317313	1.71066667	0.03512672
26	-0.505698895	0.232598129	1.70777316	0.0350986154
27	-0.505683923	0.232666936	1.70774782	0.0352183704
28	-0.505738689	0.232671888	1.70823476	0.035363
29	-0.505725396	0.232581684	1.70865287	0.0356491034
30	-0.505702605	0.2326643	1.70831156	0.0354636
31	-0.505712415	0.23254659	1.70781892	0.0354530323
32	-0.505814542	0.232439321	1.70892653	0.035589625
33	-0.505828824	0.232213164	1.70986505	0.0353927273
34	-0.505808918	0.232012712	1.70841176	0.0354223529
35	-0.505787639	0.231809121	1.70977625	0.0352448
36	-0.505838156	0.232027671	1.7090916	0.0351855556
37	-0.505856491	0.232048482	1.70933057	0.0351812973
38	-0.505908147	0.231949626	1.71017544	0.0352389474
39	-0.505890189	0.231870153	1.70923293	0.0352171282
40	-0.505933632	0.231931612	1.71022333	0.0352416
41	-0.505918437	0.231684558	1.7088864	0.0349950244
42	-0.505911943	0.231702514	1.70898751	0.0350828571
43	-0.505921423	0.23177644	1.70784258	0.0351409302
44	-0.505970091	0.231818637	1.70654465	0.0348863636
45	-0.50595618	0.231754306	1.70645719	0.0349556444
46	-0.505924661	0.231679659	1.70769662	0.0350504348
47	-0.505912754	0.231657518	1.70786619	0.0349313191
48	-0.505913783	0.231752541	1.70904574	0.0348975
49	-0.505882114	0.23167252	1.70909451	0.0349383673
50	-0.505883696	0.231736878	1.70896089	0.0348568
51	-0.50584541	0.231742438	1.70945856	0.0347803137
52	-0.505835834	0.231903914	1.70919778	0.0346916923
53	-0.505871506	0.231968848	1.7099179	0.0347677736
54	-0.50581327	0.231949436	1.70979844	0.0347894074
55	-0.505755798	0.231989256	1.71017026	0.0347062545
56	-0.505766591	0.232044173	1.71168286	0.0348724286
57	-0.505819649	0.23205865	1.71137825	0.0348701754
58	-0.505830694	0.232101935	1.711921	0.0349071034
59	-0.505822275	0.232111869	1.71203149	0.0350663051
60	-0.505788728	0.232131449	1.71208889	0.0349230667
61	-0.505794633	0.232035693	1.71315468	0.0351349508
62	-0.505809791	0.232000872	1.71289993	0.0350185806
63	-0.505831004	0.231958484	1.71318123	0.0348645079
64	-0.505821844	0.231939046	1.71269312	0.0348546875
65	-0.505848015	0.231887962	1.71336328	0.0349484308
66	-0.50580593	0.231811069	1.71257899	0.0348237576
67	-0.505769157	0.231816314	1.71268915	0.0347802388
68	-0.505754494	0.231841069	1.71387595	0.0348482353
69	-0.505746305	0.231823722	1.71424296	0.0348224928
70	-0.50573637	0.231755599	1.71369803	0.0346585143
71	-0.505775757	0.231652732	1.71332294	0.0347202254
72	-0.505775867	0.231625378	1.71360963	0.0347877778
73	-0.505771163	0.231603759	1.71294064	0.0347553973
74	-0.505755824	0.23158797	1.71218793	0.0347371351
75	-0.505736726	0.231625859	1.71241867	0.0347616533
76	-0.505780956	0.231556077	1.71276737	0.0348635789
77	-0.505784631	0.231514793	1.71308854	0.0348678961
78	-0.505824048	0.231568925	1.71351333	0.0348895897
79	-0.505809663	0.231624506	1.71306273	0.0349540253
80	-0.505811692	0.231673699	1.71303044	0.0347446
81	-0.50587091	0.231639982	1.71332247	0.0347454815
82	-0.505876273	0.231617811	1.71370797	0.0347697561
83	-0.505872675	0.231574558	1.71417007	0.0348337349
84	-0.505859918	0.231589957	1.71469587	0.0348578095
85	-0.505894282	0.231584827	1.71429966	0.0348647059
86	-0.50589794	0.231578688	1.7142676	0.0349621395
87	-0.505920311	0.231528354	1.7140799	0.0348707126
88	-0.50588313	0.231512711	1.71392591	0.0348065
89	-0.505870112	0.231559709	1.71390622	0.0348224719
90	-0.505873278	0.231562817	1.7140564	0.0349083556
91	-0.505871814	0.231607856	1.71475946	0.0349137582
92	-0.505861956	0.23160977	1.71529415	0.0348803913
93	-0.505848184	0.231678681	1.71517611	0.0347833978
94	-0.505851957	0.231714473	1.71594298	0.034793617
95	-0.505843465	0.23161171	1.71680239	0.0346490526
96	-0.505804428	0.231623162	1.71622593	0.0346214167
97	-0.505773182	0.231611322	1.71566859	0.0345683711
98	-0.505786889	0.231552432	1.71542181	0.0345975102
99	-0.505777794	0.231602797	1.7160413	0.0346068687
100	-0.505794245	0.231556539	1.71591529	0.03455624
101	-0.505811804	0.23154279	1.71645844	0.034617901
102	-0.505818951	0.231572301	1.7163366	0.0346612941
103	-0.505834347	0.23156734	1.71663948	0.0346260971
104	-0.505833295	0.231605002	1.71697791	0.0345301154
105	-0.505838569	0.231601617	1.71693376	0.0344846476
106	-0.505832329	0.231533322	1.71685082	0.0344126792
107	-0.505823446	0.231591763	1.71687722	0.0343685607
108	-0.505816204	0.23156688	1.71658996	0.0343028148
109	-0.505794752	0.231553152	1.71631849	0.0343063853
110	-0.505779635	0.231527327	1.71600671	0.0343490182
111	-0.505788582	0.231535377	1.71588697	0.034384036
112	-0.505765391	0.231550976	1.71549429	0.0344088571
113	-0.505783427	0.231500845	1.71597794	0.0343713628
114	-0.50578634	0.23154844	1.71595244	0.0343906667
115	-0.50577633	0.231525876	1.71613024	0.0343330087
116	-0.505779099	0.23154138	1.71674816	0.0343273448
117	-0.505772702	0.231545934	1.71660027	0.0342897778
118	-0.505771823	0.231482891	1.71625465	0.034201322
119	-0.505758295	0.231452112	1.71635219	0.0342744202
120	-0.505749513	0.231476237	1.71563022	0.034209
121	-0.505758038	0.231491093	1.71610465	0.034169686
122	-0.505766727	0.231530107	1.71650849	0.034113377
123	-0.50575646	0.231482788	1.71595733	0.034040878
124	-0.505744136	0.231445641	1.71600434	0.0340035806
125	-0.505757864	0.231445307	1.71573387	0.034088416
126	-0.505765289	0.231441872	1.71615379	0.0341501587
127	-0.505751523	0.231455948	1.71605109	0.0341808504
128	-0.505756657	0.231426703	1.71610799	0.034220375
129	-0.505745446	0.231450774	1.71505099	0.034183907
130	-0.505754253	0.23147224	1.71555573	0.0342603385
131	-0.505776373	0.231485331	1.71562792	0.0342476641
132	-0.50578627	0.231472346	1.71558657	0.0343165152
133	-0.505803682	0.231430294	1.7153201	0.0342863759
134	-0.505807734	0.231454302	1.71542282	0.0341896716
135	-0.505796687	0.231442127	1.71519822	0.0341484444
136	-0.505805022	0.231401665	1.71522173	0.0340628529
137	-0.505813646	0.231433556	1.71534543	0.034028292
138	-0.505838093	0.231403887	1.71577101	0.0340292754
139	-0.505842892	0.231342632	1.71541608	0.0340150791
140	-0.505846551	0.231382314	1.71588356	0.0340161143
141	-0.505844852	0.231426849	1.71633084	0.0340865816
142	-0.505832941	0.231399074	1.71634063	0.0341287606
143	-0.505815782	0.231398182	1.7161122	0.0341373427
144	-0.505811884	0.231375071	1.71676914	0.0341803333
145	-0.50579801	0.231369284	1.71688402	0.0342204966
146	-0.505816178	0.231319356	1.71658466	0.0341705205
147	-0.505799873	0.231325827	1.71601497	0.0341297143
148	-0.505798843	0.23133702	1.71605174	0.0341664595
149	-0.505785336	0.231315046	1.71554538	0.0342144698
150	-0.505787977	0.231291069	1.71487007	0.0342228533
151	-0.505791784	0.231233425	1.71481183	0.0341507815
152	-0.505805175	0.231252102	1.71485009	0.0342298158
153	-0.505809511	0.231235782	1.71513464	0.0342219608
154	-0.505815836	0.231245156	1.71534361	0.0341502338
155	-0.505828154	0.231222288	1.71580952	0.0341561032
156	-0.505835389	0.231190034	1.71537949	0.0341643077
157	-0.505824717	0.231198855	1.71556391	0.0341912611
158	-0.505807258	0.231205012	1.71578264	0.0341932911
159	-0.505801219	0.231218766	1.71605487	0.0341389434
160	-0.505811061	0.231197618	1.71611189	0.03413305
161	-0.505800504	0.23117791	1.71597201	0.0341320248
162	-0.505791651	0.231164396	1.71604063	0.0340961235
163	-0.505804381	0.23118721	1.71607618	0.0340767117
164	-0.505810089	0.231199387	1.71597648	0.0340532195
165	-0.505800471	0.2311563	1.71568924	0.033999297
166	-0.505798164	0.231135025	1.71535087	0.0340190602
167	-0.505814352	0.231114901	1.71582552	0.0340493413
168	-0.505821185	0.231120653	1.71622458	0.0340878333
169	-0.505829373	0.231134562	1.71628763	0.034124284
170	-0.505840883	0.231152226	1.7167086	0.0341500235
171	-0.505859801	0.231161397	1.71662511	0.0341736842
172	-0.505859046	0.23116198	1.7165461	0.0341778605
173	-0.505872088	0.231188597	1.71679288	0.0341801387
174	-0.505877557	0.231188871	1.71733257	0.0342364598
175	-0.505890347	0.231173337	1.71726438	0.0342018971
176	-0.505880354	0.231169362	1.71671414	0.0341699545
177	-0.505876342	0.231225123	1.71651772	0.0341583277
178	-0.505881259	0.231217231	1.7166572	0.0341640674
179	-0.505876097	0.231191066	1.71649532	0.0341467486
180	-0.505886283	0.231184247	1.71707116	0.0341230222
181	-0.505872953	0.231158612	1.71692729	0.034144884
182	-0.505872502	0.23115454	1.71710142	0.0341218242
183	-0.505878996	0.23117146	1.7170732	0.0340787541
184	-0.505867769	0.231190826	1.71717454	0.0340623478
185	-0.505858646	0.231206238	1.71688987	0.034056627
186	-0.505846448	0.231163197	1.71673252	0.0340643441
187	-0.50583623	0.231156945	1.71670403	0.0341473369
188	-0.505836139	0.231160401	1.71682539	0.0341792766
189	-0.505848441	0.231150767	1.71690443	0.034163873
190	-0.505848563	0.231178744	1.71680213	0.0342092
191	-0.505845439	0.231203609	1.71704898	0.0341211728
192	-0.505851014	0.231179518	1.71690028	0.0341527917
193	-0.505851043	0.231169081	1.71691846	0.0341563109
194	-0.505841886	0.231168599	1.71676378	0.0341499588
195	-0.505856455	0.231162848	1.71683442	0.0341109744
196	-0.505861121	0.231142093	1.71689637	0.0341437959
197	-0.50584624	0.231126624	1.71669051	0.0341556345
198	-0.505845534	0.231116859	1.71634424	0.0341191111
199	-0.505840445	0.231105056	1.71623024	0.0341207437
200	-0.505843413	0.231101837	1.71617287	0.03411666
