1	-0.761304	0.409610979	7.239296
2	-0.761504	0.419948899	7.331688
3	-0.762786667	0.414880534	7.41096533
4	-0.761282	0.420357828	7.337324
5	-0.7614176	0.422743846	7.3636192
6	-0.761509333	0.419443597	7.40147067
7	-0.761851429	0.421046217	7.49174743
8	-0.762037	0.420629884	7.54233
9	-0.762114667	0.420208977	7.53345778
10	-0.7625472	0.420051111	7.5372416
11	-0.762315636	0.421556283	7.53330036
12	-0.76266	0.42005069	7.53936333
13	-0.762459692	0.419662778	7.52480738
14	-0.762494286	0.41925134	7.49731029
15	-0.7621552	0.419140189	7.45435413
16	-0.7620425	0.41830354	7.456448
17	-0.761903059	0.419219957	7.46606165
18	-0.761812	0.41987821	7.45992578
19	-0.761829895	0.419313275	7.46047789
20	-0.7619188	0.418876667	7.4754116
21	-0.761979048	0.419069069	7.46903467
22	-0.761862909	0.419135357	7.45886655
23	-0.762036522	0.419386401	7.46728939
24	-0.761930667	0.419835438	7.45393467
25	-0.76205088	0.419391373	7.46025568
26	-0.762001846	0.418805623	7.43710308
27	-0.76194163	0.419036857	7.44181659
28	-0.761898286	0.419360594	7.43845114
29	-0.762073931	0.419153801	7.45170538
30	-0.762109867	0.419518516	7.47627147
31	-0.762069677	0.419308844	7.46906787
32	-0.76224	0.419143082	7.47087775
33	-0.76218303	0.419343399	7.46908024
34	-0.762141176	0.41947292	7.45977741
35	-0.7620768	0.419333447	7.458232
36	-0.762074444	0.420071785	7.45746511
37	-0.762123243	0.419748528	7.46472238
38	-0.762123579	0.419934405	7.46997347
39	-0.762126974	0.420471921	7.46968554
40	-0.7621002	0.420526729	7.4763476
41	-0.762098537	0.420334798	7.46660137
42	-0.762124952	0.420066194	7.45898248
43	-0.762246698	0.420152737	7.46494419
44	-0.762171455	0.419987979	7.45025909
45	-0.762107733	0.420299174	7.4430992
46	-0.762059826	0.420607791	7.4443953
47	-0.761996596	0.420443506	7.44315762
48	-0.762005167	0.42010556	7.44052167
49	-0.762076408	0.420370379	7.44408392
50	-0.76211104	0.420320951	7.43764544
51	-0.762110431	0.420371279	7.44738635
52	-0.762113231	0.420191245	7.44159108
53	-0.762094189	0.420066336	7.43628091
54	-0.762115259	0.420176917	7.44272326
55	-0.762151127	0.42001538	7.44251462
56	-0.762161429	0.420110175	7.44884586
57	-0.762150877	0.420369967	7.45470947
58	-0.762057103	0.420518683	7.45091531
59	-0.762083254	0.420516807	7.45516542
60	-0.762047333	0.420545522	7.4575528
61	-0.762046689	0.42034652	7.44955239
62	-0.762038839	0.42044013	7.45414284
63	-0.762036063	0.420406005	7.45829105
64	-0.762045625	0.420370183	7.45854288
65	-0.762026462	0.420119319	7.45929243
66	-0.762067515	0.420056398	7.45917079
67	-0.762062328	0.420167975	7.45781863
68	-0.762017412	0.420156781	7.46318847
69	-0.762010667	0.419981633	7.45769623
70	-0.7619808	0.420150577	7.46064
71	-0.761961577	0.420071569	7.45500473
72	-0.761896778	0.420228608	7.44813789
73	-0.761863562	0.420181012	7.44039244
74	-0.761877622	0.420103679	7.44367319
75	-0.761886187	0.419804516	7.44197973
76	-0.761949895	0.419840466	7.45012968
77	-0.761969974	0.419796367	7.44038171
78	-0.761947795	0.419627044	7.43573641
79	-0.761929114	0.419839826	7.44029985
80	-0.7619311	0.419969504	7.4353891
81	-0.761952593	0.419849359	7.43089323
82	-0.761925854	0.419829698	7.432744
83	-0.761926554	0.41971333	7.42816116
84	-0.761918571	0.419693709	7.42479905
85	-0.761912	0.419610012	7.42247388
86	-0.761897395	0.419820809	7.42110633
87	-0.761953655	0.419889046	7.42453462
88	-0.761914182	0.420075539	7.42656427
89	-0.761912809	0.420039448	7.42977609
90	-0.761895644	0.419978846	7.42820889
91	-0.761869626	0.419901593	7.4228291
92	-0.761896174	0.419877253	7.42247852
93	-0.761853935	0.41995859	7.41641273
94	-0.761843745	0.419947369	7.40948094
95	-0.761845979	0.419854078	7.40950712
96	-0.76178325	0.419728181	7.40226875
97	-0.761799505	0.419990731	7.41058672
98	-0.761837551	0.419996786	7.40769282
99	-0.761860444	0.420133766	7.41359935
100	-0.76188656	0.420137789	7.41667584
1	-0.761568	0.415685069	7.322288
2	-0.761704	0.419309894	7.36382
3	-0.762781333	0.415037861	7.42539733
4	-0.761232	0.419556533	7.337454
5	-0.7615456	0.422222826	7.3639008
6	-0.761508	0.418104502	7.40224267
7	-0.761845714	0.420211056	7.48788229
8	-0.762011	0.419277948	7.534958
9	-0.762069333	0.41889578	7.52651733
10	-0.7624944	0.41918729	7.5312816
11	-0.762288	0.421602762	7.52967636
12	-0.762635333	0.420132866	7.53408933
13	-0.762379077	0.419746628	7.52002092
14	-0.762373143	0.419933328	7.494472
15	-0.762056533	0.419795221	7.45192907
16	-0.761966	0.418844865	7.4520115
17	-0.761876706	0.4195654	7.46134165
18	-0.761767111	0.41999663	7.45295867
19	-0.761788211	0.419664438	7.45245474
20	-0.76188	0.418963583	7.4695448
21	-0.761936	0.419168986	7.46440152
22	-0.761810545	0.41925758	7.45412545
23	-0.761964522	0.419650546	7.46435896
24	-0.761852333	0.419749336	7.450342
25	-0.7619712	0.41910866	7.45610976
26	-0.761892	0.418719543	7.43336338
27	-0.761828148	0.419134323	7.43790548
28	-0.761768286	0.419702341	7.43571486
29	-0.761954483	0.419609674	7.45107117
30	-0.761986667	0.419885808	7.47513573
31	-0.761944	0.419645167	7.46766168
32	-0.76213825	0.419337216	7.468035
33	-0.762105697	0.419438979	7.46806158
34	-0.762072471	0.419375961	7.459488
35	-0.762013257	0.419160648	7.45823703
36	-0.762025556	0.419749808	7.45682156
37	-0.762063784	0.419725875	7.4639107
38	-0.762055368	0.419906771	7.46867789
39	-0.762054154	0.420598146	7.46825703
40	-0.762039	0.420663772	7.4751684
41	-0.76203161	0.420606444	7.46530595
42	-0.76206	0.420358678	7.4574581
43	-0.762155721	0.420593985	7.46344912
44	-0.762077818	0.420476828	7.44869
45	-0.762034489	0.420671725	7.44143591
46	-0.761992522	0.421106502	7.44261165
47	-0.761937021	0.420845619	7.44102145
48	-0.761954667	0.420465929	7.43849783
49	-0.762035429	0.420817816	7.44229894
50	-0.76206624	0.420842432	7.43599696
51	-0.762063686	0.420807808	7.44538776
52	-0.762057846	0.420734525	7.43989831
53	-0.76203034	0.420638213	7.4348166
54	-0.762044889	0.420834163	7.44140622
55	-0.762066473	0.420609937	7.44053862
56	-0.762069429	0.42065174	7.4471
57	-0.762057263	0.420879487	7.453528
58	-0.761965793	0.420925298	7.44973545
59	-0.762007186	0.420935454	7.45439607
60	-0.761964	0.421037979	7.45691307
61	-0.761960787	0.420913482	7.44872839
62	-0.761947355	0.421126884	7.45315006
63	-0.761953524	0.421026952	7.4571346
64	-0.761966	0.421045489	7.45779813
65	-0.761945231	0.420921789	7.45843372
66	-0.761988121	0.420718906	7.45886279
67	-0.761985313	0.420816564	7.45826663
68	-0.761946353	0.420811761	7.46402282
69	-0.761937971	0.420718872	7.45850168
70	-0.761899771	0.420868673	7.46074651
71	-0.761883718	0.420759581	7.45588496
72	-0.761808778	0.420952021	7.44880056
73	-0.76177326	0.421024038	7.44157173
74	-0.761776541	0.420918805	7.44452097
75	-0.761790507	0.420630731	7.44294731
76	-0.761858632	0.420579542	7.45123568
77	-0.761870961	0.420519519	7.44104519
78	-0.761841333	0.420292016	7.43646821
79	-0.761827848	0.420463736	7.44069661
80	-0.76183	0.420598239	7.4359278
81	-0.761847605	0.420437346	7.43157274
82	-0.761814537	0.420431948	7.4335558
83	-0.761819663	0.420277601	7.42917301
84	-0.761804	0.420362526	7.42550171
85	-0.761794918	0.420321493	7.42334616
86	-0.761782419	0.420431686	7.4220627
87	-0.761830253	0.420459384	7.4257863
88	-0.761792	0.420656823	7.42776764
89	-0.761795506	0.420662058	7.43110993
90	-0.761779822	0.420639331	7.42936524
91	-0.761759033	0.420499023	7.42375411
92	-0.761787043	0.420477468	7.42355096
93	-0.76175157	0.420515148	7.41777574
94	-0.761744851	0.420527724	7.41086221
95	-0.761743747	0.420503911	7.41061996
96	-0.7616785	0.420394688	7.40347375
97	-0.76168932	0.420637505	7.41186705
98	-0.761736571	0.420627274	7.40893069
99	-0.761769697	0.420765968	7.41484469
100	-0.7617996	0.420781539	7.4178316
101	-0.761785347	0.420821896	7.4182716
102	-0.761756	0.421035868	7.42228235
103	-0.761769786	0.420907205	7.41878439
104	-0.761765231	0.420923213	7.42034815
105	-0.761805714	0.421018177	7.43055901
106	-0.761779321	0.420932333	7.42517706
107	-0.761785346	0.420822183	7.42613832
108	-0.761793926	0.420874572	7.42727926
109	-0.761777248	0.420962255	7.42412418
110	-0.76174	0.421090988	7.42014844
111	-0.761762883	0.421023322	7.42228389
112	-0.761758571	0.420952597	7.41847107
113	-0.761783009	0.420921534	7.42111108
114	-0.761792561	0.420750394	7.42050211
115	-0.761778087	0.420701844	7.42300007
116	-0.761764345	0.420673158	7.42042883
117	-0.761733538	0.420644351	7.41892014
118	-0.761774441	0.420646419	7.41872902
119	-0.76173479	0.420562858	7.41621439
120	-0.761730733	0.420577518	7.4155706
121	-0.761724496	0.420672583	7.41531326
122	-0.761733902	0.420779099	7.41176905
123	-0.761715447	0.420817396	7.41200995
124	-0.761720129	0.420845324	7.41243387
125	-0.761699392	0.420947825	7.41047328
126	-0.76168019	0.4210267	7.410712
127	-0.761662677	0.42113113	7.41570545
128	-0.761697125	0.421243891	7.4171845
129	-0.761693147	0.421127286	7.4114751
130	-0.761667508	0.420999426	7.40703698
131	-0.761675481	0.420994364	7.41040421
132	-0.761686182	0.421197279	7.41318515
133	-0.761698226	0.421305476	7.41523585
134	-0.761675164	0.421478653	7.41648985
135	-0.761680415	0.421383343	7.41381203
136	-0.761683588	0.421328002	7.41289494
137	-0.761694599	0.421280021	7.41532479
138	-0.761698841	0.421307354	7.41374904
139	-0.761695137	0.421278337	7.41259033
140	-0.7616744	0.421305256	7.4107352
141	-0.761681986	0.421281073	7.41096919
142	-0.761704225	0.421488705	7.41719369
143	-0.761680895	0.421520104	7.4170819
144	-0.761688056	0.42159855	7.41938239
145	-0.761690262	0.421679266	7.42288706
146	-0.761706904	0.421625129	7.4212314
147	-0.761709333	0.421585849	7.41856435
148	-0.76172373	0.42153145	7.41879286
149	-0.761720966	0.421449077	7.41763667
150	-0.761716107	0.421465755	7.41779109
151	-0.761706278	0.421423818	7.41594501
152	-0.761694789	0.421423714	7.41544053
153	-0.76168915	0.421476718	7.41775759
154	-0.761702182	0.421442954	7.41954561
155	-0.761701265	0.421392808	7.42108996
156	-0.761717487	0.421262857	7.42292338
157	-0.76170293	0.421274278	7.42270115
158	-0.761686987	0.421284027	7.42039929
159	-0.761656	0.421343493	7.41667431
160	-0.7616737	0.421345602	7.4164304
161	-0.761657093	0.421290822	7.4145923
162	-0.761657728	0.42121612	7.4153244
163	-0.761645988	0.421263019	7.41294076
164	-0.761644732	0.421327076	7.41566956
165	-0.761659103	0.42133994	7.4163377
166	-0.76166188	0.421291574	7.41727041
167	-0.761664144	0.421252702	7.41402414
168	-0.761666857	0.421226003	7.41090924
169	-0.761683929	0.421252382	7.41353273
170	-0.761699388	0.421434181	7.41833304
171	-0.761682994	0.4213998	7.41915172
172	-0.761666419	0.421263452	7.41707386
173	-0.761681249	0.421334209	7.4205544
174	-0.761694253	0.421366577	7.42255913
175	-0.761712091	0.421336233	7.42020037
176	-0.761698455	0.421335233	7.41828759
177	-0.761688768	0.421309068	7.41786102
178	-0.761687191	0.421254236	7.41707901
179	-0.761702749	0.421213754	7.41660661
180	-0.761728756	0.421131157	7.41758529
181	-0.761736486	0.421123619	7.41715244
182	-0.761723165	0.421087601	7.41610338
183	-0.761711301	0.421113253	7.41390981
184	-0.761708609	0.421121236	7.41508739
185	-0.761717708	0.421136109	7.41639844
186	-0.761685892	0.421149	7.4151748
187	-0.761666225	0.42121572	7.41288381
188	-0.761663617	0.421275609	7.4128266
189	-0.76166582	0.421304795	7.41301592
190	-0.761682695	0.421307513	7.41185284
191	-0.761686534	0.421363306	7.41527812
192	-0.7616935	0.421338658	7.41181983
193	-0.761702052	0.421318048	7.41106533
194	-0.761704495	0.421315147	7.41006334
195	-0.761730215	0.421397746	7.41343024
196	-0.761743837	0.421253268	7.40995171
197	-0.761734579	0.421279879	7.40971736
198	-0.761717455	0.421260117	7.40968412
199	-0.76170605	0.421203215	7.40975908
200	-0.76170072	0.421285577	7.41148084
