1	-0.646224	0.33797816	3.62291692
2	-0.647384	0.346900916	3.56578769
3	-0.647090667	0.343803155	3.56639795
4	-0.646048	0.344113561	3.57305538
5	-0.645968	0.344396293	3.57580923
6	-0.646134667	0.343524362	3.55616718
7	-0.6464	0.343642893	3.55221363
8	-0.64638	0.343582585	3.54242538
9	-0.646453333	0.343479715	3.52560068
10	-0.6464232	0.34434474	3.50614954
11	-0.646492364	0.344344143	3.52836476
12	-0.646400667	0.343487176	3.53444564
13	-0.646511385	0.343853557	3.53523361
14	-0.646742286	0.343904792	3.54157538
15	-0.646639467	0.343366129	3.53087795
16	-0.6465985	0.343870302	3.54618154
17	-0.646612706	0.344157942	3.55382769
18	-0.646461333	0.344225834	3.54772479
19	-0.646641263	0.344586644	3.55880551
20	-0.6464516	0.344627207	3.55719108
21	-0.646593524	0.344569835	3.55778725
22	-0.646550182	0.344434453	3.54761175
23	-0.646535304	0.34456069	3.55434033
24	-0.646550333	0.344378113	3.54578923
25	-0.6465648	0.344438615	3.54815778
26	-0.646571385	0.344635567	3.55296757
27	-0.646494815	0.344431657	3.55649915
28	-0.646482	0.344209086	3.55579143
29	-0.646477793	0.344211865	3.55279639
30	-0.646469333	0.344312082	3.55374605
31	-0.646336516	0.344068601	3.55105628
32	-0.646364	0.343991391	3.55058846
33	-0.646366303	0.343517532	3.54999739
34	-0.646365647	0.343607248	3.5480467
35	-0.646507657	0.343471162	3.54825248
36	-0.646520222	0.343391603	3.55102632
37	-0.646543568	0.343557124	3.5501131
38	-0.646478737	0.34345342	3.5455302
39	-0.646469538	0.343660657	3.54919669
40	-0.6463866	0.343783212	3.54402862
41	-0.646437073	0.343810102	3.54649366
42	-0.646505143	0.343826109	3.54997568
43	-0.646551628	0.343972606	3.54956494
44	-0.646566364	0.343979038	3.55193021
45	-0.646461689	0.343955569	3.55292308
46	-0.646472522	0.344269706	3.55342207
47	-0.646447489	0.344422165	3.55349787
48	-0.646469667	0.344629673	3.55146577
49	-0.646496327	0.344685615	3.55201444
50	-0.64655872	0.344821875	3.55133834
51	-0.646563137	0.344818602	3.55213502
52	-0.646581385	0.344819	3.55242
53	-0.64656966	0.344644565	3.55236911
54	-0.646508741	0.344495066	3.55414256
55	-0.646536291	0.344620296	3.55723771
56	-0.646511857	0.344788008	3.55709198
57	-0.646543018	0.34487423	3.55888022
58	-0.646517241	0.344807799	3.55862228
59	-0.646562441	0.344828996	3.56293883
60	-0.646585467	0.345024061	3.56476759
61	-0.64659318	0.3450584	3.56505433
62	-0.646612387	0.345091973	3.56305707
63	-0.646643175	0.345012192	3.56535414
64	-0.646675625	0.345059598	3.56538904
65	-0.6466384	0.344918093	3.56445112
66	-0.646595636	0.344952308	3.56248811
67	-0.646593791	0.344965522	3.56346792
68	-0.646599529	0.344898497	3.56471638
69	-0.646624696	0.344887649	3.56420986
70	-0.646642743	0.344977564	3.56354505
71	-0.646615662	0.345065588	3.56188091
72	-0.646617333	0.345213734	3.56373667
73	-0.646647014	0.345263494	3.56611414
74	-0.646646595	0.345210112	3.56713879
75	-0.64658656	0.345023644	3.56612234
76	-0.646574947	0.345044472	3.56636308
77	-0.646581506	0.345148987	3.56777215
78	-0.646603385	0.345198143	3.5672942
79	-0.646572658	0.345408098	3.56709258
80	-0.646574	0.345411036	3.56757823
81	-0.646593481	0.345382551	3.5688838
82	-0.646573854	0.345454751	3.56998769
83	-0.646562506	0.345500858	3.57229709
84	-0.646553429	0.345395515	3.57060315
85	-0.646560659	0.34533994	3.56839949
86	-0.646519721	0.345217368	3.56614533
87	-0.646537747	0.345231296	3.56452612
88	-0.646502727	0.345172514	3.56618727
89	-0.646522876	0.345226349	3.56786462
90	-0.646513244	0.345123206	3.56869703
91	-0.646506198	0.344984899	3.56828409
92	-0.646526	0.345093593	3.56836187
93	-0.64652086	0.345097581	3.5676661
94	-0.646535915	0.345209605	3.56735607
95	-0.646534147	0.34499898	3.56731381
96	-0.646515083	0.345054437	3.56729308
97	-0.646498144	0.34519376	3.56621494
98	-0.646529469	0.345320588	3.56721338
99	-0.646552646	0.345350634	3.56806601
100	-0.64657576	0.345320415	3.56976794
1	-0.646016	0.344529223	3.67919385
2	-0.647192	0.348118703	3.58357538
3	-0.647082667	0.344529683	3.58352615
4	-0.646026	0.345465925	3.59371231
5	-0.6459424	0.345329369	3.58998892
6	-0.646182667	0.345799901	3.56473744
7	-0.646437714	0.345329886	3.55871473
8	-0.646323	0.34544978	3.54658077
9	-0.646533333	0.344470342	3.5275959
10	-0.6464416	0.344880055	3.51035754
11	-0.646576727	0.344755797	3.53177287
12	-0.646462	0.344163031	3.54055846
13	-0.646528	0.343968099	3.53909491
14	-0.646803429	0.344654766	3.5446444
15	-0.646681067	0.344227287	3.53463836
16	-0.6466335	0.344579638	3.54900923
17	-0.646584471	0.345120202	3.55644597
18	-0.646444444	0.345018724	3.54990256
19	-0.646663158	0.345294911	3.56023093
20	-0.646534	0.345187079	3.55913938
21	-0.64667581	0.345299278	3.55881612
22	-0.646614182	0.345200867	3.55013483
23	-0.6466	0.345304021	3.55632883
24	-0.64665	0.345258711	3.54843846
25	-0.646664	0.34509925	3.5505984
26	-0.646684	0.345195239	3.55569799
27	-0.646575704	0.344994169	3.55930325
28	-0.646561714	0.344726539	3.55817011
29	-0.646564414	0.344946732	3.55545634
30	-0.6465424	0.345295158	3.55703303
31	-0.646400774	0.345105114	3.55479504
32	-0.646448	0.344982229	3.55482712
33	-0.646449939	0.344591118	3.55361883
34	-0.646452	0.344681816	3.55173502
35	-0.6466032	0.344409688	3.55208633
36	-0.646626889	0.344379182	3.55502017
37	-0.646636973	0.344594074	3.55414852
38	-0.646562737	0.34451553	3.54977976
39	-0.646549949	0.344826168	3.55255527
40	-0.646462	0.345025223	3.54789846
41	-0.646487805	0.345152686	3.5498424
42	-0.646568381	0.345078455	3.55354711
43	-0.646601488	0.34510036	3.55321789
44	-0.646601636	0.345158094	3.55564084
45	-0.646514667	0.345114354	3.55652362
46	-0.646524348	0.345456812	3.55696054
47	-0.646509106	0.345498249	3.55710782
48	-0.646527333	0.345635598	3.55454064
49	-0.646558204	0.345664625	3.55490713
50	-0.6466016	0.345950754	3.55414031
51	-0.646611765	0.345927834	3.55458305
52	-0.646607692	0.345842149	3.5547968
53	-0.646561057	0.345652257	3.55386218
54	-0.646498667	0.345481605	3.55492444
55	-0.646516364	0.345497791	3.55805874
56	-0.646486	0.345674683	3.55769725
57	-0.646530526	0.345681599	3.55944432
58	-0.646512138	0.345746578	3.55932944
59	-0.646566102	0.345628272	3.56357455
60	-0.646575467	0.345900657	3.56572082
61	-0.646567475	0.346003156	3.56640121
62	-0.646582452	0.346059018	3.56428586
63	-0.646622476	0.34597013	3.5666105
64	-0.646667625	0.346026071	3.56697683
65	-0.646640123	0.345874093	3.56655441
66	-0.646596727	0.345829695	3.56431002
67	-0.646584716	0.34576454	3.56508069
68	-0.646591765	0.345753775	3.5664409
69	-0.646620058	0.34564286	3.56639599
70	-0.646637486	0.345534037	3.56536633
71	-0.646625465	0.345526893	3.56427016
72	-0.646608	0.345720144	3.56585265
73	-0.646637699	0.345841875	3.56831663
74	-0.646624432	0.345693784	3.56922744
75	-0.6465776	0.345552887	3.56783631
76	-0.646558211	0.345555324	3.5679183
77	-0.646564052	0.345648676	3.56895856
78	-0.646580308	0.345694214	3.56866462
79	-0.646556051	0.345863678	3.56790761
80	-0.6465538	0.345835406	3.56807977
81	-0.646582123	0.345783802	3.56960745
82	-0.646554927	0.345903114	3.57017366
83	-0.646544	0.346028621	3.57231555
84	-0.64653619	0.345917083	3.5703956
85	-0.646530635	0.345811894	3.56832217
86	-0.646492744	0.345650305	3.56643313
87	-0.646499862	0.345720453	3.56463328
88	-0.646477273	0.345683838	3.56648979
89	-0.646498966	0.345729603	3.56819838
90	-0.646492978	0.345565428	3.56907781
91	-0.646495648	0.345360874	3.56872845
92	-0.646505478	0.345489522	3.5684291
93	-0.646505376	0.345449188	3.56765426
94	-0.646524085	0.345526793	3.56704877
95	-0.646517726	0.345378324	3.56693526
96	-0.646489	0.345396395	3.56668936
97	-0.646467134	0.345537907	3.5656262
98	-0.646507592	0.345705469	3.56662763
99	-0.646532202	0.345734433	3.56751888
100	-0.6465524	0.34570577	3.56937846
101	-0.64658804	0.345781393	3.56965051
102	-0.646561412	0.345758188	3.5687521
103	-0.646552466	0.345721043	3.56880687
104	-0.646545308	0.345643646	3.56725923
105	-0.646586057	0.345660351	3.56771675
106	-0.646547321	0.345588042	3.56700221
107	-0.646548486	0.345558856	3.56686775
108	-0.646556444	0.345587684	3.56662205
109	-0.646534092	0.345580758	3.56742114
110	-0.646534255	0.345541156	3.5672108
111	-0.646502198	0.345547855	3.56465198
112	-0.6464975	0.345457061	3.56414467
113	-0.646514265	0.345494848	3.56463488
114	-0.646525263	0.345474131	3.56441285
115	-0.64652	0.345444475	3.56656016
116	-0.646502	0.345416321	3.5683757
117	-0.64649012	0.345422612	3.56935258
118	-0.646497627	0.345433581	3.56985784
119	-0.646487798	0.345432377	3.57189626
120	-0.6464766	0.345506777	3.57264221
121	-0.646468033	0.345561028	3.57328605
122	-0.646480328	0.345695568	3.57504883
123	-0.64647174	0.345776077	3.57600615
124	-0.646463935	0.345797053	3.57608263
125	-0.646477824	0.345794104	3.57658151
126	-0.646476317	0.345749017	3.57549582
127	-0.646458268	0.345787599	3.57527409
128	-0.646455875	0.345783598	3.57446014
129	-0.646442853	0.345731441	3.57424029
130	-0.646438462	0.345749383	3.57393619
131	-0.646454351	0.345723176	3.5744209
132	-0.64644	0.345733361	3.5742551
133	-0.646444211	0.345671914	3.57383523
134	-0.64642203	0.345678325	3.5722451
135	-0.646432889	0.345676452	3.57204887
136	-0.646452059	0.345690412	3.57246557
137	-0.646463533	0.345652629	3.57075005
138	-0.646474145	0.345617916	3.57071929
139	-0.646476777	0.345584672	3.57029959
140	-0.646479257	0.345541939	3.56984945
141	-0.646472	0.34561829	3.56938872
142	-0.646470817	0.345646418	3.56916399
143	-0.646439441	0.345595757	3.56755146
144	-0.646443667	0.345633444	3.56819607
145	-0.646452303	0.345618255	3.56897048
146	-0.646476384	0.345603183	3.57040733
147	-0.646438422	0.345679255	3.56909836
148	-0.646448703	0.345686267	3.56995684
149	-0.646428564	0.345680278	3.56985962
150	-0.646420267	0.345599965	3.56923975
151	-0.646396185	0.345578634	3.5688194
152	-0.646389105	0.345563798	3.569147
153	-0.64640251	0.345596545	3.56960109
154	-0.646379065	0.345595316	3.56922649
155	-0.646383329	0.345531158	3.570277
156	-0.646384256	0.34549997	3.57174951
157	-0.646340739	0.345550017	3.57071843
158	-0.646318633	0.345548336	3.57023692
159	-0.646306818	0.345521413	3.5695695
160	-0.64632985	0.34547788	3.56993604
161	-0.64633123	0.345506033	3.57010221
162	-0.646320395	0.345466321	3.57011966
163	-0.64630773	0.345441318	3.56937155
164	-0.646297024	0.345447322	3.56914128
165	-0.646300412	0.345383358	3.56917904
166	-0.646321301	0.345323857	3.57037071
167	-0.646322108	0.345282978	3.57126917
168	-0.646327333	0.345219382	3.57160886
169	-0.64635929	0.345242371	3.57261892
170	-0.646365929	0.345334737	3.57299685
171	-0.646365708	0.345340876	3.57357513
172	-0.646365442	0.3453452	3.57285166
173	-0.646365549	0.345269655	3.57152011
174	-0.64638046	0.34528402	3.5714128
175	-0.646395611	0.345266407	3.57079293
176	-0.646395227	0.345269102	3.57070462
177	-0.646399819	0.345248167	3.5709075
178	-0.646405169	0.345253711	3.57211229
179	-0.646413631	0.345245701	3.57167041
180	-0.646428533	0.345271099	3.57308048
181	-0.646403403	0.345266062	3.57179519
182	-0.646386989	0.345262046	3.57324223
183	-0.646401923	0.34525831	3.57358393
184	-0.646416913	0.345311713	3.57449853
185	-0.646423914	0.345361485	3.57564507
186	-0.646408086	0.345327654	3.57616814
187	-0.646409668	0.345361692	3.57704438
188	-0.646412426	0.345348356	3.57668291
189	-0.64640419	0.345355013	3.57617641
190	-0.646420589	0.345381854	3.57646533
191	-0.646422157	0.345376992	3.5759806
192	-0.646427958	0.345359146	3.57558968
193	-0.646421886	0.345336734	3.57546433
194	-0.64640301	0.345295936	3.57560533
195	-0.646401354	0.345300432	3.57580876
196	-0.646407918	0.345268887	3.5753675
197	-0.646408162	0.345263347	3.57454263
198	-0.646402141	0.345276283	3.57489268
199	-0.646398915	0.345298667	3.57448835
200	-0.64639772	0.345325235	3.57444631
