1	-0.584656	0.290078259	2.615952
2	-0.584176	0.292186903	2.55753333
3	-0.583568	0.29150881	2.54681067
4	-0.582794	0.292868592	2.49489467
5	-0.5823056	0.292363656	2.49574613
6	-0.582709333	0.29166144	2.50401422
7	-0.583150857	0.292328853	2.51960533
8	-0.583316	0.291674416	2.51272933
9	-0.583439111	0.290731897	2.52301333
10	-0.583232	0.291210459	2.51263413
11	-0.583134545	0.29098675	2.51959127
12	-0.583158	0.291118615	2.52740978
13	-0.583132923	0.291162584	2.52118564
14	-0.583294857	0.291682273	2.53059276
15	-0.583247467	0.291963074	2.52702578
16	-0.583163	0.2927615	2.53039567
17	-0.583144	0.29332713	2.52829929
18	-0.582948444	0.292898658	2.52125363
19	-0.583055579	0.293355453	2.52047832
20	-0.583036	0.293545218	2.52818427
21	-0.583015238	0.293640059	2.52696178
22	-0.583007273	0.293423061	2.52354618
23	-0.583036174	0.293589475	2.52407258
24	-0.583023667	0.29332476	2.52451
25	-0.58297536	0.293722954	2.5225344
26	-0.582865846	0.294235271	2.52214236
27	-0.582831111	0.294347086	2.52082923
28	-0.582900571	0.294051761	2.5218261
29	-0.582879448	0.294216693	2.52338428
30	-0.5828008	0.293605596	2.52125618
31	-0.582751484	0.293832614	2.51873824
32	-0.58277725	0.293745242	2.52016067
33	-0.582756364	0.293461541	2.52045721
34	-0.582677882	0.293522393	2.51981773
35	-0.582768914	0.293316161	2.52100571
36	-0.582772	0.293467963	2.52518548
37	-0.582748541	0.293262651	2.52660108
38	-0.582779789	0.293235241	2.52848295
39	-0.582737436	0.293287903	2.5284774
40	-0.5826528	0.293572006	2.52871587
41	-0.582651317	0.293695746	2.52718452
42	-0.582670095	0.293682549	2.52586006
43	-0.582718698	0.293714481	2.52510065
44	-0.582739273	0.293594943	2.52525939
45	-0.582703289	0.293780036	2.52508361
46	-0.582736	0.293742911	2.52622574
47	-0.582711489	0.293739365	2.52626599
48	-0.582765	0.293919481	2.52890522
49	-0.582773224	0.293869878	2.52985284
50	-0.58277072	0.293930698	2.52690816
51	-0.582757176	0.293977335	2.527136
52	-0.582764	0.29391582	2.52814462
53	-0.582774038	0.293900811	2.52915381
54	-0.582692444	0.293872877	2.53026726
55	-0.582741673	0.293916579	2.53086138
56	-0.582758286	0.293761257	2.52991781
57	-0.582776842	0.293795355	2.53002395
58	-0.582749931	0.293850578	2.52920524
59	-0.582698983	0.293824912	2.52785618
60	-0.582729733	0.293827087	2.52905369
61	-0.582731279	0.293703592	2.5284814
62	-0.582748516	0.293746695	2.52905144
63	-0.582761143	0.293617072	2.52980876
64	-0.582725625	0.293735556	2.52956333
65	-0.582728246	0.293666767	2.53034511
66	-0.582711515	0.293513972	2.53072
67	-0.582718567	0.293372272	2.53125365
68	-0.582670588	0.293397119	2.52806855
69	-0.582705739	0.293462343	2.52830191
70	-0.5826776	0.293452201	2.5257101
71	-0.58269093	0.293408657	2.52646753
72	-0.582681556	0.293476282	2.52798556
73	-0.58271463	0.293648288	2.52702546
74	-0.582742919	0.293708489	2.529712
75	-0.58273664	0.293636725	2.5305952
76	-0.582750316	0.293555956	2.53004442
77	-0.582770909	0.293702236	2.53092599
78	-0.582810667	0.293828629	2.53181402
79	-0.582788456	0.293855171	2.53243214
80	-0.5827796	0.293857757	2.5336326
81	-0.58281037	0.29374577	2.53249014
82	-0.582815317	0.293788062	2.53322049
83	-0.582823133	0.293790594	2.53279698
84	-0.582791714	0.293691089	2.53219848
85	-0.582757835	0.293682779	2.53204794
86	-0.582764372	0.293650151	2.53226499
87	-0.58276892	0.293806207	2.53334106
88	-0.582769818	0.293837896	2.53551897
89	-0.582784989	0.293857472	2.53517333
90	-0.582785956	0.29380576	2.53480599
91	-0.582794198	0.293736406	2.5354805
92	-0.582776435	0.293744299	2.53429148
93	-0.582763011	0.293742763	2.53438142
94	-0.582766723	0.293766907	2.53428618
95	-0.582739368	0.293718847	2.53460996
96	-0.582716333	0.293676396	2.53483411
97	-0.582725608	0.293633502	2.53445608
98	-0.582734367	0.293614465	2.53516212
99	-0.582744404	0.293610373	2.53569271
100	-0.58275936	0.293605172	2.53589819
1	-0.583592	0.287123056	2.613632
2	-0.583564	0.29124838	2.55106133
3	-0.583178667	0.288626932	2.54297422
4	-0.582714	0.291413408	2.48960267
5	-0.5823712	0.291643615	2.4915744
6	-0.58264	0.291570152	2.49758222
7	-0.582952	0.291802	2.5118819
8	-0.583042	0.291235074	2.50229
9	-0.583251556	0.290055559	2.51422578
10	-0.5830688	0.290829675	2.50748053
11	-0.583072	0.290502543	2.51598061
12	-0.583109333	0.290291201	2.52328933
13	-0.583054154	0.290439396	2.51732349
14	-0.583238857	0.29107663	2.52734857
15	-0.5831696	0.291250722	2.52609671
16	-0.5830975	0.291842796	2.52970367
17	-0.583031529	0.292623514	2.52787043
18	-0.582868889	0.292442886	2.52119941
19	-0.583047158	0.292856421	2.52030091
20	-0.5830892	0.29280587	2.52732987
21	-0.583120381	0.292791773	2.52662197
22	-0.583155273	0.292854777	2.52415782
23	-0.583186087	0.292899806	2.52687119
24	-0.583193	0.292702725	2.52690378
25	-0.58309408	0.292878244	2.52465728
26	-0.582972615	0.293237077	2.52336697
27	-0.582935111	0.293334139	2.52237314
28	-0.583019429	0.292933437	2.52422419
29	-0.582991724	0.293143311	2.52585434
30	-0.582923733	0.292962425	2.52422436
31	-0.582868645	0.293110965	2.52152602
32	-0.5828975	0.29313415	2.52344617
33	-0.582884121	0.292834656	2.52336954
34	-0.582808	0.292880011	2.52295529
35	-0.582898971	0.292714738	2.52414766
36	-0.582926	0.292812741	2.52860178
37	-0.582914378	0.292564763	2.52932584
38	-0.582891158	0.292521568	2.53079256
39	-0.582847795	0.292534633	2.5315215
40	-0.5827594	0.29286616	2.53118827
41	-0.582789073	0.292852162	2.52977561
42	-0.582810476	0.292725544	2.52806692
43	-0.582856744	0.292721818	2.52690741
44	-0.582880545	0.292695695	2.526564
45	-0.582842489	0.293052105	2.52663763
46	-0.582854435	0.293231366	2.52725414
47	-0.582817532	0.293192999	2.52747472
48	-0.58286	0.293411524	2.52967933
49	-0.582883592	0.293322215	2.53044441
50	-0.58288608	0.293528905	2.52739872
51	-0.58285349	0.29360236	2.52801715
52	-0.582827538	0.293641622	2.52896338
53	-0.582825057	0.293646041	2.52955341
54	-0.582740296	0.29360567	2.53091931
55	-0.582780218	0.293721589	2.53116354
56	-0.582815143	0.293620422	2.53026048
57	-0.582848	0.293652977	2.53021081
58	-0.582830483	0.293698042	2.5292914
59	-0.582793356	0.293502237	2.52768054
60	-0.582803733	0.293505175	2.52895111
61	-0.582775869	0.293461112	2.52829141
62	-0.582783355	0.293559317	2.52861901
63	-0.582789206	0.293498272	2.5292342
64	-0.582784	0.293639933	2.52913183
65	-0.582799262	0.29351919	2.53002388
66	-0.582796485	0.293352561	2.53054731
67	-0.582813015	0.293269103	2.53107351
68	-0.582768353	0.293300567	2.52795992
69	-0.582803014	0.293322869	2.52828182
70	-0.582768457	0.293272178	2.52590819
71	-0.582788169	0.29325989	2.52636702
72	-0.582771222	0.293268053	2.52811963
73	-0.58280274	0.293448343	2.52713425
74	-0.582810919	0.293428886	2.52925996
75	-0.582803627	0.293408742	2.53033899
76	-0.582809368	0.293330856	2.52956204
77	-0.582831169	0.293472007	2.53011539
78	-0.582860615	0.293593929	2.53122051
79	-0.582847494	0.293620659	2.53172638
80	-0.5828388	0.293535692	2.53268533
81	-0.582867358	0.293441281	2.53180122
82	-0.582861463	0.293531562	2.53245938
83	-0.582871904	0.293580114	2.53228556
84	-0.582848762	0.293482134	2.53191562
85	-0.582818165	0.293425235	2.53149961
86	-0.582846419	0.293345277	2.53184167
87	-0.58283908	0.293445248	2.53296319
88	-0.582847636	0.293483951	2.53465321
89	-0.582865169	0.293490271	2.53433924
90	-0.582863022	0.293507781	2.53381588
91	-0.582880088	0.293441713	2.53468536
92	-0.582862957	0.293456897	2.53352017
93	-0.582842839	0.293552595	2.53375404
94	-0.582842043	0.293578257	2.53408851
95	-0.582821474	0.293455504	2.5345248
96	-0.58278875	0.293495096	2.53442772
97	-0.582785979	0.293539552	2.53401737
98	-0.582809388	0.293547342	2.53484517
99	-0.582825374	0.293544227	2.53542448
100	-0.58284104	0.293543733	2.53572027
101	-0.582889822	0.293577447	2.53579131
102	-0.582884314	0.293647564	2.53686055
103	-0.582901903	0.293656118	2.53615451
104	-0.582932077	0.293610279	2.53654815
105	-0.58294301	0.293645972	2.5367997
106	-0.58292717	0.293586738	2.53705796
107	-0.582914617	0.293682075	2.53709438
108	-0.582910667	0.293615745	2.53677857
109	-0.582912807	0.293628036	2.5361622
110	-0.5829152	0.293575933	2.53667438
111	-0.582915532	0.293594233	2.53688086
112	-0.582877643	0.293553332	2.53624633
113	-0.582895221	0.293570897	2.53547502
114	-0.582895018	0.29358698	2.53486709
115	-0.5828944	0.293550769	2.53367958
116	-0.582884414	0.29350044	2.53441154
117	-0.582862085	0.293484289	2.53424046
118	-0.582848814	0.293500893	2.53355946
119	-0.582842689	0.293538504	2.53369376
120	-0.582845467	0.293477504	2.53385831
121	-0.582831603	0.293512382	2.53312992
122	-0.582827016	0.293525595	2.53291099
123	-0.582829008	0.293516083	2.53342647
124	-0.582824516	0.29354144	2.53278181
125	-0.582819904	0.293545419	2.53229594
126	-0.582838603	0.2935262	2.5329051
127	-0.582822047	0.293599841	2.53358119
128	-0.582832187	0.293586201	2.53417317
129	-0.58282338	0.293597636	2.53358383
130	-0.582827569	0.29357698	2.53439824
131	-0.582845863	0.293517674	2.53450777
132	-0.582838909	0.293534129	2.53407903
133	-0.582869414	0.29352029	2.5336
134	-0.582857134	0.293526872	2.53291634
135	-0.582868385	0.293549097	2.53214404
136	-0.582890412	0.29350252	2.53250008
137	-0.582898394	0.293504004	2.53304973
138	-0.582893565	0.293462442	2.5326167
139	-0.582895827	0.293447743	2.53215632
140	-0.582906971	0.293434581	2.53252377
141	-0.582892312	0.293414133	2.53241452
142	-0.582887042	0.293495974	2.53271147
143	-0.582872	0.293482022	2.53260084
144	-0.582878611	0.293459671	2.53226985
145	-0.582858097	0.29347665	2.531194
146	-0.582859726	0.29341133	2.53102685
147	-0.582846912	0.293396239	2.53132198
148	-0.582865459	0.293385594	2.53156202
149	-0.58284494	0.293398791	2.5309367
150	-0.582844533	0.293392466	2.5310661
151	-0.582816795	0.293378811	2.53065307
152	-0.582805789	0.293420472	2.53007116
153	-0.582823425	0.293391892	2.52949274
154	-0.58282961	0.293379665	2.5297217
155	-0.582839123	0.293353129	2.52983649
156	-0.582841795	0.293334945	2.53050226
157	-0.582830115	0.293328178	2.53032737
158	-0.582828759	0.293331074	2.53044496
159	-0.58280795	0.293329624	2.53063718
160	-0.58281805	0.29333364	2.5304356
161	-0.58280313	0.293292626	2.52987823
162	-0.582802815	0.293289556	2.52989686
163	-0.582810748	0.293270436	2.52971049
164	-0.582803366	0.293272727	2.52929389
165	-0.582808	0.293267846	2.52949721
166	-0.582791759	0.293241251	2.52904765
167	-0.582794443	0.293214984	2.52904731
168	-0.582784714	0.293183638	2.52965178
169	-0.582800852	0.293190585	2.52951091
170	-0.582795435	0.293253582	2.52954943
171	-0.582810901	0.293303432	2.5294104
172	-0.582824372	0.293282638	2.52963994
173	-0.582835376	0.293269742	2.52981383
174	-0.58282331	0.293258432	2.52974023
175	-0.582824823	0.293230586	2.53002331
176	-0.582826045	0.293252306	2.52990794
177	-0.582826757	0.293289234	2.52992205
178	-0.582822652	0.293279265	2.5299052
179	-0.582814793	0.293278166	2.52961058
180	-0.5828256	0.293247113	2.52934447
181	-0.582828729	0.293256548	2.52972214
182	-0.582823956	0.293217859	2.52973673
183	-0.582829508	0.293194317	2.52971558
184	-0.582836522	0.293217022	2.53064736
185	-0.582835157	0.293192748	2.53062896
186	-0.582821161	0.293234902	2.53031091
187	-0.582807487	0.29323234	2.53003251
188	-0.582813745	0.293246661	2.52987921
189	-0.582817439	0.293235172	2.52988642
190	-0.582814905	0.293225768	2.52929673
191	-0.582818429	0.293262594	2.52904101
192	-0.582830125	0.293234031	2.52959797
193	-0.58282599	0.293296633	2.52927353
194	-0.582807134	0.293299236	2.52920201
195	-0.582807303	0.293291672	2.5296972
196	-0.582808163	0.29326113	2.52964457
197	-0.582797807	0.293218402	2.52950368
198	-0.582803636	0.293259968	2.52969899
199	-0.582806111	0.293273561	2.53029759
200	-0.5827994	0.293276217	2.53010144
