1	-0.804112	0.425148855	10.0296356
2	-0.804388	0.44222403	10.3970711
3	-0.805410667	0.435025239	10.4624889
4	-0.804422	0.44307572	10.4900556
5	-0.8046752	0.444451276	10.6183698
6	-0.804726667	0.441903221	10.4930489
7	-0.80448	0.444060609	10.371586
8	-0.804695	0.441816922	10.23312
9	-0.804410667	0.442736012	10.3300504
10	-0.804456	0.443053161	10.3402027
11	-0.804148364	0.442088569	10.3075426
12	-0.80477	0.441993401	10.3521933
13	-0.804508923	0.438732877	10.2753224
14	-0.804869714	0.438280733	10.3066851
15	-0.804641067	0.437771838	10.3419431
16	-0.804727	0.438355418	10.3652894
17	-0.804701176	0.439302169	10.4055007
18	-0.804567111	0.43904315	10.3969506
19	-0.804563368	0.438558962	10.3938943
20	-0.8047436	0.437703124	10.3529111
21	-0.804749333	0.439162357	10.3895081
22	-0.804555636	0.439595723	10.3796222
23	-0.804675826	0.439013455	10.3896792
24	-0.804770667	0.437795275	10.3860511
25	-0.80482816	0.438228404	10.3969369
26	-0.804967385	0.437389399	10.4098872
27	-0.805076444	0.43777388	10.4354189
28	-0.804868	0.437886679	10.4101517
29	-0.804876966	0.437269436	10.3649821
30	-0.804835467	0.437215452	10.3478356
31	-0.804698323	0.437529528	10.328388
32	-0.80486925	0.437185688	10.3154386
33	-0.804803394	0.43681263	10.2910562
34	-0.804767765	0.437146132	10.3096847
35	-0.804712	0.437254885	10.3155111
36	-0.804728	0.437909254	10.326316
37	-0.804754811	0.437877542	10.3316408
38	-0.804823158	0.437918887	10.3566854
39	-0.804798154	0.437730515	10.3659866
40	-0.8047784	0.438227153	10.3893896
41	-0.804816195	0.438166263	10.403048
42	-0.80468419	0.437934953	10.377924
43	-0.804744744	0.43786125	10.362301
44	-0.804765818	0.438109393	10.3552154
45	-0.804643022	0.438247624	10.329296
46	-0.804612174	0.438188035	10.3195637
47	-0.80465634	0.438107741	10.3210084
48	-0.804574	0.437918131	10.2980502
49	-0.804619102	0.437819194	10.2960005
50	-0.80464544	0.437775457	10.2993516
51	-0.804670588	0.438020163	10.3097386
52	-0.804667692	0.437710717	10.3069598
53	-0.804639396	0.437724705	10.3100879
54	-0.804630963	0.438096898	10.3053355
55	-0.804641745	0.437704732	10.3152592
56	-0.804670429	0.437451894	10.3169514
57	-0.804675228	0.43764236	10.3132072
58	-0.804613931	0.437853662	10.3047922
59	-0.804592542	0.437835766	10.2887025
60	-0.804586933	0.43795493	10.2875176
61	-0.804570623	0.438048258	10.2842737
62	-0.804567871	0.438073526	10.2874989
63	-0.804518349	0.438165072	10.2857716
64	-0.804598625	0.437904122	10.2850181
65	-0.804530215	0.438189488	10.2779219
66	-0.804538424	0.438147667	10.2760978
67	-0.804519284	0.438369858	10.2749985
68	-0.804471529	0.438320612	10.2759684
69	-0.804413217	0.438286657	10.2708841
70	-0.804395543	0.438116277	10.2615215
71	-0.804406535	0.438057475	10.2623179
72	-0.804425111	0.438313232	10.2813205
73	-0.804424767	0.438258544	10.2748875
74	-0.804446919	0.438071223	10.2747453
75	-0.804412373	0.438203932	10.2667859
76	-0.804483579	0.438043394	10.2738818
77	-0.804455169	0.438166422	10.2706237
78	-0.804481436	0.438142523	10.2737303
79	-0.804471696	0.438173522	10.2772421
80	-0.8044407	0.438089835	10.2670137
81	-0.804533333	0.437979581	10.2723063
82	-0.804515024	0.438036084	10.2764761
83	-0.804501687	0.437871426	10.2690985
84	-0.804464286	0.437886236	10.2652325
85	-0.804412141	0.437968038	10.2620265
86	-0.804364372	0.438170066	10.2610164
87	-0.804452322	0.438231468	10.2757963
88	-0.804364909	0.438178882	10.2542574
89	-0.804357843	0.438282214	10.2605098
90	-0.804311022	0.438406856	10.2550457
91	-0.804349275	0.438263574	10.2523599
92	-0.804395478	0.438020907	10.2579235
93	-0.804380645	0.437845204	10.2552707
94	-0.804382979	0.437717431	10.2573468
95	-0.804387453	0.437556145	10.2551361
96	-0.804384833	0.437218545	10.2499003
97	-0.804397361	0.437233983	10.2549736
98	-0.804386204	0.437242633	10.2590475
99	-0.804401051	0.437289208	10.2680032
100	-0.80441416	0.437169953	10.2678696
1	-0.804096	0.428080419	10.00592
2	-0.804524	0.44087841	10.3910533
3	-0.805354667	0.434548893	10.4649363
4	-0.804308	0.44245358	10.4897978
5	-0.8046224	0.443783921	10.6181067
6	-0.804616	0.441281117	10.48668
7	-0.804436571	0.443010537	10.3672686
8	-0.80464	0.439439374	10.2283144
9	-0.804347556	0.441240815	10.3292395
10	-0.804376	0.441428737	10.3408729
11	-0.804126545	0.440423748	10.3051588
12	-0.804754667	0.440302588	10.3524911
13	-0.804496615	0.437183965	10.2746434
14	-0.804819429	0.436768496	10.3049352
15	-0.804621867	0.436586543	10.3409541
16	-0.8046935	0.437383874	10.3625244
17	-0.80472	0.438163252	10.4043441
18	-0.804556444	0.438172172	10.3938341
19	-0.804581053	0.437742446	10.3895172
20	-0.804762	0.437273471	10.3523391
21	-0.804762286	0.438646769	10.3881219
22	-0.804544727	0.439115012	10.3792093
23	-0.804664696	0.438712297	10.3901403
24	-0.804777667	0.437514086	10.3861759
25	-0.80482976	0.43786121	10.3976011
26	-0.804946769	0.437155892	10.4084762
27	-0.805069333	0.437627024	10.4350087
28	-0.804850286	0.437822857	10.4093514
29	-0.804865103	0.437087292	10.3638256
30	-0.804829333	0.437208129	10.347301
31	-0.804710194	0.437614855	10.3277267
32	-0.8049055	0.437236069	10.3155192
33	-0.804849455	0.436879161	10.2935671
34	-0.804818824	0.437135763	10.3130607
35	-0.804752686	0.437281602	10.3184894
36	-0.804778	0.437772338	10.3285551
37	-0.804788108	0.437953227	10.3341473
38	-0.804844632	0.437985601	10.3590386
39	-0.804821744	0.43794213	10.3676189
40	-0.8048012	0.438500738	10.3908762
41	-0.804836878	0.438555797	10.4043757
42	-0.804700381	0.438390061	10.378724
43	-0.804750326	0.438408416	10.3618454
44	-0.804768182	0.438674993	10.3543749
45	-0.804668978	0.438673145	10.3291166
46	-0.80464	0.438594731	10.3185876
47	-0.804685277	0.438465705	10.3197345
48	-0.804600667	0.438293465	10.2965798
49	-0.804653878	0.438227769	10.2947975
50	-0.80467344	0.438390375	10.2983847
51	-0.804700706	0.438531193	10.3089877
52	-0.804697692	0.43824509	10.30578
53	-0.804655698	0.438341525	10.3092478
54	-0.804642519	0.43864307	10.3041855
55	-0.804648727	0.438322736	10.3155069
56	-0.804677857	0.43799634	10.3177308
57	-0.804678316	0.43807857	10.3133131
58	-0.804613517	0.438244642	10.3042538
59	-0.804604475	0.438175621	10.2881446
60	-0.8045864	0.438478054	10.2865073
61	-0.804554754	0.438639966	10.2829635
62	-0.804552129	0.438643015	10.2859306
63	-0.804501968	0.43874449	10.2845793
64	-0.804583125	0.438465099	10.2842676
65	-0.804515077	0.438949695	10.2772647
66	-0.804528848	0.438804311	10.2756708
67	-0.804508537	0.439141047	10.2744681
68	-0.804462235	0.439022152	10.2754574
69	-0.804402899	0.439054811	10.2695757
70	-0.804372457	0.438916178	10.2606684
71	-0.804386141	0.438908005	10.2614863
72	-0.804396667	0.439195959	10.280211
73	-0.804394411	0.43916937	10.273543
74	-0.804413622	0.438922014	10.2730961
75	-0.804377493	0.439123891	10.2651825
76	-0.804446526	0.438968962	10.2718278
77	-0.804412987	0.439053705	10.2684686
78	-0.804436	0.439022422	10.272107
79	-0.804426329	0.439005508	10.2754386
80	-0.8043942	0.438893059	10.2650527
81	-0.804484543	0.43877512	10.2706429
82	-0.804462049	0.438819741	10.2747849
83	-0.804443759	0.438708758	10.2675499
84	-0.804402667	0.438710473	10.2637855
85	-0.804348894	0.438783489	10.2597748
86	-0.804301023	0.438980656	10.2590004
87	-0.804377379	0.439011153	10.273388
88	-0.804292909	0.438907421	10.2518664
89	-0.804285843	0.43901803	10.2583642
90	-0.804242133	0.439180954	10.2529131
91	-0.804285187	0.43900695	10.2495097
92	-0.804327043	0.438784602	10.2549896
93	-0.804309591	0.438564489	10.2522194
94	-0.804309532	0.438411462	10.2545149
95	-0.804306947	0.438244665	10.2520639
96	-0.804303167	0.437915705	10.246827
97	-0.804318515	0.437869617	10.2514982
98	-0.804306694	0.437857855	10.2554181
99	-0.80433204	0.437944901	10.2648148
100	-0.8043476	0.437801237	10.2647113
101	-0.804376792	0.437810227	10.2697956
102	-0.804362902	0.437827361	10.2574504
103	-0.804371107	0.437919075	10.2598102
104	-0.804376769	0.437688394	10.2569943
105	-0.804435048	0.43760595	10.2550671
106	-0.804427472	0.437694834	10.2528315
107	-0.80443985	0.437420563	10.2518648
108	-0.804468074	0.437676688	10.2638843
109	-0.804451229	0.43757683	10.2610452
110	-0.804413891	0.43751565	10.2555211
111	-0.804421838	0.437485597	10.2523595
112	-0.804446571	0.437362607	10.2545244
113	-0.80449154	0.437221857	10.259953
114	-0.804492351	0.437143534	10.2647223
115	-0.804453009	0.437275039	10.2638006
116	-0.804425103	0.437220945	10.2593919
117	-0.804385709	0.437114512	10.2623736
118	-0.804443729	0.437243214	10.2716316
119	-0.804411563	0.437033296	10.2630419
120	-0.804381467	0.437086825	10.2592279
121	-0.80437481	0.437083645	10.2564339
122	-0.804404787	0.437056288	10.26204
123	-0.804396358	0.437187104	10.2637773
124	-0.80442929	0.437127635	10.2681738
125	-0.804422016	0.437235676	10.2695184
126	-0.804426349	0.437396807	10.2766128
127	-0.80444485	0.437448648	10.2826095
128	-0.804475625	0.437510762	10.2847071
129	-0.804484465	0.437584332	10.2892728
130	-0.804470462	0.437490902	10.2861702
131	-0.804479023	0.437523216	10.2815665
132	-0.804447939	0.437473227	10.2734461
133	-0.804449624	0.437504818	10.2715042
134	-0.80442203	0.437529812	10.2763264
135	-0.804435733	0.437426675	10.2763153
136	-0.804424529	0.437294906	10.2685935
137	-0.804457343	0.43740352	10.2727456
138	-0.804450435	0.437429582	10.2720573
139	-0.804446849	0.437202538	10.2649032
140	-0.804439829	0.437260827	10.2656858
141	-0.804438411	0.437188468	10.2702244
142	-0.804433408	0.437269136	10.2686242
143	-0.804420364	0.437284972	10.2711905
144	-0.804396167	0.437233354	10.2656287
145	-0.804375283	0.437368386	10.2569252
146	-0.804413808	0.437424361	10.2692566
147	-0.80440468	0.437303679	10.2613971
148	-0.804389081	0.437206485	10.2608963
149	-0.804390282	0.437124982	10.2644983
150	-0.804388533	0.436962387	10.2649195
151	-0.804401166	0.436830905	10.2689395
152	-0.804400895	0.436838447	10.2682268
153	-0.804420235	0.436883863	10.2731261
154	-0.804427481	0.436803693	10.2722001
155	-0.804439639	0.436787675	10.2741664
156	-0.804440513	0.436714005	10.2652287
157	-0.804415694	0.436619194	10.2649345
158	-0.804409823	0.436566452	10.2638455
159	-0.804397585	0.436580845	10.2650233
160	-0.80442205	0.436493708	10.2639294
161	-0.804403727	0.43651625	10.2586677
162	-0.804430963	0.436569228	10.2639441
163	-0.804444123	0.436613769	10.2645305
164	-0.804462634	0.436619259	10.2632947
165	-0.804477236	0.436626511	10.2638622
166	-0.804462699	0.436620141	10.2642191
167	-0.804476359	0.436791174	10.2696062
168	-0.804501095	0.436803707	10.2678198
169	-0.80453955	0.436798645	10.2793098
170	-0.804560376	0.436865463	10.2881919
171	-0.804553684	0.436869069	10.289516
172	-0.804555209	0.436755951	10.2865062
173	-0.804568925	0.436858169	10.2923341
174	-0.804598989	0.436857707	10.2930628
175	-0.804595154	0.436829698	10.2886505
176	-0.804571364	0.436772344	10.2858455
177	-0.804580339	0.436815402	10.2885312
178	-0.804589528	0.4368857	10.2932424
179	-0.804608402	0.436863658	10.2950404
180	-0.804626489	0.43685735	10.3003701
181	-0.804620376	0.436733088	10.2950875
182	-0.804614154	0.436736601	10.2955285
183	-0.804613333	0.436666218	10.2947086
184	-0.804606304	0.436683322	10.2937562
185	-0.8046384	0.436747544	10.299958
186	-0.80462172	0.436596984	10.2942179
187	-0.804599016	0.436737773	10.289379
188	-0.804600979	0.436705099	10.291229
189	-0.804607577	0.436688056	10.2916945
190	-0.804638147	0.436675749	10.2950778
191	-0.804641885	0.436607883	10.2929331
192	-0.804649833	0.436538525	10.2886771
193	-0.804646052	0.436546326	10.2906155
194	-0.804643918	0.436675013	10.2954593
195	-0.804646564	0.43669022	10.2928216
196	-0.804663796	0.436553496	10.2924284
197	-0.804656041	0.436671889	10.2916866
198	-0.804659475	0.436694686	10.2926172
199	-0.804647477	0.436695897	10.2945308
200	-0.8046514	0.436685236	10.291753
