1	-0.85056	0.437688	15.59064
2	-0.849744	0.44973036	15.402615
3	-0.84944	0.444922213	15.41868
4	-0.848438	0.452802859	15.2653475
5	-0.8486224	0.450333387	15.323288
6	-0.848433333	0.447681076	15.3221033
7	-0.848586286	0.451232819	15.3437571
8	-0.84925	0.448611736	15.4659738
9	-0.849417778	0.450333196	15.4487822
10	-0.8495672	0.450819628	15.549635
11	-0.849313455	0.451214476	15.5447991
12	-0.850011333	0.450088886	15.6942267
13	-0.850027077	0.448627922	15.5979977
14	-0.849982857	0.447467722	15.5360607
15	-0.849559467	0.447547835	15.5332473
16	-0.8496885	0.449631968	15.64996
17	-0.849553412	0.449578977	15.6265688
18	-0.849324444	0.448627078	15.5256578
19	-0.849343158	0.448145626	15.4713068
20	-0.8492768	0.448082344	15.478601
21	-0.849229333	0.446820988	15.4257019
22	-0.849377455	0.447968507	15.4942841
23	-0.849372522	0.447426188	15.473523
24	-0.849215333	0.445985514	15.3663146
25	-0.8492112	0.445288629	15.3939712
26	-0.849205538	0.44389028	15.38119
27	-0.849023111	0.443835784	15.34217
28	-0.848965714	0.443722125	15.3201704
29	-0.849003586	0.443958851	15.3444641
30	-0.8488928	0.44383954	15.324707
31	-0.848908903	0.444115962	15.3605452
32	-0.84899225	0.444255493	15.3613456
33	-0.848916121	0.444284705	15.3346358
34	-0.848929412	0.444152619	15.3369253
35	-0.848920229	0.443237148	15.3230103
36	-0.849078	0.443627696	15.3677767
37	-0.849100108	0.443664762	15.3813522
38	-0.849078316	0.443998696	15.3933484
39	-0.849120615	0.444159206	15.4130062
40	-0.8490964	0.444456681	15.4080248
41	-0.849100293	0.443593268	15.3603866
42	-0.848963048	0.443266775	15.3156957
43	-0.848883349	0.442586284	15.2481956
44	-0.848806	0.442423047	15.2365655
45	-0.848655822	0.443124142	15.2161938
46	-0.848633565	0.443255127	15.2092461
47	-0.848561532	0.44276562	15.1703366
48	-0.848541833	0.44273443	15.1690348
49	-0.848671673	0.442721404	15.18283
50	-0.84858416	0.442811139	15.1544638
51	-0.848522039	0.442921868	15.1511716
52	-0.848539385	0.442663017	15.1455292
53	-0.848553208	0.442894537	15.1534136
54	-0.84856163	0.442979094	15.1611922
55	-0.848580218	0.442834456	15.1638495
56	-0.848530286	0.442454132	15.1393632
57	-0.848615439	0.442676961	15.1707072
58	-0.848525793	0.442376295	15.1437643
59	-0.848507932	0.44218243	15.1381085
60	-0.8485412	0.442248225	15.1659978
61	-0.848511475	0.44181487	15.1599897
62	-0.848491484	0.441677834	15.14761
63	-0.848438857	0.441431471	15.1421403
64	-0.848432625	0.441373164	15.1442056
65	-0.848427569	0.441480026	15.154728
66	-0.848391152	0.441100252	15.1398829
67	-0.848365612	0.441125082	15.1522503
68	-0.848323059	0.441040312	15.15408
69	-0.848330319	0.440787075	15.1669293
70	-0.848372686	0.440544849	15.1558801
71	-0.848349183	0.440597581	15.157071
72	-0.848337222	0.440140941	15.1244224
73	-0.84840537	0.440187716	15.1362137
74	-0.848395243	0.440207757	15.1455162
75	-0.84843584	0.440047327	15.1532408
76	-0.848420842	0.439810406	15.1446721
77	-0.848454857	0.439813881	15.1560877
78	-0.848452513	0.439649013	15.1277555
79	-0.848454886	0.439566975	15.1361085
80	-0.8484364	0.439711114	15.138814
81	-0.848431704	0.439863813	15.1305223
82	-0.848442244	0.440024606	15.1449662
83	-0.84836453	0.439957321	15.128406
84	-0.848394095	0.44004719	15.1338779
85	-0.848378165	0.440174023	15.1411049
86	-0.84829107	0.440270702	15.1280707
87	-0.848308138	0.44028062	15.1248805
88	-0.848258727	0.440235668	15.1165545
89	-0.848206202	0.440049835	15.1061433
90	-0.848166756	0.440316019	15.1128606
91	-0.848164747	0.440323755	15.1130386
92	-0.848234522	0.440357555	15.132164
93	-0.848211269	0.440403921	15.1232281
94	-0.848227489	0.440480949	15.1367917
95	-0.848236716	0.440555094	15.1278668
96	-0.848277417	0.440561587	15.1471692
97	-0.848291629	0.440845135	15.15338
98	-0.848264163	0.440806409	15.1518935
99	-0.84825002	0.440734821	15.1451484
100	-0.84825832	0.440798561	15.1475714
1	-0.850392	0.439412995	15.59679
2	-0.849504	0.447481675	15.39844
3	-0.849096	0.443952408	15.4258567
4	-0.848086	0.452065026	15.2730925
5	-0.8483344	0.449972465	15.329454
6	-0.848129333	0.447686601	15.3218167
7	-0.848419429	0.450736444	15.3430343
8	-0.849077	0.448629326	15.466435
9	-0.849261333	0.450281087	15.44885
10	-0.8494336	0.450745414	15.548185
11	-0.849186182	0.450871321	15.5416055
12	-0.849866667	0.449825978	15.6903083
13	-0.849884308	0.448380655	15.5963269
14	-0.849797143	0.448002433	15.5364136
15	-0.849409067	0.448096601	15.537214
16	-0.849549	0.450259334	15.6540063
17	-0.849452706	0.449876984	15.6297253
18	-0.849202222	0.448866618	15.5274672
19	-0.849235368	0.448668258	15.4739768
20	-0.8491768	0.44854583	15.48099
21	-0.849129524	0.447177807	15.4283795
22	-0.849261091	0.448254041	15.4957536
23	-0.849254609	0.447619665	15.4749187
24	-0.849111667	0.446420932	15.3686979
25	-0.8491168	0.44558329	15.3969708
26	-0.849114769	0.444273608	15.3851296
27	-0.84894637	0.444130874	15.3438396
28	-0.848879714	0.444123838	15.3200468
29	-0.84891669	0.444338958	15.343699
30	-0.8488128	0.444178389	15.3256933
31	-0.848839742	0.44446708	15.3637777
32	-0.84893925	0.444541701	15.3634434
33	-0.848863758	0.444632917	15.3372336
34	-0.848886353	0.444327594	15.3399365
35	-0.848872914	0.443451562	15.3251757
36	-0.849048444	0.443800657	15.3689578
37	-0.849069405	0.443991452	15.3816478
38	-0.849041895	0.444210624	15.3952971
39	-0.849084718	0.444548438	15.4150313
40	-0.8490668	0.444705463	15.4093855
41	-0.849066341	0.443979822	15.3620334
42	-0.848928	0.443733201	15.3178379
43	-0.848834605	0.443142081	15.2496244
44	-0.848756364	0.442939502	15.23728
45	-0.848611911	0.443509788	15.2164336
46	-0.848590609	0.443638911	15.2088787
47	-0.84851966	0.443091099	15.1700085
48	-0.848509667	0.442997532	15.1691825
49	-0.848645714	0.442925275	15.1822816
50	-0.8485552	0.443013247	15.1541212
51	-0.848496941	0.443069144	15.1506941
52	-0.848515538	0.44282844	15.1449254
53	-0.848521811	0.443076655	15.1525766
54	-0.848532593	0.443118287	15.1604357
55	-0.848544436	0.443069054	15.1621635
56	-0.848491	0.442642675	15.137547
57	-0.848575298	0.442843484	15.1683409
58	-0.848488828	0.442429973	15.1410383
59	-0.848478373	0.442123681	15.1348636
60	-0.848504533	0.442288492	15.1626833
61	-0.848477246	0.441842695	15.1570582
62	-0.848454323	0.441732496	15.144921
63	-0.848410032	0.441495372	15.140276
64	-0.848404	0.441548881	15.1422636
65	-0.848400615	0.441605319	15.1529912
66	-0.848369697	0.441105085	15.1387923
67	-0.848350806	0.441076013	15.150747
68	-0.848310235	0.440963234	15.1530997
69	-0.84832	0.440690496	15.1651759
70	-0.848362171	0.440438112	15.1539019
71	-0.848344901	0.440453373	15.1554692
72	-0.848336778	0.439948403	15.123355
73	-0.848398904	0.440019049	15.1358916
74	-0.848388541	0.440014054	15.1455055
75	-0.848428373	0.439879061	15.1537132
76	-0.848415158	0.439610838	15.1453955
77	-0.848452675	0.439608972	15.1567997
78	-0.848444513	0.439470105	15.1284946
79	-0.848446987	0.439370078	15.1370895
80	-0.8484251	0.439548542	15.1392261
81	-0.84841679	0.439700476	15.1305733
82	-0.848424488	0.439840155	15.1445755
83	-0.848343807	0.43977903	15.1282636
84	-0.848371714	0.439961131	15.1344335
85	-0.848353035	0.440078111	15.1413472
86	-0.848268744	0.440187724	15.1284741
87	-0.848277609	0.440223675	15.124871
88	-0.848228636	0.440161701	15.1168162
89	-0.84817591	0.440044414	15.1061799
90	-0.848139733	0.440315686	15.1129082
91	-0.848145495	0.440262607	15.1127523
92	-0.84820687	0.440360178	15.1316203
93	-0.848185204	0.440389688	15.1229603
94	-0.848199064	0.440475617	15.1360217
95	-0.848204379	0.440589361	15.1276842
96	-0.8482425	0.440610863	15.146882
97	-0.84825633	0.440881102	15.1533282
98	-0.848229061	0.440932968	15.152057
99	-0.848221172	0.440836839	15.1453177
100	-0.8482336	0.440859996	15.1478365
101	-0.848227644	0.440722267	15.146722
102	-0.848179216	0.440697592	15.1336869
103	-0.848169165	0.440860361	15.1264766
104	-0.848191692	0.44058254	15.1262742
105	-0.848237181	0.440483771	15.1362598
106	-0.848201509	0.440618818	15.1377893
107	-0.848229682	0.440604362	15.1475309
108	-0.848256889	0.440357617	15.1446073
109	-0.848278606	0.440385364	15.14652
110	-0.848235564	0.440462486	15.1431825
111	-0.848234306	0.440253628	15.1385572
112	-0.848201643	0.439921579	15.1250539
113	-0.848246513	0.43995934	15.1337481
114	-0.84826014	0.440072388	15.1412893
115	-0.84823687	0.440234924	15.1387916
116	-0.848218759	0.440349352	15.1400541
117	-0.848193846	0.440133991	15.1280794
118	-0.848231797	0.440279082	15.1371064
119	-0.848238924	0.440278492	15.147801
120	-0.848233	0.439917193	15.1272002
121	-0.848183669	0.43980589	15.1150387
122	-0.848198361	0.439802358	15.1157913
123	-0.848186341	0.439507802	15.1036537
124	-0.848225355	0.439535546	15.1092584
125	-0.848235904	0.439621932	15.1255707
126	-0.848238159	0.439620797	15.1249437
127	-0.848286173	0.439688693	15.1346231
128	-0.848290625	0.439688178	15.1275883
129	-0.848293767	0.43976069	15.1370807
130	-0.848321354	0.439662714	15.1460669
131	-0.848326412	0.439603032	15.1485354
132	-0.848314667	0.439533032	15.1431503
133	-0.848353805	0.439570524	15.1473561
134	-0.848344119	0.439652911	15.158258
135	-0.848351644	0.439641819	15.1596276
136	-0.848384765	0.439699142	15.1729418
137	-0.848351358	0.439553653	15.1573114
138	-0.848326377	0.439516098	15.1492072
139	-0.848316029	0.439375288	15.1411739
140	-0.848296	0.439246724	15.1371883
141	-0.848322383	0.439345825	15.1502911
142	-0.848317014	0.43947779	15.139368
143	-0.84831849	0.439555695	15.142681
144	-0.848304056	0.439640434	15.143454
145	-0.848277793	0.439587884	15.1397034
146	-0.848275945	0.439344406	15.1285329
147	-0.848264707	0.439400376	15.1323878
148	-0.848264757	0.439156145	15.1241455
149	-0.848256376	0.439231637	15.1257877
150	-0.848259147	0.439276924	15.1362213
151	-0.848293828	0.439307012	15.1428088
152	-0.848288579	0.439227756	15.1450883
153	-0.848291974	0.439039921	15.1403646
154	-0.848318805	0.438917525	15.1420695
155	-0.848340594	0.439035559	15.1536459
156	-0.848357231	0.438995629	15.153613
157	-0.848330344	0.439130138	15.1453597
158	-0.848318937	0.43898799	15.1463158
159	-0.848302491	0.438973652	15.148558
160	-0.8483118	0.438874498	15.1498004
161	-0.848346186	0.438803031	15.1592501
162	-0.848362074	0.438865567	15.1673838
163	-0.848383018	0.439012809	15.1824333
164	-0.84839078	0.438914961	15.1798015
165	-0.848422885	0.438867673	15.1817819
166	-0.848405639	0.43885362	15.1759408
167	-0.848421222	0.438989425	15.1885834
168	-0.84845781	0.438866094	15.1960061
169	-0.848466651	0.438985598	15.2040166
170	-0.848500612	0.439082495	15.2124168
171	-0.848464468	0.439076629	15.2014227
172	-0.848452186	0.43905495	15.1929223
173	-0.848454705	0.439222716	15.1977231
174	-0.848453701	0.439050711	15.1942967
175	-0.848459291	0.439174992	15.1957339
176	-0.848455773	0.439143304	15.1914427
177	-0.848436023	0.439157624	15.1841404
178	-0.848425843	0.438965009	15.1763661
179	-0.848450592	0.439058153	15.1848598
180	-0.848436578	0.438998966	15.1821265
181	-0.848413171	0.439071745	15.1783448
182	-0.848403297	0.439045144	15.1796339
183	-0.848410142	0.439092797	15.1880605
184	-0.84841287	0.438990092	15.1898125
185	-0.848415827	0.439084351	15.1906818
186	-0.84839557	0.439035845	15.1865059
187	-0.848385412	0.438869361	15.1787071
188	-0.84837017	0.438906329	15.176781
189	-0.848375069	0.438918194	15.1777215
190	-0.848386947	0.438936092	15.1772009
191	-0.848417089	0.438980777	15.1907876
192	-0.848444167	0.438989814	15.1980768
193	-0.848435399	0.438965713	15.1975423
194	-0.84843233	0.439009179	15.1979106
195	-0.848430482	0.43901354	15.1995905
196	-0.848473347	0.438977583	15.2079246
197	-0.848458437	0.438941177	15.2029753
198	-0.848472727	0.438911653	15.2052157
199	-0.848467136	0.438789323	15.2051075
200	-0.8484864	0.438717586	15.2114034
