1	-0.65048432	0.341070044	3.64635077	0.060216
2	-0.64956288	0.345629607	3.83746462	0.074744
3	-0.648538773	0.346726952	3.79088821	0.0745386667
4	-0.64762906	0.345699596	3.79351538	0.074653
5	-0.647296576	0.34460325	3.73477908	0.0693088
6	-0.6475768	0.344788889	3.74663179	0.0683066667
7	-0.648067417	0.344377337	3.76306725	0.0685137143
8	-0.64817586	0.345306196	3.755	0.067743
9	-0.648502089	0.346683479	3.75912821	0.0695933333
10	-0.64851464	0.346216705	3.73891692	0.068772
11	-0.648466036	0.347563277	3.7399642	0.0696290909
12	-0.648533147	0.347704096	3.74573333	0.0707573333
13	-0.648625803	0.34849031	3.74776473	0.071844
14	-0.648889474	0.348658006	3.75214418	0.0707022857
15	-0.648828331	0.349040114	3.73179077	0.0693365333
16	-0.648801045	0.34921394	3.74289115	0.06985225
17	-0.648611407	0.349212951	3.74232253	0.0698409412
18	-0.648610836	0.349086536	3.73875214	0.070364
19	-0.648842724	0.348868596	3.74251304	0.0701362105
20	-0.648970244	0.348648923	3.75067969	0.0707322
21	-0.648977223	0.348576479	3.7500844	0.0704801905
22	-0.649022058	0.34911114	3.7535821	0.0703392727
23	-0.64891633	0.348937437	3.74661057	0.0698686957
24	-0.648938287	0.348571537	3.74600564	0.0693976667
25	-0.648981808	0.348975569	3.75066855	0.0689944
26	-0.649066415	0.348954668	3.75147527	0.0694130769
27	-0.648890314	0.349191623	3.75356695	0.0697453333
28	-0.648960649	0.348908037	3.75678484	0.0705181429
29	-0.648981114	0.349137744	3.75484562	0.0704074483
30	-0.648978637	0.349345862	3.75378359	0.0705852
31	-0.64892081	0.349270434	3.75480695	0.0706985806
32	-0.648987888	0.349241138	3.75521173	0.070506875
33	-0.648962773	0.349145878	3.74839235	0.0704659394
34	-0.648935572	0.348891365	3.75041158	0.0704256471
35	-0.649026405	0.348752427	3.75119437	0.0703488
36	-0.649029833	0.348905442	3.75429316	0.070025
37	-0.648981477	0.349166331	3.75191834	0.0705441081
38	-0.648970931	0.349047058	3.74694057	0.0703044211
39	-0.64889431	0.349225235	3.74702959	0.0704180513
40	-0.648848194	0.349431762	3.74665892	0.0701997
41	-0.648866062	0.349698977	3.74250311	0.0698689756
42	-0.648929996	0.34965277	3.74306667	0.0692902857
43	-0.648999073	0.34979529	3.74719342	0.0694141395
44	-0.648978327	0.349872741	3.74338462	0.0690254545
45	-0.648854821	0.349826192	3.73902236	0.0687855111
46	-0.648902845	0.349875018	3.74101512	0.0685248696
47	-0.648850592	0.349812003	3.73590926	0.068648766
48	-0.648915663	0.349853833	3.73349	0.0684748333
49	-0.648997796	0.349793636	3.73490085	0.0685918367
50	-0.649026822	0.34987797	3.73657477	0.06838912
51	-0.649041835	0.34976655	3.73435391	0.068625098
52	-0.649052243	0.34987848	3.73542272	0.0681506154
53	-0.649045452	0.349832748	3.7354782	0.0682046792
54	-0.649009096	0.349636567	3.73368729	0.0684177778
55	-0.64910682	0.349680441	3.7363906	0.0683955636
56	-0.649107387	0.349792468	3.73802802	0.0684979286
57	-0.649132856	0.349845239	3.74069506	0.0687480702
58	-0.649047353	0.349957409	3.73822631	0.0683538621
59	-0.649049544	0.349899959	3.73965382	0.0679348475
60	-0.649061296	0.349981637	3.73750544	0.0678781333
61	-0.649062788	0.349892208	3.73620903	0.0677754754
62	-0.649043013	0.349681644	3.73491146	0.06737
63	-0.649143803	0.349626594	3.74347067	0.0676219048
64	-0.649156586	0.349636274	3.74143548	0.0676793125
65	-0.649127394	0.349692778	3.74173917	0.0678651077
66	-0.649057873	0.34977003	3.73728214	0.0678693939
67	-0.649116869	0.34969463	3.74142145	0.068416597
68	-0.649100154	0.349673016	3.7407914	0.0681724118
69	-0.649100739	0.349657049	3.74241382	0.0682543188
70	-0.649131001	0.349640672	3.74561512	0.0685100571
71	-0.64911535	0.349803478	3.74345508	0.0685843944
72	-0.649125958	0.349942634	3.74474889	0.0688367778
73	-0.649150045	0.35006342	3.74590145	0.0691241644
74	-0.649162121	0.35005794	3.74526503	0.0690952432
75	-0.649148385	0.349957095	3.74284496	0.0691525867
76	-0.64917014	0.34997019	3.74182065	0.0692754211
77	-0.649195061	0.350220896	3.74654545	0.0693426494
78	-0.649200377	0.350171099	3.74632505	0.0691265641
79	-0.649177466	0.350288993	3.74638084	0.0692631899
80	-0.649162154	0.350253118	3.74419923	0.0692677
81	-0.649154929	0.350173368	3.74157402	0.0692970864
82	-0.6491379	0.350095251	3.73841681	0.0691730732
83	-0.649131067	0.350127098	3.74007162	0.0693822651
84	-0.64913475	0.349992959	3.73833465	0.069428
85	-0.649151455	0.349910204	3.73899924	0.0694880471
86	-0.649126656	0.349765825	3.73766318	0.0694816279
87	-0.649136818	0.349743991	3.73953683	0.0694937931
88	-0.649086858	0.349819528	3.73889161	0.0695156364
89	-0.649133739	0.349932941	3.74042171	0.0696577528
90	-0.649153707	0.349950529	3.74171323	0.0695742222
91	-0.649138248	0.349911362	3.74192264	0.0695014066
92	-0.649153961	0.349854775	3.74221478	0.0696328261
93	-0.649138858	0.349800105	3.74161396	0.0695063656
94	-0.6491395	0.349910092	3.74201139	0.0694643404
95	-0.649150791	0.349862254	3.74177762	0.0693121684
96	-0.649139526	0.349873199	3.74298071	0.0693179583
97	-0.649127147	0.349982885	3.74375524	0.0694872577
98	-0.649139196	0.349984668	3.74525984	0.069514898
99	-0.649169112	0.349834663	3.74610511	0.0695626667
100	-0.649175412	0.349821245	3.74513902	0.0695986
1	-0.64991	0.346571061	3.64211077	0.0607
2	-0.6493366	0.347843198	3.83348	0.07443
3	-0.648648507	0.347955015	3.79217026	0.0741586667
4	-0.64782412	0.347519694	3.79984308	0.074506
5	-0.647438304	0.346224758	3.74140062	0.0694352
6	-0.647691893	0.347038438	3.75255385	0.0684613333
7	-0.648111154	0.346633877	3.76834462	0.0687577143
8	-0.64811274	0.348039289	3.75828615	0.067937
9	-0.648501182	0.348902864	3.76401026	0.0697702222
10	-0.648440272	0.348673996	3.74423508	0.0690136
11	-0.648488036	0.349546143	3.74632559	0.0698927273
12	-0.64859992	0.349285192	3.75279897	0.070896
13	-0.648681563	0.349089816	3.75330935	0.0719550769
14	-0.648983154	0.348767062	3.75704	0.0708434286
15	-0.648927557	0.349015881	3.73798359	0.0695245333
16	-0.648863615	0.349252426	3.75008346	0.07000575
17	-0.648637614	0.34945466	3.74879385	0.0700218824
18	-0.648631133	0.34994216	3.74590051	0.0706011111
19	-0.648879629	0.349830169	3.74992777	0.0704025263
20	-0.649023172	0.349473501	3.75887662	0.0709986
21	-0.649031699	0.349560393	3.75691575	0.0707278095
22	-0.649050062	0.349998618	3.75933175	0.070594
23	-0.648958967	0.349687069	3.75301057	0.0701396522
24	-0.648953863	0.349476501	3.75191154	0.0696431667
25	-0.648995891	0.349552802	3.75640025	0.06923456
26	-0.649056972	0.349433955	3.75596592	0.0696486154
27	-0.648892756	0.349453337	3.75762803	0.0700007407
28	-0.648970491	0.349072571	3.76072747	0.070796
29	-0.648991037	0.349333789	3.75974218	0.0706966897
30	-0.64900456	0.349567493	3.75795036	0.0708413333
31	-0.648935417	0.349587267	3.75941002	0.0709772903
32	-0.649026467	0.34949848	3.75987365	0.070760875
33	-0.649011362	0.349279906	3.75225044	0.0706529697
34	-0.648968628	0.349286664	3.75397267	0.0705725882
35	-0.649092617	0.349160148	3.75433424	0.0705051429
36	-0.649112707	0.349191337	3.75720205	0.0701797778
37	-0.649074999	0.349550424	3.7547817	0.0707012973
38	-0.649057716	0.349371912	3.7499153	0.0704752632
39	-0.648985321	0.349498594	3.7497783	0.0705993846
40	-0.64893827	0.349770633	3.74936354	0.0703735
41	-0.648947167	0.349962729	3.74580818	0.0700510244
42	-0.649039139	0.349954945	3.74750886	0.0694617143
43	-0.649081754	0.350056805	3.75151757	0.0695667907
44	-0.6490635	0.350206552	3.74748014	0.069175
45	-0.648945719	0.3502709	3.74283501	0.0688948444
46	-0.648988475	0.350371981	3.74485686	0.0686411304
47	-0.648957421	0.350278411	3.7395911	0.0687646809
48	-0.64900068	0.350409404	3.73679026	0.068584
49	-0.64909646	0.350399468	3.73813049	0.0686760816
50	-0.649114469	0.350576897	3.73979458	0.06845144
51	-0.649149426	0.350500506	3.73786896	0.0687026667
52	-0.649133755	0.350509538	3.73911373	0.0682262308
53	-0.649097597	0.35037106	3.73894734	0.068298717
54	-0.649068345	0.35019787	3.73666678	0.0684987407
55	-0.649154191	0.350119225	3.73960034	0.0685022545
56	-0.649157974	0.350347112	3.74164989	0.068613
57	-0.649191945	0.350347319	3.74378591	0.0688534035
58	-0.649112432	0.350547339	3.7412852	0.0684629655
59	-0.649133703	0.350429176	3.74204871	0.0680275254
60	-0.649113857	0.350616542	3.74046513	0.0679995333
61	-0.64908985	0.350567414	3.73870376	0.0678826885
62	-0.649066622	0.350348143	3.73760774	0.0674988387
63	-0.649182446	0.350281036	3.74547165	0.0677127619
64	-0.6492155	0.350279168	3.74306846	0.06775625
65	-0.649197204	0.35020813	3.74328691	0.0679278769
66	-0.649124297	0.350221766	3.73889408	0.06793
67	-0.649172677	0.350182959	3.74289791	0.068442806
68	-0.649156667	0.350206912	3.74225312	0.0681921765
69	-0.649149759	0.350171222	3.7440338	0.0682589565
70	-0.649174891	0.350105612	3.74721829	0.0685045714
71	-0.649175784	0.350185848	3.7452358	0.0685807324
72	-0.649173728	0.350345738	3.7463512	0.0688363889
73	-0.649195639	0.350330388	3.74679444	0.0691134795
74	-0.649189926	0.35023195	3.74644141	0.0690909189
75	-0.649185843	0.350207052	3.74411159	0.06914816
76	-0.649201062	0.350049279	3.74285692	0.0692688947
77	-0.649224196	0.350338939	3.74772819	0.0693552727
78	-0.649235045	0.350258421	3.74757688	0.0691522564
79	-0.649202321	0.350332324	3.74706773	0.0692907342
80	-0.649186024	0.35031122	3.74486046	0.0693012
81	-0.649188032	0.350269359	3.74244741	0.0693275062
82	-0.649166222	0.350169043	3.73931737	0.0691891707
83	-0.649167007	0.350252981	3.74086777	0.0694009639
84	-0.649178312	0.350199386	3.73947443	0.0694775238
85	-0.64918965	0.35008288	3.74000022	0.0695342588
86	-0.649173189	0.34994239	3.73896215	0.0695245581
87	-0.649178741	0.349994147	3.74105867	0.0695255632
88	-0.649134665	0.350060316	3.74047434	0.0695468636
89	-0.649173882	0.350198286	3.74189898	0.069678382
90	-0.649190219	0.35019169	3.74249819	0.0695820444
91	-0.649181623	0.350101959	3.74245816	0.0695119121
92	-0.649192733	0.350063653	3.74281893	0.0696453478
93	-0.649184652	0.349995655	3.74254319	0.0695164731
94	-0.649176068	0.350073026	3.74285512	0.0694629787
95	-0.649179754	0.350029788	3.74275977	0.0693034947
96	-0.649156792	0.35006844	3.74378397	0.06930625
97	-0.649139732	0.350260959	3.74435483	0.0694814433
98	-0.649159024	0.350341677	3.74607008	0.0695062857
99	-0.649192625	0.350190227	3.74675257	0.0695504646
100	-0.649200484	0.350097391	3.74543218	0.0695882
101	-0.649223508	0.350091712	3.74524789	0.0695001584
102	-0.64919318	0.350188989	3.74507529	0.0695256863
103	-0.64919942	0.350238594	3.74808406	0.0695088544
104	-0.649208129	0.350231651	3.74845089	0.0694987692
105	-0.649230859	0.350171568	3.74924196	0.0694286857
106	-0.649216491	0.350131106	3.74960552	0.0696547547
107	-0.649222261	0.350156263	3.75056138	0.0697186542
108	-0.649238129	0.350148013	3.75257379	0.0699360741
109	-0.649231299	0.350136251	3.7521412	0.0701117431
110	-0.649205016	0.35009119	3.75130903	0.0700580727
111	-0.649169766	0.35013794	3.74983551	0.0700306306
112	-0.649172576	0.35014789	3.75013643	0.0701466786
113	-0.649183267	0.350061365	3.75201509	0.070200531
114	-0.649181629	0.35003064	3.75165927	0.0701902456
115	-0.649166697	0.350073335	3.7511901	0.0701678957
116	-0.649164143	0.350112663	3.75028881	0.0700209655
117	-0.649117981	0.350121499	3.75048757	0.0699058803
118	-0.649108447	0.350106201	3.75100584	0.0698392881
119	-0.649104206	0.350176612	3.75252959	0.0700136807
120	-0.649108506	0.350176606	3.75212323	0.0701586333
121	-0.649073919	0.350181804	3.75148496	0.0700529917
122	-0.64908393	0.350121222	3.75104681	0.0700391148
123	-0.649074534	0.350126301	3.74918394	0.0699706016
124	-0.64906723	0.3501402	3.75034849	0.0701356774
125	-0.649061155	0.350169374	3.7517213	0.07017776
126	-0.649072069	0.350190437	3.75293353	0.0702542222
127	-0.649065288	0.350207159	3.75509892	0.0704738268
128	-0.649068719	0.350279011	3.75580851	0.0706453438
129	-0.649075631	0.350281957	3.75664768	0.0708141085
130	-0.6490682	0.350319395	3.75637155	0.0708192308
131	-0.649069437	0.350309959	3.75581863	0.0707878779
132	-0.649062606	0.350295178	3.75544373	0.0709
133	-0.649081078	0.350231705	3.75775218	0.0710614436
134	-0.649068178	0.350249194	3.75746342	0.0709969552
135	-0.649075065	0.350199634	3.75737459	0.0709443852
136	-0.649047132	0.350205921	3.75609973	0.0707977647
137	-0.649052011	0.350192942	3.75693965	0.0708458102
138	-0.649063715	0.350148196	3.75876718	0.0708350145
139	-0.649079769	0.350142829	3.75973468	0.0709006906
140	-0.649082238	0.350193763	3.75988035	0.0709804571
141	-0.649092326	0.350219402	3.7605023	0.0709907801
142	-0.649085679	0.350207808	3.75868992	0.0709994366
143	-0.649066034	0.350203984	3.75658561	0.0709464615
144	-0.649029007	0.350169167	3.75511303	0.0709614722
145	-0.649040966	0.350114446	3.75640628	0.0710717517
146	-0.649063906	0.350061156	3.75643178	0.0709651507
147	-0.649033221	0.350043358	3.75597794	0.0709644354
148	-0.649046669	0.350041027	3.75502798	0.0709307297
149	-0.649025212	0.350073094	3.75549927	0.070925047
150	-0.649001487	0.35004691	3.75486101	0.07087704
151	-0.648986379	0.35004838	3.75458877	0.0709242384
152	-0.648983018	0.350073838	3.75459308	0.0709667105
153	-0.64899199	0.350096982	3.75409283	0.071011268
154	-0.64896974	0.350099081	3.75335804	0.0710558182
155	-0.648958408	0.350018591	3.75298549	0.0710017032
156	-0.648976202	0.350056665	3.75350757	0.0711562308
157	-0.648945887	0.350056143	3.75393611	0.0712765096
158	-0.648932657	0.35003964	3.75323381	0.0711999494
159	-0.64890435	0.349974588	3.75289893	0.0711017862
160	-0.648911371	0.34988921	3.75176777	0.07107605
161	-0.648903734	0.349870472	3.75152516	0.0711345342
162	-0.648895831	0.349871098	3.75133052	0.0711668642
163	-0.648884464	0.349849317	3.75050771	0.0712023313
164	-0.648862997	0.349850405	3.75077884	0.0711596098
165	-0.648855612	0.349864312	3.74991978	0.0711660606
166	-0.648866437	0.349816851	3.75093412	0.0711700241
167	-0.648867504	0.349789442	3.75069859	0.0711476647
168	-0.64885776	0.34981101	3.75138509	0.0711736905
169	-0.648877638	0.349832633	3.75152801	0.0711742012
170	-0.648900517	0.34991244	3.7528952	0.0712940706
171	-0.648895624	0.349882611	3.75297036	0.071309848
172	-0.648916608	0.349917452	3.75260182	0.0712978372
173	-0.648916644	0.349844047	3.75175591	0.071265711
174	-0.648919175	0.349882197	3.75167399	0.0712093333
175	-0.648927058	0.349914031	3.75257108	0.0712443429
176	-0.64890534	0.349907442	3.75235878	0.0712419773
177	-0.648918607	0.349877218	3.75237083	0.0713088814
178	-0.648922498	0.349908103	3.75260235	0.0712597528
179	-0.648920202	0.349919267	3.75229143	0.0713464358
180	-0.648921934	0.349920456	3.75136684	0.0712633778
181	-0.648916355	0.349937081	3.75207793	0.0712785414
182	-0.64890745	0.349946536	3.75263202	0.0713439121
183	-0.648911283	0.349925806	3.75323928	0.0714220984
184	-0.64892495	0.349994529	3.75375244	0.071404
185	-0.648941083	0.350047647	3.7541743	0.0714844324
186	-0.648918736	0.349993348	3.7541019	0.0714034839
187	-0.648903326	0.350052242	3.75414608	0.0713609412
188	-0.648907851	0.350038507	3.75311624	0.0712138511
189	-0.648906979	0.350023891	3.7537558	0.071241037
190	-0.648906396	0.350029649	3.75331229	0.0712419158
191	-0.648913959	0.349971821	3.75314139	0.0713021571
192	-0.648903432	0.349911075	3.75184554	0.0712320208
193	-0.64891237	0.349977543	3.7520889	0.0712122694
194	-0.648882628	0.349954268	3.75141063	0.0711746804
195	-0.648878504	0.349933371	3.7508497	0.0711764923
196	-0.648896889	0.349904585	3.74995984	0.071171
197	-0.648901476	0.349913805	3.74970989	0.0712017056
198	-0.648898586	0.349911051	3.7492349	0.071167697
199	-0.648911725	0.349975346	3.75012246	0.0712244623
200	-0.648917021	0.349975078	3.75018609	0.07122304
