1	-0.8626832	0.500009704	18.89434	0.28696
2	-0.8633942	0.497544537	18.636905	0.30351
3	-0.864431813	0.49050937	18.5355833	0.299190667
4	-0.86259138	0.494616945	18.2093525	0.287369
5	-0.861957408	0.49438016	18.272448	0.2811504
6	-0.861418547	0.507710824	18.3638883	0.287794
7	-0.861250046	0.510227654	18.37679	0.286902286
8	-0.86191902	0.508009771	18.4747825	0.295851
9	-0.862191129	0.509836662	18.603	0.296400889
10	-0.862347952	0.508729719	18.67237	0.3000776
11	-0.862354604	0.51334907	18.7947982	0.303839273
12	-0.86266778	0.513197849	18.9622042	0.300389
13	-0.862731945	0.510095131	18.9697423	0.302043385
14	-0.862443549	0.507946368	18.890705	0.293520286
15	-0.861504251	0.50539022	18.6107313	0.285772533
16	-0.86159774	0.503912147	18.5901175	0.284987
17	-0.86164864	0.504623256	18.6235165	0.288314353
18	-0.861717449	0.504914153	18.6502278	0.289383556
19	-0.861702265	0.504183041	18.5941147	0.287323789
20	-0.861593776	0.503909824	18.589487	0.2854288
21	-0.861505219	0.502964734	18.5655552	0.283851429
22	-0.861484829	0.503169808	18.5573555	0.285096
23	-0.861616915	0.50240828	18.5862126	0.284724
24	-0.861485	0.501518906	18.5312875	0.283183333
25	-0.861420074	0.502061122	18.5165204	0.28221968
26	-0.861480935	0.501727054	18.5249923	0.281816
27	-0.861274924	0.502846432	18.5117241	0.281257333
28	-0.861210389	0.502852552	18.5214593	0.280376571
29	-0.861123539	0.501492457	18.5118397	0.280149379
30	-0.861011477	0.500886232	18.531804	0.279173867
31	-0.861152077	0.500867103	18.5532097	0.279900645
32	-0.861462798	0.501144406	18.6410684	0.282527375
33	-0.861341324	0.501802607	18.6364085	0.281975273
34	-0.861260468	0.501817596	18.6052685	0.281305765
35	-0.861431575	0.502723323	18.6657069	0.283395886
36	-0.861480533	0.50308255	18.6671633	0.283148889
37	-0.861538214	0.502243715	18.6522368	0.282186378
38	-0.861810059	0.502233101	18.75267	0.284566105
39	-0.861797883	0.502351899	18.7639862	0.284673641
40	-0.861792074	0.502241736	18.7730907	0.2846537
41	-0.861905543	0.500988608	18.7630378	0.28562839
42	-0.861867324	0.500525073	18.7438069	0.285347143
43	-0.861945146	0.500616245	18.7613874	0.286922419
44	-0.861990284	0.500539283	18.7729136	0.288341455
45	-0.861860834	0.500741971	18.7705358	0.287975022
46	-0.86192987	0.501403545	18.8088346	0.28911087
47	-0.861775537	0.500958036	18.762523	0.287304511
48	-0.861660893	0.500848066	18.7388412	0.286269667
49	-0.861679874	0.500638868	18.7177451	0.285961061
50	-0.861562533	0.500354907	18.6751322	0.28533464
51	-0.861519462	0.50083418	18.6723931	0.285541725
52	-0.861418186	0.500075827	18.6408729	0.284547769
53	-0.861392146	0.500270794	18.6327111	0.283569585
54	-0.861322644	0.500052814	18.6185276	0.28228037
55	-0.86129945	0.499882229	18.6100287	0.281939782
56	-0.861334134	0.500526776	18.6412557	0.282363857
57	-0.861298481	0.500745835	18.6178196	0.281948632
58	-0.861420968	0.500893399	18.6580003	0.282476
59	-0.861296332	0.500638034	18.6225849	0.281575932
60	-0.861346392	0.500551852	18.646169	0.282566267
61	-0.861442881	0.500763504	18.6912716	0.284248984
62	-0.861352775	0.500168076	18.6747147	0.283929097
63	-0.861391102	0.500465747	18.6939157	0.285028127
64	-0.861391864	0.500085487	18.6741548	0.285468188
65	-0.861425922	0.500247917	18.6993782	0.285794585
66	-0.861416703	0.499439116	18.6848648	0.285580606
67	-0.861353373	0.499510658	18.6589424	0.285507463
68	-0.861272832	0.499568622	18.6448054	0.285094529
69	-0.861282307	0.49953384	18.6618487	0.285089275
70	-0.861296897	0.49937107	18.6482873	0.285364857
71	-0.861303795	0.498950029	18.6549823	0.285426366
72	-0.861340452	0.498638438	18.6678699	0.2857115
73	-0.861428911	0.498765785	18.6907442	0.286514027
74	-0.861378421	0.49938421	18.6814007	0.285980486
75	-0.861370647	0.498902293	18.6817184	0.28564704
76	-0.861457166	0.499273662	18.7046608	0.286532
77	-0.861543571	0.499553184	18.7337806	0.287947377
78	-0.861611811	0.500229366	18.7635762	0.288964923
79	-0.861613548	0.50073526	18.7714495	0.28963438
80	-0.861583569	0.500511424	18.7692804	0.28981845
81	-0.861576036	0.500143068	18.7589536	0.289349926
82	-0.861543945	0.500373235	18.7433498	0.289246049
83	-0.86146393	0.500222916	18.7241389	0.289413349
84	-0.861448607	0.49992912	18.7076611	0.289006524
85	-0.861466185	0.500093535	18.7229169	0.289271624
86	-0.861336903	0.500067964	18.692395	0.288040512
87	-0.86135793	0.499897366	18.6911654	0.28776777
88	-0.861308189	0.499657101	18.6613564	0.287414
89	-0.861332226	0.499658232	18.6587684	0.287456225
90	-0.861250585	0.499365542	18.6286453	0.2868848
91	-0.861207139	0.499321112	18.620494	0.286717407
92	-0.861323357	0.499334529	18.6478124	0.28725913
93	-0.861246246	0.49923959	18.6250014	0.286897247
94	-0.861237433	0.498982603	18.6215055	0.286620596
95	-0.861219166	0.49889308	18.6079164	0.286032
96	-0.861159738	0.498906253	18.6008995	0.285641042
97	-0.861164136	0.498893521	18.607557	0.285720206
98	-0.861214737	0.499206597	18.6269393	0.286540939
99	-0.861262825	0.499007116	18.6393899	0.287399838
100	-0.861244298	0.498902718	18.6351554	0.28727888
1	-0.86229432	0.505994502	18.72899	0.283516
2	-0.86307508	0.502279094	18.547205	0.301954
3	-0.864046693	0.49642669	18.4837633	0.298601333
4	-0.86226962	0.499096419	18.1660225	0.286981
5	-0.86170664	0.498418761	18.236162	0.280852
6	-0.86119848	0.510612424	18.3270533	0.287324
7	-0.861143246	0.51161332	18.3535286	0.286705143
8	-0.86184953	0.508882402	18.4511738	0.2956265
9	-0.862132631	0.511032185	18.5821967	0.296276
10	-0.862298056	0.510289787	18.652087	0.2999828
11	-0.862314036	0.514083426	18.7754764	0.303774545
12	-0.86261198	0.513698554	18.9465108	0.300265667
13	-0.862661754	0.510746573	18.95587	0.301918462
14	-0.862348891	0.508883071	18.8808029	0.293416
15	-0.861418107	0.50617768	18.6013913	0.285652
16	-0.861514895	0.504916906	18.5799181	0.28489475
17	-0.861578104	0.505736931	18.6139441	0.288222824
18	-0.861622782	0.506062505	18.6401033	0.289272444
19	-0.861631187	0.50511911	18.5841479	0.287285684
20	-0.861527812	0.505072765	18.5818985	0.2853906
21	-0.861442709	0.50419213	18.5595405	0.283811619
22	-0.861407636	0.504479588	18.5520727	0.285090909
23	-0.861536226	0.503663112	18.5813361	0.284741739
24	-0.861409777	0.502822814	18.5254812	0.283222167
25	-0.861346832	0.503038777	18.5112612	0.2822536
26	-0.861420132	0.502408489	18.5188519	0.281837385
27	-0.861213893	0.503590078	18.5056589	0.281287259
28	-0.86115328	0.503598013	18.5169036	0.280406857
29	-0.861063721	0.502385108	18.5071762	0.280192966
30	-0.860962768	0.501832421	18.5289953	0.279231733
31	-0.861111752	0.501792471	18.5497445	0.27997471
32	-0.861442445	0.501835704	18.6376181	0.28258475
33	-0.861329968	0.502586248	18.63384	0.282025697
34	-0.861254435	0.502417527	18.6033879	0.281357059
35	-0.861426537	0.503405529	18.6644103	0.283452571
36	-0.86149404	0.503623683	18.66707	0.283202
37	-0.861544108	0.502948616	18.6528876	0.282264865
38	-0.861799036	0.503093557	18.7531979	0.284625474
39	-0.861794314	0.503321691	18.7649636	0.284731077
40	-0.861799296	0.503241396	18.7738075	0.2846948
41	-0.861909809	0.501948276	18.7649549	0.285685561
42	-0.86187169	0.501587805	18.7461212	0.285403524
43	-0.861936839	0.501751557	18.7629421	0.286972186
44	-0.861976742	0.501743543	18.7744409	0.288382545
45	-0.86184918	0.501790303	18.7715116	0.288023467
46	-0.861925866	0.50234074	18.8094433	0.28916287
47	-0.861776715	0.501948624	18.7629251	0.287354894
48	-0.861663487	0.501745758	18.7398458	0.286332667
49	-0.861681871	0.501515084	18.718378	0.286028245
50	-0.861560706	0.501260717	18.6762834	0.28539528
51	-0.861519484	0.501604407	18.6725245	0.285597725
52	-0.861411265	0.500861356	18.6412012	0.284586308
53	-0.861377011	0.501033899	18.6324211	0.283605283
54	-0.861303356	0.500758443	18.6186835	0.282315926
55	-0.861278153	0.500533751	18.6106058	0.281987636
56	-0.861308626	0.501283957	18.6418532	0.282409857
57	-0.861274771	0.501425287	18.6190446	0.281998175
58	-0.861401065	0.50149042	18.6589028	0.28251531
59	-0.861284244	0.501219207	18.6226908	0.281595254
60	-0.861330672	0.501176721	18.6463683	0.282580267
61	-0.861429024	0.501222691	18.6914228	0.28425777
62	-0.861336745	0.500664488	18.6740779	0.283934
63	-0.861377881	0.500949133	18.6927665	0.285046413
64	-0.861379171	0.50067561	18.6730448	0.285483562
65	-0.861406358	0.500837072	18.6980526	0.285794831
66	-0.86139871	0.500028043	18.6834194	0.285577939
67	-0.861336899	0.499964063	18.6568112	0.285489731
68	-0.861257972	0.500015443	18.6427271	0.285080941
69	-0.861265226	0.50004043	18.6594245	0.285069971
70	-0.861277446	0.499865817	18.6454567	0.285340857
71	-0.861291454	0.499406233	18.6522714	0.285400845
72	-0.861328198	0.499045445	18.66562	0.285687667
73	-0.861414061	0.499108134	18.6878714	0.28648389
74	-0.861365399	0.499742319	18.6787714	0.285945622
75	-0.861359156	0.499349817	18.6793841	0.285605813
76	-0.861445151	0.499724667	18.7021728	0.286483842
77	-0.861532702	0.499913517	18.7313496	0.287902649
78	-0.861599654	0.500618758	18.7613422	0.288926308
79	-0.861597195	0.501149822	18.7687633	0.289591392
80	-0.86156167	0.501004703	18.7666393	0.2897935
81	-0.861556572	0.500653788	18.7556789	0.289329827
82	-0.86152786	0.500848487	18.7396038	0.289212537
83	-0.861447538	0.500691898	18.7198678	0.289369687
84	-0.861426601	0.500470285	18.7031435	0.288963381
85	-0.861438621	0.500602225	18.7180589	0.289225176
86	-0.86131032	0.500516138	18.6873705	0.287985767
87	-0.861327544	0.50040139	18.6862954	0.287710529
88	-0.861278718	0.50014165	18.6567341	0.287358636
89	-0.861307421	0.500137502	18.6545784	0.287402517
90	-0.861224409	0.499838513	18.6243291	0.286833778
91	-0.861187425	0.499716974	18.6163387	0.286667956
92	-0.861298303	0.499826823	18.6435126	0.287206435
93	-0.861223117	0.499721713	18.6210867	0.286841892
94	-0.861210826	0.49949289	18.6175516	0.286566851
95	-0.861192171	0.499414435	18.6040588	0.285979074
96	-0.861127111	0.499435066	18.5966361	0.285580542
97	-0.861129412	0.499453426	18.6037466	0.285662351
98	-0.86117896	0.499762492	18.6227686	0.286482694
99	-0.86122998	0.499560991	18.6354192	0.287337374
100	-0.861212536	0.499451888	18.6309612	0.2872148
101	-0.861219377	0.499205421	18.623111	0.287242099
102	-0.861153255	0.499173166	18.5972075	0.286929412
103	-0.861158947	0.499175559	18.6033715	0.286762874
104	-0.861134009	0.499368804	18.5960098	0.286419692
105	-0.861143979	0.499203807	18.5877162	0.286627505
106	-0.861113891	0.499352183	18.6001107	0.286977547
107	-0.861158121	0.499542539	18.6226203	0.28747615
108	-0.861197194	0.499399284	18.6320561	0.287318963
109	-0.861261397	0.499441891	18.6371772	0.287807486
110	-0.861241202	0.49935611	18.6383621	0.288154655
111	-0.861242603	0.499174799	18.6379396	0.288184216
112	-0.861215154	0.499273607	18.6345179	0.288054143
113	-0.861270536	0.49942353	18.6469956	0.288188743
114	-0.861265496	0.499029141	18.6407763	0.287987088
115	-0.861307558	0.499094252	18.6516243	0.288351826
116	-0.86125349	0.499281639	18.6419049	0.288122793
117	-0.861220872	0.499268	18.6306094	0.287976957
118	-0.861235951	0.499580995	18.6342299	0.288163627
119	-0.861275161	0.499635677	18.6587188	0.288467294
120	-0.861257771	0.499582187	18.6548141	0.288348567
121	-0.861195151	0.499525681	18.6337509	0.288230281
122	-0.861243904	0.499592531	18.6438756	0.288260787
123	-0.861264933	0.499563753	18.6555205	0.288810862
124	-0.861337311	0.499561666	18.6753342	0.289404258
125	-0.861325355	0.499764247	18.6701081	0.289611744
126	-0.86136205	0.499936422	18.676063	0.28999454
127	-0.861393014	0.500016527	18.6702717	0.290097953
128	-0.861394148	0.500272178	18.6689302	0.289944875
129	-0.861430318	0.500357711	18.6763455	0.289968589
130	-0.861491146	0.500452024	18.6916408	0.289701938
131	-0.861563508	0.500446043	18.7080666	0.290306687
132	-0.861580716	0.500599715	18.7156618	0.290499455
133	-0.861571591	0.500388573	18.7133232	0.289472782
134	-0.861559391	0.500660066	18.7217536	0.289608358
135	-0.861549652	0.500747784	18.7135899	0.289645541
136	-0.861532084	0.500853508	18.7079988	0.289613
137	-0.861530924	0.50069827	18.7066774	0.289460058
138	-0.861514278	0.50056006	18.6990449	0.289412435
139	-0.861525526	0.500657951	18.7024928	0.28974682
140	-0.861500869	0.50061225	18.690038	0.289489143
141	-0.861502212	0.500531678	18.6882355	0.289507773
142	-0.861545784	0.500645107	18.6999113	0.289801859
143	-0.861488275	0.500800181	18.6843338	0.289398378
144	-0.86149564	0.500766584	18.6827874	0.289548667
145	-0.861451135	0.50061427	18.6637288	0.289342952
146	-0.861456228	0.500596864	18.6669871	0.289573041
147	-0.861449764	0.500501622	18.6682574	0.289456925
148	-0.86146186	0.500238399	18.6709917	0.289352459
149	-0.861449914	0.500408526	18.675847	0.289556107
150	-0.861428696	0.500434405	18.6696751	0.289288133
151	-0.861441324	0.500501629	18.673517	0.289295338
152	-0.861431269	0.500431589	18.6628533	0.289163474
153	-0.861449879	0.50039614	18.6652337	0.289314876
154	-0.861445817	0.500471765	18.6627881	0.288968753
155	-0.861438522	0.500548495	18.6641049	0.288744155
156	-0.861462803	0.500520991	18.663488	0.28919141
157	-0.861445285	0.500372141	18.6588103	0.289191618
158	-0.861486303	0.50038881	18.6803906	0.289697418
159	-0.861482418	0.500215537	18.6799971	0.289537258
160	-0.86148966	0.499859065	18.6733986	0.289390475
161	-0.861514572	0.49990201	18.6782665	0.289659056
162	-0.86152624	0.499819218	18.6784435	0.289978691
163	-0.86152015	0.499804145	18.6736367	0.290203804
164	-0.861554913	0.499766673	18.6865234	0.290399317
165	-0.861584102	0.499870986	18.6919308	0.290523903
166	-0.861591312	0.49984621	18.6956484	0.290399325
167	-0.861563847	0.49972154	18.6843337	0.290338467
168	-0.861569944	0.499637444	18.6840139	0.290368619
169	-0.861610455	0.499800117	18.6975903	0.290766533
170	-0.861640988	0.499986574	18.7051528	0.290839976
171	-0.861643151	0.5000867	18.7111471	0.290880351
172	-0.86163815	0.500098083	18.7074139	0.290758674
173	-0.861646117	0.500066029	18.7103738	0.290856139
174	-0.861646567	0.49993977	18.7035021	0.290755954
175	-0.861659142	0.500040475	18.7048528	0.291135406
176	-0.861669887	0.500189126	18.71342	0.291205727
177	-0.861684258	0.500205516	18.7172341	0.291379006
178	-0.861693715	0.49994866	18.7163575	0.29161382
179	-0.861724982	0.499740745	18.7157461	0.291632335
180	-0.861695307	0.499624683	18.7035891	0.291403111
181	-0.861692784	0.499848291	18.7121801	0.291472331
182	-0.861679989	0.499713026	18.7073818	0.291304923
183	-0.861677998	0.499723391	18.706822	0.290938142
184	-0.861675407	0.499673813	18.7103695	0.290922522
185	-0.861681808	0.499611591	18.7088845	0.290881751
186	-0.861650171	0.499639388	18.7005291	0.290555849
187	-0.861652947	0.499700728	18.7006528	0.290792813
188	-0.861676245	0.499772322	18.711857	0.291127128
189	-0.861651357	0.499412853	18.6970297	0.290940339
190	-0.861662425	0.499542164	18.7027095	0.291146505
191	-0.861678691	0.499538251	18.7055808	0.291151288
192	-0.86168401	0.499561542	18.7020206	0.2912005
193	-0.861636462	0.499625602	18.6895992	0.291085264
194	-0.861642115	0.499787423	18.6945598	0.291452165
195	-0.861613294	0.49962232	18.6872762	0.291343672
196	-0.861628598	0.499554968	18.687648	0.291372755
197	-0.861639615	0.499679843	18.6932558	0.291605096
198	-0.861679543	0.499832954	18.7093744	0.291938747
199	-0.861681853	0.499779082	18.7147608	0.291877588
200	-0.861705294	0.500008401	18.723238	0.2922827
