1	-0.937296	0.444140053	46.7173733
2	-0.939272	0.433917422	48.3447867
3	-0.940616	0.432343262	48.9980844
4	-0.938544	0.425491489	46.97275
5	-0.9365056	0.422686638	45.3846347
6	-0.934873333	0.433758982	44.4300667
7	-0.933358857	0.435583691	43.4102933
8	-0.933006	0.429930742	43.0952617
9	-0.933148444	0.427504071	43.0801733
10	-0.9332608	0.426511303	43.0189787
11	-0.933472	0.43066708	43.2644691
12	-0.933821333	0.427729813	43.4545633
13	-0.933606154	0.428783839	43.4455087
14	-0.933440571	0.424860599	43.1869448
15	-0.9336416	0.425561004	43.4670622
16	-0.93336	0.422816683	43.1042383
17	-0.933556235	0.424452006	43.2889796
18	-0.933803111	0.42359603	43.4521459
19	-0.934295579	0.423733771	43.8286646
20	-0.9343712	0.423602827	43.8938793
21	-0.934201905	0.423415219	43.7561549
22	-0.933914182	0.424456646	43.5670848
23	-0.934046957	0.426048912	43.7667936
24	-0.934119	0.426315843	43.820595
25	-0.93414368	0.425791933	43.8094517
26	-0.934372923	0.425112698	43.9513097
27	-0.934293926	0.425169956	43.9250919
28	-0.934164	0.424945879	43.8671605
29	-0.933937931	0.426177814	43.7532593
30	-0.9339648	0.424918065	43.6931164
31	-0.934079742	0.424621645	43.7757858
32	-0.93434725	0.424777524	43.9686971
33	-0.934304727	0.424673714	43.9523523
34	-0.934367059	0.424046106	43.9333243
35	-0.934193829	0.424152104	43.8003981
36	-0.934190444	0.423529587	43.7622004
37	-0.934311351	0.423188454	43.8432829
38	-0.934289474	0.424222857	43.8425793
39	-0.93443159	0.423835276	43.9416981
40	-0.9344684	0.42340114	43.9403367
41	-0.93467278	0.422831088	44.0708693
42	-0.934454667	0.421520354	43.8701762
43	-0.934483535	0.421968833	43.9033107
44	-0.934552364	0.422943941	43.9545833
45	-0.934451378	0.423288396	43.9182279
46	-0.934311652	0.423598357	43.8464948
47	-0.934310809	0.42350049	43.8623705
48	-0.934341333	0.4236389	43.8727858
49	-0.934438367	0.423945993	43.9530444
50	-0.9344808	0.423647536	43.9695987
51	-0.934390275	0.422582501	43.8690507
52	-0.934398462	0.423196102	43.9068846
53	-0.934536	0.423073824	43.9911117
54	-0.93454637	0.422987145	43.9940395
55	-0.934587055	0.423144291	44.0122017
56	-0.934508	0.422328953	43.8986871
57	-0.934599439	0.4220111	43.943883
58	-0.934512	0.422123785	43.8717195
59	-0.93456339	0.422631781	43.9221089
60	-0.9344596	0.421871509	43.817898
61	-0.934320131	0.422510623	43.7432435
62	-0.934358323	0.42219466	43.7463989
63	-0.934345905	0.421654736	43.7101238
64	-0.93427075	0.421594039	43.6773219
65	-0.934275323	0.420951937	43.6804209
66	-0.93428	0.42058959	43.6570743
67	-0.934250985	0.421009611	43.6254903
68	-0.934263529	0.420987634	43.6492584
69	-0.934280232	0.421819268	43.6782093
70	-0.934356914	0.421714303	43.721321
71	-0.934371493	0.421748777	43.7380058
72	-0.934363667	0.422009788	43.7546137
73	-0.934383342	0.421974875	43.7426776
74	-0.934359351	0.42195374	43.7346865
75	-0.934545067	0.421665373	43.8861607
76	-0.934588526	0.421398155	43.9072367
77	-0.93467813	0.421559553	43.9810722
78	-0.934620923	0.421046028	43.9358145
79	-0.934648405	0.421059139	43.9591727
80	-0.9345824	0.420724651	43.9102402
81	-0.934515556	0.420043736	43.8093389
82	-0.934526146	0.420424999	43.8294106
83	-0.934530602	0.420049646	43.8341004
84	-0.934520381	0.420402422	43.8347527
85	-0.934554447	0.420680111	43.8634409
86	-0.934568744	0.420102411	43.8539953
87	-0.934565793	0.420191092	43.867452
88	-0.934508727	0.420404754	43.8250429
89	-0.934455011	0.420283486	43.7923184
90	-0.934466933	0.420388239	43.8351484
91	-0.934533538	0.420185257	43.8932067
92	-0.934552609	0.419735389	43.8837772
93	-0.934546753	0.419896322	43.8748004
94	-0.934513021	0.419796046	43.8486233
95	-0.934522863	0.420134215	43.8637708
96	-0.93453275	0.420520747	43.8977667
97	-0.934603216	0.42071751	43.9474106
98	-0.934491347	0.420753089	43.8842118
99	-0.934436848	0.420726378	43.8394743
100	-0.93441016	0.420565884	43.8088177
1	-0.937032	0.439620969	46.4648267
2	-0.939152	0.432075902	48.2379733
3	-0.940477333	0.430723547	48.9278622
4	-0.938386	0.423904447	46.9192967
5	-0.9364208	0.420643735	45.3490747
6	-0.93478	0.43211321	44.3967911
7	-0.93328	0.434158974	43.3803848
8	-0.932952	0.42869552	43.0661933
9	-0.933096889	0.426637476	43.052677
10	-0.9332008	0.425687249	42.99064
11	-0.933424	0.429978429	43.2411636
12	-0.933778	0.426895278	43.4282244
13	-0.933565538	0.428186322	43.4149231
14	-0.933376	0.424661587	43.1573895
15	-0.933601067	0.425325727	43.4383609
16	-0.933319	0.42265926	43.0793433
17	-0.933514824	0.424254174	43.2653012
18	-0.933755111	0.423542324	43.4281681
19	-0.934253474	0.423670549	43.8070989
20	-0.934324	0.423485348	43.87461
21	-0.93416	0.423268755	43.7367937
22	-0.933872	0.424337758	43.5495497
23	-0.934013565	0.425678094	43.7481536
24	-0.934091667	0.425902916	43.8032844
25	-0.934128	0.425405244	43.7919381
26	-0.934362154	0.424709921	43.9352728
27	-0.934292741	0.424668246	43.9088711
28	-0.934158286	0.424354902	43.8504995
29	-0.933935172	0.425570704	43.7368
30	-0.933961333	0.424325577	43.6771756
31	-0.934067871	0.424120963	43.760883
32	-0.93433425	0.424307467	43.9537808
33	-0.934296485	0.424234447	43.9369414
34	-0.934362118	0.423650204	43.9184698
35	-0.934183314	0.423859266	43.7849611
36	-0.934185333	0.423296379	43.7479959
37	-0.934302486	0.422981648	43.8296847
38	-0.934276632	0.424023131	43.8289481
39	-0.934421744	0.423568962	43.9279333
40	-0.9344582	0.423173022	43.9273127
41	-0.934667707	0.422653319	44.0595672
42	-0.934450857	0.421311198	43.8606194
43	-0.934483535	0.42162007	43.8934515
44	-0.934545818	0.422768016	43.9440191
45	-0.934444267	0.423047243	43.9075739
46	-0.934303478	0.423370947	43.836429
47	-0.934306043	0.423323658	43.8535756
48	-0.9343335	0.423503636	43.8645917
49	-0.934427429	0.423801714	43.9444444
50	-0.93446928	0.423497373	43.9608867
51	-0.934379608	0.422402188	43.8602337
52	-0.934385538	0.423029343	43.8985295
53	-0.934520755	0.423017865	43.9824682
54	-0.934527852	0.422950329	43.985281
55	-0.9345696	0.423067579	44.0035372
56	-0.934492429	0.422260267	43.8906038
57	-0.934584	0.421952185	43.9368108
58	-0.934493931	0.422065821	43.8646218
59	-0.934547661	0.422566361	43.9140066
60	-0.934443733	0.42179477	43.8097313
61	-0.934304525	0.422438057	43.7361744
62	-0.934341677	0.422123496	43.7393617
63	-0.934332063	0.421518631	43.7029079
64	-0.934255	0.421522594	43.6710977
65	-0.934259569	0.420896262	43.6746841
66	-0.93426703	0.420520347	43.6514893
67	-0.934239164	0.421001801	43.6196691
68	-0.934250235	0.421015582	43.6435273
69	-0.934268522	0.421874329	43.6723714
70	-0.934342629	0.421780934	43.7160328
71	-0.934361127	0.421829735	43.7316421
72	-0.934350667	0.422126124	43.7472028
73	-0.934371616	0.422109148	43.736004
74	-0.934349081	0.422108065	43.7293205
75	-0.934535467	0.421798039	43.8811116
76	-0.934582632	0.421541606	43.9023981
77	-0.934675532	0.421680651	43.9766887
78	-0.934615077	0.421183888	43.9319397
79	-0.934643038	0.421182111	43.954785
80	-0.9345745	0.42087722	43.9063762
81	-0.934509136	0.420149178	43.805506
82	-0.934518829	0.420531145	43.8256924
83	-0.934522988	0.420177526	43.8307229
84	-0.934513714	0.420532923	43.8309798
85	-0.934547765	0.420789663	43.8588913
86	-0.934563349	0.420202269	43.8496135
87	-0.934561471	0.420239791	43.8631444
88	-0.934505636	0.42045278	43.8202233
89	-0.934454112	0.420333075	43.7875705
90	-0.934467111	0.420387231	43.8303784
91	-0.934533626	0.42015448	43.8881648
92	-0.934549478	0.419722269	43.8787293
93	-0.934541763	0.419879192	43.8696856
94	-0.934510043	0.419773808	43.8432159
95	-0.934521516	0.42006882	43.8583951
96	-0.9345295	0.420474407	43.892839
97	-0.934598928	0.42067708	43.942659
98	-0.934489306	0.420680844	43.8795041
99	-0.934435556	0.420630572	43.834802
100	-0.934408	0.420449902	43.8042115
101	-0.934418851	0.421069795	43.8295529
102	-0.934388863	0.421396876	43.8290735
103	-0.934421903	0.421621831	43.8620333
104	-0.934504923	0.422170688	43.9411277
105	-0.93453059	0.421810332	43.931294
106	-0.934579925	0.421461941	43.9778821
107	-0.934608	0.42134849	43.9878659
108	-0.934645481	0.421432446	44.0150989
109	-0.934712807	0.421344156	44.0634295
110	-0.9347232	0.421566416	44.05038
111	-0.934744072	0.421394794	44.0473611
112	-0.9347585	0.421305989	44.0516117
113	-0.934823858	0.421425655	44.1031513
114	-0.93482407	0.421603813	44.1032768
115	-0.934815443	0.421814838	44.1040217
116	-0.934844759	0.421746723	44.1188933
117	-0.934828786	0.421742363	44.1131763
118	-0.934945898	0.421734862	44.2066805
119	-0.934949849	0.421652061	44.2173306
120	-0.934880267	0.421279729	44.1585177
121	-0.93491795	0.421191658	44.1944867
122	-0.934897443	0.421063951	44.1722954
123	-0.934899187	0.42115732	44.188842
124	-0.934990452	0.420945927	44.2489958
125	-0.935006016	0.421111751	44.2606341
126	-0.934991619	0.421076176	44.238984
127	-0.935082205	0.421122341	44.3042133
128	-0.935028125	0.421357295	44.279754
129	-0.935066605	0.421160382	44.3010787
130	-0.935073415	0.421535317	44.3078788
131	-0.935041527	0.421690176	44.2759443
132	-0.935057636	0.421412367	44.2844159
133	-0.935084632	0.421256481	44.304566
134	-0.935067821	0.420923202	44.2890199
135	-0.935042311	0.420885338	44.2656391
136	-0.93506	0.420801915	44.2894985
137	-0.935045898	0.420504553	44.2581299
138	-0.935067768	0.420645917	44.2635927
139	-0.935116086	0.420491967	44.2880681
140	-0.935107886	0.420413626	44.2741795
141	-0.935120738	0.420645635	44.290338
142	-0.935154141	0.420772213	44.318388
143	-0.935183776	0.420750292	44.3502942
144	-0.935221444	0.420795343	44.3701006
145	-0.935180469	0.420833039	44.3479235
146	-0.935181425	0.421022936	44.3592694
147	-0.935250503	0.420837602	44.406491
148	-0.935254216	0.421030103	44.4163601
149	-0.93518443	0.421000016	44.376399
150	-0.935208	0.421136424	44.4052874
151	-0.935241695	0.420974881	44.424297
152	-0.935214211	0.421133807	44.4142539
153	-0.935253176	0.420858765	44.4347625
154	-0.935228623	0.42093363	44.4080142
155	-0.935241032	0.42096507	44.4118966
156	-0.935282615	0.42105537	44.4437801
157	-0.935337121	0.420769503	44.4703407
158	-0.935338076	0.420834501	44.4719423
159	-0.935326591	0.4208878	44.4720172
160	-0.935351	0.42095174	44.4884863
161	-0.935371478	0.420890973	44.4905908
162	-0.935356741	0.421132709	44.4851951
163	-0.935318773	0.42106123	44.4555387
164	-0.935348341	0.421089695	44.4640328
165	-0.935401552	0.421000868	44.4989495
166	-0.935374602	0.421091441	44.4871892
167	-0.935391904	0.420989518	44.4976073
168	-0.935421714	0.420945929	44.516024
169	-0.93542168	0.420924904	44.500606
170	-0.935422447	0.420755848	44.4979343
171	-0.935384187	0.42066191	44.4811618
172	-0.935399535	0.420590051	44.482774
173	-0.935391353	0.420564778	44.4759209
174	-0.935417149	0.420458583	44.4905724
175	-0.93540416	0.420570784	44.4887261
176	-0.935423636	0.420429596	44.5069349
177	-0.935429379	0.420242208	44.501427
178	-0.935446652	0.420167441	44.5042061
179	-0.935430704	0.420312131	44.498686
180	-0.935435422	0.42054441	44.513813
181	-0.935405525	0.42059886	44.4955209
182	-0.935388352	0.420662177	44.4802636
183	-0.935414601	0.420744019	44.5011749
184	-0.935438522	0.420815554	44.5229993
185	-0.935422659	0.420865778	44.5110044
186	-0.935403957	0.420869293	44.5007217
187	-0.935405176	0.420809118	44.4920386
188	-0.935425915	0.420810367	44.5126843
189	-0.935428952	0.420800906	44.5134221
190	-0.935403453	0.420769073	44.4902904
191	-0.935461906	0.420795341	44.5314348
192	-0.935487208	0.420966125	44.5493379
193	-0.935454632	0.420824216	44.5211241
194	-0.935403546	0.4206266	44.4713386
195	-0.935375467	0.420848568	44.4540451
196	-0.935426367	0.420768839	44.4848137
197	-0.935392569	0.420637188	44.460755
198	-0.935412566	0.420543664	44.4734802
199	-0.935402211	0.420644313	44.4702315
200	-0.93543464	0.420510616	44.4917467
