1	-0.5857676	0.294325262	2.53370133	0.05198
2	-0.585694	0.29684881	2.627424	0.0491
3	-0.5847284	0.295583119	2.62985422	0.0482866667
4	-0.5837385	0.29467828	2.59846267	0.048425
5	-0.583642	0.297007961	2.61210347	0.0481
6	-0.584024027	0.296925059	2.63733511	0.0464013333
7	-0.5846732	0.297225078	2.6468899	0.0474885714
8	-0.58488565	0.297728316	2.64100867	0.0477825
9	-0.584858809	0.297018519	2.6334163	0.0486737778
10	-0.584733552	0.296826444	2.63008747	0.0498376
11	-0.58461888	0.296956892	2.6334623	0.0496349091
12	-0.584454647	0.297257533	2.64146889	0.0497323333
13	-0.584575212	0.297375795	2.63777641	0.0497144615
14	-0.584745914	0.297656609	2.6330061	0.0500957143
15	-0.58461528	0.297368284	2.63649244	0.050044
16	-0.58449903	0.298005735	2.63696533	0.0498765
17	-0.584382692	0.297998193	2.63364831	0.0492522353
18	-0.5844388	0.297758471	2.63535941	0.0497622222
19	-0.584527549	0.298092323	2.63591775	0.0498932632
20	-0.584491616	0.29784514	2.63283627	0.0498408
21	-0.5845672	0.297931204	2.62958375	0.0496171429
22	-0.584545185	0.297689486	2.62808533	0.0502774545
23	-0.584527576	0.297357628	2.62442574	0.050170087
24	-0.58459203	0.297255199	2.62487222	0.0502515
25	-0.584564614	0.297497708	2.62318208	0.05018272
26	-0.584482151	0.297706897	2.62128718	0.0503998462
27	-0.584367573	0.297608776	2.61428899	0.0497564444
28	-0.584358451	0.297278586	2.612896	0.0500654286
29	-0.584326957	0.297456343	2.61464791	0.0499202759
30	-0.584304131	0.297263224	2.61405244	0.0500065333
31	-0.584310975	0.29748114	2.61074529	0.0499745806
32	-0.584318815	0.297585585	2.60719933	0.05009075
33	-0.584333275	0.297330216	2.60531976	0.0501789091
34	-0.584241414	0.297586082	2.60431827	0.0501412941
35	-0.584312295	0.29728173	2.60301973	0.0502204571
36	-0.584356836	0.297443549	2.60252296	0.0502862222
37	-0.584420476	0.297325389	2.60418595	0.0505156757
38	-0.584459156	0.297226359	2.60583677	0.0504841053
39	-0.584387625	0.297289347	2.60428759	0.0503453333
40	-0.584378698	0.297359309	2.60131267	0.0501349
41	-0.584411099	0.297298316	2.60171291	0.050067122
42	-0.584424979	0.297166828	2.59625879	0.0499822857
43	-0.584479648	0.297184149	2.59879181	0.0502056744
44	-0.584527398	0.296995175	2.59970097	0.0504335455
45	-0.584522626	0.297018842	2.601328	0.0505046222
46	-0.58452183	0.297064383	2.60047884	0.0503958261
47	-0.584508046	0.297124442	2.60213662	0.0505086809
48	-0.584581203	0.297227656	2.60216622	0.0507435
49	-0.584557905	0.297197247	2.60187483	0.0508258776
50	-0.584618731	0.297148142	2.60447691	0.05128856
51	-0.584624842	0.297150141	2.60627294	0.0515401569
52	-0.584613143	0.297106724	2.60688318	0.0516417692
53	-0.584612515	0.297164716	2.60575728	0.0518181887
54	-0.58450784	0.296996582	2.60441185	0.0518512593
55	-0.584525001	0.296950742	2.60448698	0.0516973091
56	-0.584498301	0.296821741	2.60196524	0.0516079286
57	-0.584517927	0.296753396	2.60238943	0.0514542456
58	-0.584496686	0.296852984	2.60499246	0.0514618621
59	-0.584473542	0.29689235	2.60690739	0.0515482712
60	-0.584465013	0.296884194	2.60689476	0.0515773333
61	-0.584466485	0.296753293	2.60665906	0.0513439344
62	-0.584524089	0.296793578	2.60518598	0.0514496129
63	-0.584523263	0.29671769	2.60401541	0.0512996825
64	-0.584532896	0.296631975	2.60309858	0.0513010625
65	-0.58452162	0.29663196	2.6038569	0.0515209846
66	-0.584470073	0.296586204	2.60236057	0.0514490909
67	-0.584447007	0.296511137	2.6040484	0.0515204776
68	-0.584449698	0.296548361	2.60365027	0.0515142941
69	-0.584479092	0.296446906	2.60395834	0.0514502609
70	-0.584445622	0.296434991	2.60305379	0.0514639429
71	-0.584454044	0.296306708	2.60267057	0.0513388169
72	-0.584430562	0.29631609	2.60285081	0.051367
73	-0.584413124	0.296294023	2.60171266	0.0512863562
74	-0.584465001	0.296307926	2.60283863	0.0513905946
75	-0.58447942	0.296317436	2.60445682	0.0515176533
76	-0.58445902	0.2962787	2.6047167	0.0515194211
77	-0.584482146	0.296302749	2.6052221	0.0515047273
78	-0.584495507	0.296395715	2.60533121	0.0514778974
79	-0.584471712	0.296441935	2.6059358	0.0514995443
80	-0.584477733	0.296448499	2.60523447	0.05144165
81	-0.584487381	0.296382187	2.60491635	0.0514752099
82	-0.584459408	0.296349471	2.60377034	0.0514191707
83	-0.584457268	0.29640313	2.60475759	0.0514706506
84	-0.584451243	0.296336841	2.60489314	0.0515145238
85	-0.584454632	0.296309382	2.6042048	0.0515362824
86	-0.584483756	0.296321744	2.60516664	0.0516901395
87	-0.584483087	0.296364912	2.60619065	0.0517451494
88	-0.584497933	0.296355095	2.605608	0.0517784545
89	-0.584519137	0.29648313	2.6077295	0.0518939326
90	-0.584512448	0.296512125	2.60880569	0.0518090667
91	-0.584499691	0.296451051	2.60798195	0.0516350769
92	-0.584495331	0.296522254	2.60703901	0.0515926522
93	-0.584482151	0.296460413	2.60632092	0.0515613333
94	-0.584492475	0.296527661	2.6061187	0.0514620426
95	-0.58445476	0.296505503	2.60599214	0.0514285053
96	-0.584442025	0.296522725	2.60591311	0.05148875
97	-0.584430934	0.296500953	2.60628624	0.0515796701
98	-0.584442768	0.296426663	2.60746694	0.0516322857
99	-0.584488074	0.296395788	2.60704453	0.0516360404
100	-0.584479538	0.296382554	2.60620293	0.05154092
1	-0.58598096	0.296298693	2.56135467	0.053048
2	-0.58572484	0.298128021	2.63976267	0.050042
3	-0.585014773	0.294890481	2.63437511	0.0487386667
4	-0.58411266	0.294992448	2.599788	0.048633
5	-0.584068384	0.296112435	2.6094976	0.0482992
6	-0.584347133	0.296734771	2.63436	0.04649
7	-0.584851669	0.296461262	2.64530514	0.0475548571
8	-0.58501098	0.296507637	2.63793333	0.047849
9	-0.585034613	0.295919357	2.63068563	0.0487973333
10	-0.584813504	0.295924476	2.62850133	0.0499552
11	-0.584735505	0.295830386	2.63082764	0.0497570909
12	-0.58463724	0.295911491	2.64011289	0.0497286667
13	-0.584737938	0.295894229	2.63551713	0.0497892308
14	-0.584959674	0.296431142	2.63218476	0.050298
15	-0.584767611	0.296185783	2.63529707	0.0502738667
16	-0.584701335	0.296628725	2.63741367	0.05001675
17	-0.584491407	0.296887141	2.63441004	0.0494409412
18	-0.5845394	0.296979263	2.63535852	0.0499255556
19	-0.584708973	0.297510739	2.63654091	0.0500591579
20	-0.584713404	0.297529607	2.63466533	0.0500302
21	-0.584854488	0.297446294	2.63070502	0.0498100952
22	-0.584839775	0.297462931	2.629984	0.0504614545
23	-0.584801224	0.297258989	2.62647328	0.0503742609
24	-0.584870207	0.297090979	2.62587422	0.0505103333
25	-0.584810378	0.296973043	2.62521451	0.05042288
26	-0.584709431	0.297056514	2.62374708	0.0506253846
27	-0.584597437	0.296893192	2.61719921	0.0499903704
28	-0.584594803	0.296655814	2.61608705	0.0503115714
29	-0.584532328	0.297245516	2.61752257	0.0501750345
30	-0.584524824	0.29733122	2.61756889	0.0502545333
31	-0.58454113	0.297477636	2.6145514	0.050192
32	-0.584553462	0.297404673	2.61123117	0.050348125
33	-0.584586116	0.297139164	2.60988299	0.0504209697
34	-0.584483066	0.29722431	2.60858839	0.0503532941
35	-0.584555367	0.296991561	2.60740465	0.0504083429
36	-0.584618642	0.297075096	2.60671748	0.0504765556
37	-0.584677211	0.297075608	2.60803114	0.0507037838
38	-0.584687971	0.296991453	2.60971032	0.0506932632
39	-0.584632874	0.296908644	2.60778721	0.0505667692
40	-0.584621074	0.296933286	2.60460733	0.0503537
41	-0.584676634	0.296866134	2.6052307	0.0502804878
42	-0.584700347	0.296766984	2.59940546	0.050236381
43	-0.584739769	0.296704791	2.60191628	0.0504582326
44	-0.584784049	0.296801717	2.60286364	0.0506660909
45	-0.584777179	0.296948704	2.60486673	0.0507167111
46	-0.58476345	0.297027321	2.60397472	0.0505986087
47	-0.584770504	0.296943764	2.60532028	0.0506868936
48	-0.584836192	0.297039011	2.60476944	0.05090125
49	-0.584834842	0.297026731	2.60449709	0.0509666122
50	-0.584892182	0.29706468	2.60694229	0.05141712
51	-0.584882612	0.297074505	2.60903477	0.0516521569
52	-0.584850669	0.297086683	2.60926554	0.0517257692
53	-0.584845994	0.297110864	2.60809811	0.0518846038
54	-0.584735361	0.296972334	2.60658202	0.0519236296
55	-0.584739921	0.296915253	2.60656407	0.0517815273
56	-0.584734957	0.296928002	2.60385657	0.0516835714
57	-0.584759956	0.296951186	2.60415542	0.0515276491
58	-0.584757113	0.297037151	2.6068126	0.0515315172
59	-0.58474376	0.297033885	2.6088151	0.051588
60	-0.584728899	0.297031852	2.60891502	0.0516249333
61	-0.584701646	0.296926101	2.60849425	0.0514101639
62	-0.584754808	0.296923918	2.60730563	0.0515145806
63	-0.58475174	0.296861724	2.60616576	0.0513584127
64	-0.58477386	0.296855539	2.60571633	0.05137425
65	-0.58476054	0.296801581	2.60650347	0.0515593231
66	-0.584711497	0.296731439	2.60519863	0.0514778788
67	-0.584689576	0.296659574	2.60695467	0.0515414925
68	-0.584691241	0.296673106	2.60643945	0.0515091176
69	-0.584712755	0.296646916	2.60684792	0.051458029
70	-0.584669171	0.29664067	2.60574362	0.0514528571
71	-0.584682258	0.296546705	2.60516973	0.051324169
72	-0.584637896	0.296518291	2.60567007	0.0513558889
73	-0.58461907	0.296472368	2.60439752	0.0512712877
74	-0.584650691	0.296473021	2.60574422	0.0513615676
75	-0.584670618	0.296505406	2.6074038	0.05151488
76	-0.584637603	0.296495329	2.60761509	0.0515012105
77	-0.584651608	0.296584996	2.60818279	0.0514947013
78	-0.584657048	0.296593211	2.60804198	0.0514677949
79	-0.584640945	0.296684337	2.60868814	0.0514750886
80	-0.58464109	0.296640923	2.608084	0.0514295
81	-0.584652952	0.296665132	2.60774084	0.0514278519
82	-0.584615073	0.296704591	2.60646452	0.0513926829
83	-0.584607529	0.296743685	2.60736122	0.0514463133
84	-0.584596034	0.296729713	2.60726095	0.0515017143
85	-0.58459572	0.296669043	2.60640979	0.0515083294
86	-0.584630915	0.296577439	2.60753091	0.0516434419
87	-0.584623527	0.296520584	2.6087642	0.0517005057
88	-0.584641725	0.296576624	2.60815073	0.0517271364
89	-0.58466453	0.296661005	2.61040252	0.051851236
90	-0.584648551	0.296661513	2.61146027	0.0517875556
91	-0.584640492	0.296599283	2.61020671	0.0516158242
92	-0.584635578	0.296649933	2.60911333	0.0515702174
93	-0.584619218	0.296662912	2.60839587	0.0515286452
94	-0.584627585	0.296728352	2.60810383	0.0514260426
95	-0.58458621	0.296712631	2.60800483	0.0513862737
96	-0.584565367	0.296725873	2.60765339	0.051455875
97	-0.584542426	0.29676122	2.60785413	0.0515501443
98	-0.584553345	0.29673316	2.60893714	0.0516019592
99	-0.58460021	0.296708075	2.60841288	0.0515862626
100	-0.584597158	0.29671597	2.60758667	0.05149792
101	-0.584610291	0.296784482	2.6080075	0.0514293861
102	-0.584599409	0.296781989	2.60733307	0.0512959608
103	-0.584629329	0.296841629	2.60901194	0.0514159612
104	-0.584638695	0.296754381	2.60903169	0.0514270769
105	-0.584646767	0.296840972	2.60825539	0.0514926476
106	-0.584631127	0.296815635	2.60813429	0.0515865283
107	-0.584615875	0.296926945	2.60810622	0.0516834766
108	-0.584632867	0.296889623	2.60805373	0.0515951852
109	-0.584625782	0.296897603	2.60753076	0.0516120367
110	-0.584622799	0.296870594	2.6068401	0.0517145091
111	-0.584636253	0.296962591	2.60785686	0.0518126486
112	-0.584640559	0.296922317	2.607722	0.0519279286
113	-0.584655461	0.296888466	2.60717985	0.0521075752
114	-0.584651642	0.296866976	2.6069571	0.0520101754
115	-0.584638645	0.296794022	2.60680765	0.0519844174
116	-0.584634348	0.296789637	2.60587485	0.0518897931
117	-0.58462207	0.296811138	2.6066565	0.0518829744
118	-0.584622233	0.296844944	2.60649397	0.051894678
119	-0.584606756	0.296815681	2.60562555	0.0517932773
120	-0.584590007	0.296812537	2.60522151	0.051717
121	-0.58458884	0.296867265	2.60483103	0.0517064463
122	-0.584583696	0.296868657	2.60448087	0.0516142951
123	-0.584583755	0.296975785	2.60482784	0.0515454959
124	-0.584578904	0.296998585	2.60460202	0.0515097097
125	-0.584562451	0.297014308	2.60429722	0.05150816
126	-0.58455396	0.297028389	2.60362967	0.0514313333
127	-0.58451933	0.297067978	2.60291712	0.0513554646
128	-0.584510964	0.297072651	2.60317246	0.0513732187
129	-0.584497161	0.297112658	2.60158016	0.051347969
130	-0.584486387	0.297122214	2.60128258	0.0513716615
131	-0.584498289	0.297130452	2.60119621	0.0513968855
132	-0.584494815	0.297147427	2.60139257	0.0514013333
133	-0.584527486	0.297086742	2.60215322	0.0513006316
134	-0.584524411	0.29707249	2.60125978	0.0512294925
135	-0.584518773	0.297119024	2.60163303	0.0512245926
136	-0.584523	0.297084046	2.60061576	0.0511441176
137	-0.584538846	0.29709245	2.6015722	0.0512050803
138	-0.58453832	0.297092582	2.60142756	0.0511536812
139	-0.584548511	0.297089747	2.6006339	0.0510456691
140	-0.584553035	0.297062347	2.60129844	0.0510174857
141	-0.584550698	0.297063994	2.60105377	0.0511008511
142	-0.584539973	0.297139705	2.60146599	0.0511113239
143	-0.584519506	0.297129241	2.6008747	0.0510997762
144	-0.584520927	0.297114683	2.60175141	0.0511157778
145	-0.584505204	0.297080332	2.60127735	0.0510781241
146	-0.584523937	0.297072178	2.60060219	0.0510927397
147	-0.584523992	0.297027626	2.60086175	0.0510866939
148	-0.584532386	0.296997128	2.60097903	0.0510706486
149	-0.584520011	0.297020847	2.6007336	0.0510609664
150	-0.584511435	0.296984764	2.60077995	0.0510890667
151	-0.584491358	0.296975797	2.60074116	0.0511268344
152	-0.584484271	0.297018363	2.60118179	0.0511188158
153	-0.584512098	0.29697795	2.60200565	0.0512101176
154	-0.584500767	0.296925206	2.60181437	0.0511318442
155	-0.584515393	0.296876347	2.60230431	0.0510289806
156	-0.584526843	0.296867974	2.60299549	0.0510549744
157	-0.584510516	0.296859319	2.60277928	0.0510264204
158	-0.584510459	0.29686531	2.60214285	0.0510900253
159	-0.58448962	0.296818213	2.60091723	0.0510067673
160	-0.584498256	0.296750923	2.60051573	0.0509978
161	-0.584499637	0.296705848	2.60073825	0.0510812422
162	-0.584495347	0.296692339	2.60033221	0.0510562222
163	-0.584504966	0.296719202	2.60012358	0.0511477055
164	-0.584495542	0.296661436	2.60030543	0.0511624878
165	-0.584515618	0.296656409	2.60084545	0.0511918061
166	-0.584504836	0.296604752	2.60043447	0.0511333735
167	-0.584500183	0.296604304	2.60092123	0.0511169341
168	-0.584495292	0.296566231	2.60060451	0.051119381
169	-0.584503902	0.296537908	2.60065098	0.051088568
170	-0.584516726	0.296611814	2.6010597	0.0511233412
171	-0.5845134	0.29664058	2.6011472	0.0511647251
172	-0.584523131	0.296593807	2.60179833	0.0511914419
173	-0.584535362	0.296590756	2.60171339	0.0511449711
174	-0.584528361	0.296633287	2.60152377	0.051155977
175	-0.584523911	0.296601198	2.60157931	0.0512218286
176	-0.584514406	0.296591336	2.60206658	0.05129075
177	-0.584511712	0.296622536	2.60331007	0.0512827797
178	-0.584513786	0.296610491	2.60352387	0.0512825393
179	-0.584493744	0.296601483	2.60269405	0.0512570503
180	-0.58450331	0.296585062	2.60263443	0.0512366222
181	-0.584493821	0.296576935	2.60306086	0.0512855249
182	-0.584470826	0.296511494	2.60213653	0.0512973407
183	-0.58447572	0.296481033	2.60161478	0.0513182295
184	-0.584474315	0.296483019	2.60131542	0.0513592174
185	-0.584472451	0.296475908	2.60100979	0.0513890378
186	-0.584463615	0.296484153	2.60098787	0.051344172
187	-0.584443823	0.296455354	2.6005181	0.0513226952
188	-0.584449614	0.296456236	2.60033699	0.0512955957
189	-0.58445719	0.296421385	2.59999354	0.0512891217
190	-0.58447297	0.296444805	2.60013855	0.0513074526
191	-0.584485329	0.296400278	2.60013934	0.0512758534
192	-0.58449365	0.296342496	2.60041597	0.0512158542
193	-0.584484643	0.296368744	2.60054245	0.0512311295
194	-0.584473331	0.296356946	2.60046746	0.0512273814
195	-0.584488519	0.296385393	2.60162538	0.0511787487
196	-0.58449342	0.296350474	2.60144141	0.0511608163
197	-0.584472691	0.296331082	2.60182384	0.0512041015
198	-0.584475681	0.296340359	2.60190712	0.0511658586
199	-0.584474906	0.296351602	2.60141379	0.051168402
200	-0.584455867	0.296400486	2.60134067	0.05121334
