1	-0.89444	0.437041469	24.1276343
2	-0.89354	0.434565143	23.7173829
3	-0.895242667	0.426997581	24.4072419
4	-0.89359	0.438445344	24.3232429
5	-0.8929952	0.434111796	24.0231566
6	-0.891997333	0.431759965	23.7044876
7	-0.890786286	0.429029381	23.2900065
8	-0.890619	0.43039274	23.3201486
9	-0.891036444	0.43269072	23.608353
10	-0.8914776	0.430088579	23.6768857
11	-0.891195636	0.42942749	23.5640332
12	-0.892042	0.430015438	23.96144
13	-0.891793231	0.429333082	23.8740554
14	-0.891696571	0.430655693	23.9477412
15	-0.891648	0.429086694	23.9983246
16	-0.891529	0.427695909	23.8893571
17	-0.891573647	0.428882854	23.952925
18	-0.891913333	0.429303278	24.1414717
19	-0.892245895	0.430035082	24.2857744
20	-0.8924824	0.431683407	24.4412543
21	-0.892299429	0.431009223	24.4160571
22	-0.892268	0.430539112	24.4165652
23	-0.892498435	0.430315164	24.4670325
24	-0.892637333	0.429812184	24.5436919
25	-0.89237664	0.428427638	24.4131995
26	-0.892276923	0.428679139	24.3391745
27	-0.892180148	0.428146832	24.2754451
28	-0.892006286	0.427905344	24.2121151
29	-0.891975172	0.428290526	24.2315078
30	-0.891994133	0.428555971	24.2827874
31	-0.891931097	0.426550935	24.220139
32	-0.89195425	0.427178554	24.248045
33	-0.891750061	0.427669968	24.2040786
34	-0.891685647	0.428400823	24.2304635
35	-0.891474514	0.427735214	24.0947814
36	-0.891819333	0.428360493	24.2884184
37	-0.892080216	0.429508371	24.4377588
38	-0.892191579	0.430022916	24.4513489
39	-0.892154462	0.429940713	24.4462084
40	-0.8922008	0.430717746	24.508864
41	-0.892238049	0.430944197	24.5171872
42	-0.892205333	0.431116404	24.5494814
43	-0.892239442	0.431481605	24.5662796
44	-0.892198545	0.431829858	24.5432564
45	-0.892022222	0.431555857	24.482355
46	-0.891985565	0.431378217	24.4914455
47	-0.892069106	0.431743526	24.5406813
48	-0.892112833	0.431644592	24.5500864
49	-0.892256	0.431248429	24.6004791
50	-0.89225072	0.431080995	24.6035438
51	-0.892225882	0.431389034	24.5922071
52	-0.892234769	0.431254423	24.5876905
53	-0.892283321	0.431392178	24.6483569
54	-0.892417333	0.431330436	24.7115858
55	-0.892432873	0.431202228	24.7200788
56	-0.892489571	0.430871704	24.7369547
57	-0.89250807	0.430518423	24.7523709
58	-0.892455448	0.43018736	24.7084032
59	-0.892435254	0.430128152	24.7082894
60	-0.892414533	0.430215164	24.6956217
61	-0.892382689	0.430087745	24.6901596
62	-0.892378194	0.430076542	24.6912828
63	-0.892319746	0.430068556	24.679877
64	-0.892298	0.430039964	24.6780057
65	-0.892355077	0.430275682	24.7156244
66	-0.892422667	0.429930908	24.7260693
67	-0.892427821	0.429973758	24.7514267
68	-0.892419647	0.430163724	24.7591615
69	-0.892376232	0.430714897	24.7685055
70	-0.892395086	0.430555908	24.7533856
71	-0.892369577	0.43042169	24.7426498
72	-0.892363778	0.430535944	24.7464889
73	-0.892357699	0.430451321	24.729185
74	-0.892315784	0.430619749	24.7238436
75	-0.89234528	0.43051208	24.7359941
76	-0.892399368	0.430046911	24.7227755
77	-0.892390234	0.430477051	24.7440414
78	-0.892397436	0.430430335	24.747902
79	-0.892383797	0.430230956	24.7128422
80	-0.892353	0.430983877	24.7168176
81	-0.892388444	0.43071654	24.7293768
82	-0.892402634	0.430912211	24.7323847
83	-0.892363373	0.430809147	24.7145093
84	-0.892435905	0.431013625	24.7515147
85	-0.892486588	0.431111998	24.7773101
86	-0.892420744	0.430871912	24.7549878
87	-0.89241131	0.430916969	24.7422287
88	-0.892384909	0.430868414	24.7217442
89	-0.892405843	0.430534641	24.7196028
90	-0.892426222	0.430968999	24.7438295
91	-0.892459429	0.430690487	24.757572
92	-0.892506261	0.430548325	24.7673032
93	-0.892504516	0.430706425	24.7795819
94	-0.892458128	0.430949013	24.7714336
95	-0.892449853	0.431324506	24.778705
96	-0.892401833	0.431189339	24.7591907
97	-0.892436124	0.430856007	24.7606698
98	-0.892414286	0.430892578	24.7759944
99	-0.89244	0.430684303	24.7864504
100	-0.89235888	0.430637203	24.7450638
1	-0.894216	0.432994423	23.96968
2	-0.893492	0.430938955	23.6379829
3	-0.895053333	0.427304644	24.3607162
4	-0.893422	0.438819127	24.2879429
5	-0.892896	0.43349801	24.0040709
6	-0.891893333	0.431583471	23.6885257
7	-0.890756571	0.428590321	23.2843233
8	-0.890564	0.430194405	23.3078814
9	-0.890954667	0.432624432	23.6010692
10	-0.8913848	0.430115198	23.6663806
11	-0.891089455	0.429500324	23.5587252
12	-0.891919333	0.43007208	23.955119
13	-0.891688615	0.429198981	23.8628246
14	-0.891572571	0.430876575	23.936462
15	-0.891551467	0.429205773	23.9867749
16	-0.8914565	0.427714079	23.8763714
17	-0.89152	0.428717024	23.9405418
18	-0.891842667	0.429348734	24.130101
19	-0.892186947	0.430165119	24.2768367
20	-0.8924192	0.431995046	24.4313177
21	-0.892245333	0.431201901	24.4070895
22	-0.892215273	0.430814667	24.4091065
23	-0.892450435	0.430564316	24.4577148
24	-0.892602333	0.430134845	24.533279
25	-0.89234624	0.428670676	24.4020352
26	-0.892247077	0.428848751	24.3285754
27	-0.892161481	0.428338389	24.2662116
28	-0.891981429	0.428128146	24.2037233
29	-0.891959724	0.428508569	24.2253955
30	-0.8919776	0.428727297	24.2741029
31	-0.891910452	0.426797809	24.2112479
32	-0.89195275	0.42731161	24.2409764
33	-0.891750788	0.427943098	24.1978313
34	-0.891687765	0.428632425	24.2241486
35	-0.891463314	0.428139125	24.0881482
36	-0.891814444	0.428738314	24.2822933
37	-0.892062703	0.430019518	24.4323812
38	-0.892166526	0.430505749	24.4457411
39	-0.892133538	0.43044031	24.440693
40	-0.892189	0.431150578	24.5052214
41	-0.892227317	0.431380212	24.5145809
42	-0.892194286	0.431512205	24.5478435
43	-0.892226605	0.431746318	24.5661406
44	-0.892183273	0.432201197	24.5431608
45	-0.892010311	0.43180888	24.4818044
46	-0.891972348	0.431523972	24.4905374
47	-0.892061957	0.431861669	24.5396229
48	-0.892103	0.431771147	24.5500883
49	-0.892249143	0.431262903	24.5998449
50	-0.8922424	0.431232306	24.6029525
51	-0.892220863	0.43144322	24.5915529
52	-0.892228615	0.431325816	24.5862411
53	-0.892269736	0.431590692	24.6459657
54	-0.892397185	0.431508629	24.7098707
55	-0.892411636	0.431400107	24.7186273
56	-0.892466714	0.431079394	24.7355596
57	-0.892486456	0.430708681	24.750943
58	-0.892432414	0.43038003	24.7059119
59	-0.892414644	0.430319498	24.705957
60	-0.892392533	0.430394201	24.6936493
61	-0.892358951	0.430285433	24.6883016
62	-0.892358581	0.430253283	24.6893958
63	-0.892303873	0.430225965	24.6776989
64	-0.89228125	0.430234149	24.6759802
65	-0.892338215	0.430530377	24.7142775
66	-0.892408242	0.430211825	24.7246966
67	-0.892412179	0.430318533	24.7502304
68	-0.892402941	0.430554571	24.7577087
69	-0.892357217	0.431167407	24.7678354
70	-0.892374857	0.431045274	24.7526774
71	-0.892354141	0.430850131	24.742165
72	-0.892350111	0.431038068	24.7461379
73	-0.892345096	0.430921169	24.7291513
74	-0.892306811	0.431062502	24.7245932
75	-0.892337813	0.43093958	24.7370857
76	-0.892398211	0.430425287	24.7235579
77	-0.89239387	0.430828749	24.7444099
78	-0.892398359	0.430844799	24.748367
79	-0.892385823	0.430667349	24.7129379
80	-0.892355	0.431378897	24.7168196
81	-0.892395852	0.431031512	24.7302651
82	-0.892411122	0.431191422	24.7333484
83	-0.892371373	0.431063681	24.7155731
84	-0.892439714	0.431319283	24.7522793
85	-0.8924896	0.431385896	24.7778543
86	-0.892424465	0.431124877	24.7554177
87	-0.892412138	0.431215738	24.742491
88	-0.892382273	0.431197509	24.721731
89	-0.892403865	0.430861141	24.720112
90	-0.892425778	0.431251177	24.7445874
91	-0.892459165	0.430940304	24.757803
92	-0.892504696	0.430804134	24.7679878
93	-0.892502624	0.430954731	24.780779
94	-0.892457957	0.431175147	24.7725233
95	-0.892450779	0.431518143	24.7797321
96	-0.892398333	0.43142865	24.760222
97	-0.892432	0.431103043	24.7618367
98	-0.892412082	0.431103793	24.7769843
99	-0.892440727	0.43087782	24.7876559
100	-0.89235656	0.430824846	24.7464454
101	-0.892342495	0.430601205	24.7164203
102	-0.892291922	0.430576733	24.692457
103	-0.892271767	0.430333085	24.6661906
104	-0.892291769	0.430618599	24.6919087
105	-0.892303162	0.430730486	24.690945
106	-0.89227117	0.430681408	24.6658416
107	-0.892269458	0.43078326	24.6726859
108	-0.892290667	0.430837918	24.6748039
109	-0.892359486	0.431007311	24.7187732
110	-0.892331127	0.430997098	24.7164876
111	-0.892340541	0.430831655	24.7097724
112	-0.892324214	0.430525084	24.6910809
113	-0.892315469	0.43047353	24.6839974
114	-0.892297404	0.430413965	24.6780041
115	-0.892265043	0.430461876	24.6742563
116	-0.892260621	0.430496081	24.6680922
117	-0.892292786	0.430505474	24.6788994
118	-0.892274508	0.430419887	24.6728201
119	-0.892316639	0.430371705	24.6938502
120	-0.8922802	0.430355013	24.6855086
121	-0.892267504	0.430557853	24.7014102
122	-0.892316262	0.430543191	24.7199346
123	-0.892285203	0.430523293	24.7137435
124	-0.892306839	0.430592574	24.7232078
125	-0.892292608	0.430664341	24.7194946
126	-0.892309968	0.430549196	24.7226233
127	-0.892329449	0.430357754	24.7119974
128	-0.892318437	0.430680113	24.7187468
129	-0.892305302	0.430497283	24.7062357
130	-0.892322831	0.430565441	24.7145147
131	-0.892316397	0.430256879	24.6976569
132	-0.892306485	0.430450994	24.7016848
133	-0.892328481	0.430231112	24.7030796
134	-0.892312358	0.430380508	24.7014973
135	-0.892302696	0.430325584	24.6867175
136	-0.892294118	0.430335607	24.681942
137	-0.892279474	0.430387616	24.6731595
138	-0.892248174	0.430328314	24.6536171
139	-0.892242302	0.430385818	24.6526845
140	-0.892272457	0.430443745	24.6733897
141	-0.892284426	0.430580067	24.6827267
142	-0.892305803	0.430402554	24.6822363
143	-0.89231614	0.430187267	24.6899481
144	-0.892357111	0.430044992	24.6955946
145	-0.892367117	0.430373337	24.7077484
146	-0.89235589	0.430212344	24.6965305
147	-0.892361796	0.430222621	24.6973025
148	-0.892355514	0.430363829	24.7102239
149	-0.892359893	0.430589843	24.7201099
150	-0.89235904	0.430759121	24.7341627
151	-0.892356026	0.4307118	24.7367958
152	-0.892344474	0.430803385	24.7361691
153	-0.892370353	0.430949354	24.7590827
154	-0.89234613	0.430865579	24.7463296
155	-0.892336155	0.430885011	24.7404991
156	-0.892339026	0.431001689	24.7392437
157	-0.892337172	0.431053053	24.7343875
158	-0.89231757	0.431017547	24.7325999
159	-0.892298365	0.430932915	24.7202591
160	-0.8923293	0.430862917	24.7304677
161	-0.89234718	0.430702707	24.7303342
162	-0.892295259	0.430637666	24.7083766
163	-0.892265571	0.430534698	24.6959468
164	-0.892339854	0.430570347	24.7264734
165	-0.892374255	0.430604283	24.7389592
166	-0.89236159	0.430497081	24.7289514
167	-0.892339832	0.430407524	24.717699
168	-0.892400333	0.430334478	24.7444502
169	-0.892436213	0.430447244	24.7645221
170	-0.892458541	0.430469944	24.7678358
171	-0.892445193	0.430614546	24.7690693
172	-0.892423116	0.430492803	24.7551299
173	-0.892413734	0.430476128	24.7546683
174	-0.892438345	0.430227957	24.7532692
175	-0.892455863	0.43034534	24.7622401
176	-0.892416591	0.430274213	24.7392405
177	-0.892425763	0.430370668	24.7438864
178	-0.892418876	0.430375052	24.7484632
179	-0.892416849	0.430257857	24.7331829
180	-0.892379467	0.43023432	24.7183533
181	-0.892362254	0.430329551	24.7113524
182	-0.892354286	0.430509871	24.7143058
183	-0.892340109	0.430543765	24.709181
184	-0.892328087	0.430610144	24.7026613
185	-0.892320346	0.430491103	24.6918569
186	-0.892292602	0.430335914	24.686299
187	-0.892326118	0.430187924	24.6948824
188	-0.892316511	0.430031546	24.6886664
189	-0.892309841	0.429983914	24.690996
190	-0.892325811	0.430241013	24.7029504
191	-0.892360335	0.43017489	24.7220029
192	-0.892371542	0.430150362	24.7226521
193	-0.892361658	0.430195108	24.720744
194	-0.892358186	0.430087785	24.7119278
195	-0.892355405	0.430325609	24.721485
196	-0.892363633	0.430166271	24.7135486
197	-0.892368528	0.430221806	24.7132224
198	-0.892378949	0.430312439	24.7219937
199	-0.892378573	0.430402455	24.7190446
200	-0.8923762	0.430261409	24.7140106
