1	-1.00683696	0.227634978	93.375328	1.910096
2	-1.00482992	0.261562678	91.190832	1.867392
3	-1.00431939	0.25866148	90.8002827	1.85993867
4	-1.00410998	0.25759776	90.42874	1.848198
5	-1.00277354	0.277738914	89.263456	1.8282336
6	-1.00209549	0.28329058	89.3283147	1.780616
7	-1.00177773	0.285745636	89.2088297	1.74760114
8	-1.00238907	0.278310244	89.522886	1.763507
9	-1.00198729	0.28499777	89.3737244	1.74015111
10	-1.00171997	0.287268613	89.1257888	1.7446368
11	-1.00241159	0.277482981	89.541872	1.75912218
12	-1.00201253	0.283121833	89.3710813	1.73865267
13	-1.00187594	0.284821141	89.3198043	1.72999446
14	-1.00173145	0.285250895	89.1787131	1.73611657
15	-1.0010468	0.293423182	88.5866741	1.73188
16	-1.00148614	0.286754803	88.89597	1.743214
17	-1.00189035	0.281607825	89.1816254	1.75336424
18	-1.00202768	0.2803546	89.292152	1.75450089
19	-1.002153	0.280105355	89.3781162	1.759384
20	-1.00208041	0.281263516	89.230604	1.7597212
21	-1.00210689	0.281511224	89.2200884	1.76261257
22	-1.00220068	0.279322966	89.3224116	1.76308655
23	-1.00229258	0.278108256	89.3574769	1.76685809
24	-1.00237645	0.276721475	89.40947	1.77081167
25	-1.00237753	0.276998764	89.4084499	1.77221664
26	-1.00231995	0.277314366	89.3608708	1.77325692
27	-1.00258229	0.273684721	89.5378121	1.77852563
28	-1.002617	0.272798179	89.5312766	1.78067143
29	-1.00243544	0.276062832	89.4452706	1.77402676
30	-1.00261526	0.274359849	89.5734112	1.7782992
31	-1.00279918	0.271809175	89.6997383	1.78141445
32	-1.00294788	0.269899169	89.793999	1.784913
33	-1.00303331	0.268298835	89.8336368	1.78740364
34	-1.0031572	0.266441462	89.9170753	1.79035553
35	-1.00310712	0.267308399	89.935211	1.78433509
36	-1.00308003	0.268323845	89.9361316	1.78386978
37	-1.00320404	0.266674194	90.0100203	1.78686876
38	-1.00340258	0.263569633	90.1262467	1.79027916
39	-1.00333086	0.265010364	90.050983	1.78955795
40	-1.00338918	0.263998778	90.0870248	1.7918576
41	-1.00346391	0.263145751	90.1334821	1.79396215
42	-1.00355571	0.261576524	90.1893189	1.79640914
43	-1.00371933	0.258950525	90.3137027	1.7998586
44	-1.00366607	0.259504435	90.3172462	1.79642491
45	-1.00366574	0.259537537	90.3187598	1.79681422
46	-1.00373137	0.258590174	90.3696202	1.79896278
47	-1.00385524	0.256918994	90.4620133	1.80169464
48	-1.00392119	0.25607146	90.5139343	1.8037685
49	-1.00374359	0.258358403	90.340384	1.80129796
50	-1.0036406	0.25947491	90.2632051	1.79822016
51	-1.00347318	0.261473239	90.1510739	1.79112941
52	-1.00330996	0.263110935	90.063124	1.78347246
53	-1.00331073	0.263297248	90.0581428	1.78426536
54	-1.00341134	0.26196789	90.1159132	1.78636341
55	-1.00346577	0.261919942	90.1539139	1.78758095
56	-1.0035029	0.261515346	90.1834511	1.78900443
57	-1.00344316	0.262106672	90.1283826	1.78932702
58	-1.00344618	0.261795439	90.1271961	1.79056248
59	-1.0034362	0.262001703	90.1017405	1.79076529
60	-1.0034567	0.261978296	90.1178136	1.7919636
61	-1.00338145	0.262896593	90.0472632	1.7904602
62	-1.00331303	0.263355748	90.016359	1.78513561
63	-1.00325752	0.26443351	89.9556066	1.78427898
64	-1.00334108	0.263111594	90.019128	1.78629525
65	-1.00340577	0.262405556	90.0580315	1.78775274
66	-1.00350323	0.260969738	90.1229168	1.78976558
67	-1.00345947	0.26140049	90.0972208	1.78766663
68	-1.00344407	0.261815598	90.0764212	1.78820682
69	-1.00355177	0.260164806	90.1570864	1.79045832
70	-1.00353842	0.260246613	90.1471598	1.79136206
71	-1.00359502	0.259237718	90.1996354	1.7922569
72	-1.00364802	0.25848067	90.2388958	1.79381322
73	-1.00373359	0.257269491	90.3026139	1.79570433
74	-1.00369234	0.257635022	90.269824	1.79613168
75	-1.00377036	0.256403465	90.3365065	1.79606507
76	-1.00373801	0.257051126	90.3068779	1.79616926
77	-1.00360916	0.258879499	90.2072391	1.79312416
78	-1.00358202	0.259255648	90.189096	1.79349446
79	-1.00353394	0.259869712	90.1445373	1.79269499
80	-1.0035238	0.260223129	90.1395308	1.7922996
81	-1.00361458	0.258858982	90.2046357	1.79401106
82	-1.00365566	0.258446365	90.2345949	1.79529259
83	-1.00359613	0.25930397	90.1862672	1.79414795
84	-1.0035907	0.259245993	90.1704756	1.79438467
85	-1.00347879	0.260037781	90.1550033	1.78610061
86	-1.00354776	0.2591243	90.201384	1.78729721
87	-1.00361182	0.258339819	90.245669	1.78870428
88	-1.00361145	0.25849194	90.2491685	1.78836355
89	-1.00364477	0.258182931	90.2788904	1.78960054
90	-1.00362312	0.258495445	90.2621506	1.78981431
91	-1.0036054	0.258706594	90.2386368	1.78874207
92	-1.0036123	0.258431248	90.2496355	1.78758661
93	-1.00356537	0.259363714	90.2101579	1.78720335
94	-1.0035	0.259909711	90.1721037	1.78521728
95	-1.00357532	0.258796718	90.227713	1.78680371
96	-1.00360884	0.258356543	90.2506497	1.78787583
97	-1.00365298	0.257656633	90.2838253	1.78917402
98	-1.00369061	0.257226421	90.3087703	1.79008996
99	-1.00363516	0.258006479	90.2658389	1.78943935
100	-1.00356983	0.258997021	90.2177376	1.78773504
