1	-0.96116704	0.530563778	55.1427467	0.673552
2	-0.96130712	0.51314529	54.1433067	0.670356
3	-0.956394987	0.500965964	51.8316356	0.546416
4	-0.95666826	0.503730627	52.0612567	0.555913
5	-0.956895856	0.496842513	51.8973467	0.5765528
6	-0.95727664	0.497384265	52.2376933	0.584898667
7	-0.956879474	0.498481739	52.2579314	0.579059429
8	-0.9574692	0.494440466	52.5715467	0.58321
9	-0.957680169	0.493787018	52.7220844	0.579652889
10	-0.958156	0.495321078	53.060632	0.58228
11	-0.959143549	0.492035465	53.7077988	0.600995636
12	-0.959781687	0.489806775	53.9193856	0.605451
13	-0.959697163	0.489668838	53.7740338	0.609535077
14	-0.960077406	0.487690624	53.9134133	0.615041714
15	-0.960076352	0.488763852	53.9015218	0.6169376
16	-0.96057009	0.487112957	54.235985	0.6252295
17	-0.960997106	0.485975333	54.518258	0.630114118
18	-0.961720778	0.482458451	54.8813163	0.638772222
19	-0.961836581	0.48172064	54.9235144	0.640797474
20	-0.962575156	0.479380911	55.470338	0.6465378
21	-0.962912674	0.47824911	55.6733683	0.649519429
22	-0.96253688	0.479612113	55.4775406	0.645062182
23	-0.962444703	0.480498677	55.4541472	0.64503513
24	-0.962516517	0.479339839	55.4925628	0.6486925
25	-0.962355187	0.481005168	55.4136149	0.64804736
26	-0.962252049	0.481701234	55.3045477	0.648310154
27	-0.96188197	0.482814705	55.0762474	0.645965185
28	-0.961864574	0.483749495	55.0275443	0.647757286
29	-0.961900971	0.484377087	55.0594547	0.648910621
30	-0.961749123	0.486698189	54.9513124	0.649349467
31	-0.961696563	0.4868897	54.8864594	0.647770065
32	-0.96154803	0.488657723	54.8267342	0.6455765
33	-0.961294361	0.490345953	54.7481673	0.641384727
34	-0.961708958	0.489346594	55.0185518	0.645859647
35	-0.961620827	0.48988175	54.9964358	0.6448128
36	-0.961623338	0.489857801	55.0414437	0.641411333
37	-0.961971271	0.488556876	55.2497452	0.64366627
38	-0.962209078	0.487096685	55.4144646	0.644885474
39	-0.962312057	0.486922843	55.4734373	0.646392615
40	-0.96233044	0.487455682	55.482632	0.648262
41	-0.962519372	0.486287474	55.5360143	0.650846634
42	-0.962576653	0.485895425	55.5683425	0.651908857
43	-0.962700013	0.486361657	55.6717553	0.653102977
44	-0.962789238	0.486569649	55.7342542	0.654080091
45	-0.962999456	0.486273998	55.8721333	0.657030578
46	-0.962812092	0.486778331	55.773067	0.654239391
47	-0.963036567	0.486377248	55.8873245	0.656909191
48	-0.963114583	0.485846849	55.9152083	0.657804167
49	-0.963108469	0.485818153	55.9127192	0.65767649
50	-0.962959232	0.48593804	55.8239931	0.6547296
51	-0.963088336	0.485293143	55.8842384	0.655961882
52	-0.963224228	0.484797073	55.9555144	0.658119077
53	-0.963011752	0.485694381	55.8300971	0.655712151
54	-0.962921751	0.48652792	55.7701195	0.655591259
55	-0.962861297	0.486911962	55.7258109	0.655195782
56	-0.962987794	0.486449693	55.8255886	0.654954
57	-0.962930888	0.486834923	55.7697712	0.654376
58	-0.96308091	0.485954323	55.8546566	0.65670069
59	-0.963130784	0.485844246	55.8768789	0.65767139
60	-0.963078836	0.486431797	55.8701864	0.6556418
61	-0.96320067	0.486095106	55.9331687	0.657095803
62	-0.96321704	0.486664392	55.9161058	0.65801329
63	-0.963105343	0.486877994	55.8440487	0.65770527
64	-0.963213378	0.48625027	55.9079779	0.659625125
65	-0.963366449	0.48571228	56.0138818	0.660820923
66	-0.963469605	0.485171212	56.0741935	0.660134788
67	-0.963339469	0.485223118	55.9888842	0.658262985
68	-0.963387625	0.48510083	56.0146222	0.659045941
69	-0.963341143	0.48514429	55.9891366	0.658819478
70	-0.963466891	0.484618821	56.0651794	0.660281714
71	-0.963479281	0.484434218	56.0773495	0.660600676
72	-0.963592966	0.484349548	56.1541065	0.662403833
73	-0.963753688	0.483817482	56.246019	0.664226849
74	-0.963736468	0.48359495	56.2252975	0.664531514
75	-0.963837323	0.482838225	56.2860836	0.6646768
76	-0.963989378	0.482011133	56.3705061	0.665947842
77	-0.963938944	0.482473121	56.348639	0.664422545
78	-0.963987304	0.482740291	56.3710381	0.665513897
79	-0.964096423	0.482021699	56.4253424	0.667028759
80	-0.964037079	0.482224044	56.3799368	0.66691395
81	-0.963998384	0.482009675	56.3593123	0.66588958
82	-0.963898109	0.482528723	56.3030787	0.66438839
83	-0.963877693	0.482320669	56.2909844	0.663908723
84	-0.963946563	0.482625698	56.3367916	0.664623381
85	-0.963889672	0.483017626	56.282422	0.664281224
86	-0.963970246	0.482834791	56.3267488	0.665321581
87	-0.964017183	0.482961241	56.3610539	0.665530437
88	-0.963996407	0.482793446	56.3458791	0.666052182
89	-0.964058913	0.482631795	56.3791897	0.667093978
90	-0.96407212	0.482752725	56.3861101	0.667708222
91	-0.964154987	0.482711523	56.4399777	0.667859253
92	-0.964127333	0.482903056	56.4098413	0.667592739
93	-0.964056583	0.482970994	56.3656447	0.666584
94	-0.963932437	0.48372368	56.2953027	0.665689957
95	-0.9640297	0.483533648	56.3679232	0.666769221
96	-0.964130839	0.483043521	56.4438351	0.668312792
97	-0.96417272	0.482958178	56.4678495	0.668998887
98	-0.964144118	0.483120414	56.4503771	0.669475265
99	-0.964122401	0.483154938	56.4261903	0.669223071
100	-0.964144656	0.483533401	56.4339512	0.6697848
1	-0.96043824	0.53520785	54.6837867	0.661912
2	-0.96097372	0.514588824	53.9251667	0.664486
3	-0.9561412	0.50130335	51.67508	0.542526667
4	-0.95641368	0.504793706	51.9389067	0.552984
5	-0.956729696	0.496587415	51.8032427	0.5741648
6	-0.957133453	0.497212463	52.1536378	0.582806
7	-0.956780023	0.497808949	52.1878514	0.577286857
8	-0.95739645	0.493711703	52.5137883	0.5816725
9	-0.95762096	0.493241151	52.6687644	0.578203556
10	-0.958091864	0.494870498	53.0111827	0.5809932
11	-0.959084735	0.491322559	53.6692739	0.599873091
12	-0.95972684	0.488927485	53.88074	0.604408667
13	-0.959652406	0.488931261	53.7380369	0.608558769
14	-0.960007943	0.487238186	53.8772381	0.614111429
15	-0.960020171	0.488389225	53.8701742	0.616101867
16	-0.960520685	0.486647329	54.2091125	0.62445925
17	-0.960952758	0.485327626	54.494578	0.629402588
18	-0.96166532	0.48197973	54.8573193	0.638088222
19	-0.961787971	0.481356759	54.902287	0.640156421
20	-0.962520212	0.479030479	55.4473287	0.6459106
21	-0.962862442	0.47782577	55.6527537	0.648931619
22	-0.962493302	0.479129907	55.4625503	0.644519636
23	-0.962405283	0.479917187	55.4402	0.644507652
24	-0.96248014	0.47891454	55.4760267	0.648157
25	-0.96232824	0.480644369	55.3990896	0.647532
26	-0.962228015	0.481287836	55.2900149	0.647816154
27	-0.961870921	0.482428199	55.0630706	0.64550163
28	-0.961851377	0.483266822	55.0155867	0.647311714
29	-0.961894317	0.483865599	55.0492828	0.648481379
30	-0.961740901	0.486114266	54.9410293	0.648911733
31	-0.961679626	0.486399511	54.8763256	0.647349032
32	-0.96153269	0.488241662	54.8174875	0.645172
33	-0.961283942	0.489869387	54.7403135	0.64098497
34	-0.961702233	0.488808765	55.0110349	0.645476353
35	-0.961608512	0.489539034	54.9888632	0.644448457
36	-0.961617884	0.489491678	55.0346963	0.641060889
37	-0.961961866	0.488169642	55.2428141	0.64332573
38	-0.962192446	0.486835272	55.4073235	0.644548632
39	-0.962300572	0.486584897	55.4662889	0.646064513
40	-0.962317958	0.487065431	55.4759163	0.6479479
41	-0.96250895	0.485907274	55.5298559	0.650540195
42	-0.962565903	0.485543543	55.5630308	0.651609429
43	-0.962689347	0.485950171	55.6655225	0.652802233
44	-0.9627736	0.486230206	55.7274455	0.65378
45	-0.962980057	0.485932353	55.8653973	0.656736178
46	-0.962793616	0.486375552	55.7662896	0.653959043
47	-0.963019392	0.486085136	55.8806079	0.656629191
48	-0.963096975	0.485588256	55.9091908	0.657540417
49	-0.963089241	0.485603581	55.9070939	0.657425306
50	-0.962940941	0.485718062	55.8173621	0.65447104
51	-0.963071161	0.485072439	55.8782957	0.655707059
52	-0.963204142	0.484645056	55.9501585	0.657876308
53	-0.962989143	0.485623089	55.8255293	0.655479774
54	-0.962895976	0.486483261	55.7653491	0.655361778
55	-0.962838803	0.486782342	55.7208381	0.6549656
56	-0.962965423	0.486366511	55.8201886	0.654728286
57	-0.962910874	0.486704587	55.764785	0.654154246
58	-0.963058959	0.48579064	55.8489294	0.656478966
59	-0.96311168	0.485645169	55.8714472	0.657461966
60	-0.963059679	0.486239827	55.864374	0.6554306
61	-0.963182209	0.485962148	55.9273923	0.656887475
62	-0.963198885	0.486567253	55.9105639	0.657808774
63	-0.963090367	0.486771941	55.8386099	0.657502476
64	-0.963197804	0.486154584	55.9028327	0.659427688
65	-0.963350468	0.485626793	56.008392	0.660618769
66	-0.963454668	0.485058624	56.0687933	0.659933394
67	-0.963323789	0.48520633	55.9833682	0.65806406
68	-0.963370047	0.48514646	56.0089765	0.658855294
69	-0.963322929	0.485174641	55.983794	0.658639188
70	-0.963446649	0.484642392	56.0601105	0.660103886
71	-0.963462877	0.484461547	56.0720569	0.660422704
72	-0.963575024	0.484391641	56.1481856	0.662223444
73	-0.963735924	0.483860653	56.2401087	0.664051014
74	-0.96372091	0.483600401	56.2194724	0.664353622
75	-0.963821265	0.482844889	56.2809877	0.66451392
76	-0.963977126	0.482010029	56.3654825	0.665787895
77	-0.96392959	0.482381875	56.3438023	0.664266494
78	-0.963975086	0.482674123	56.3666039	0.665364564
79	-0.96408338	0.481999663	56.4201799	0.66687281
80	-0.964022369	0.482203592	56.3747555	0.66675845
81	-0.963984447	0.481938638	56.3538711	0.665735951
82	-0.963883885	0.482459974	56.2977011	0.664233268
83	-0.963864524	0.482242782	56.2859422	0.663761157
84	-0.963931959	0.482560566	56.3317227	0.664478905
85	-0.963875919	0.482902394	56.2773252	0.664139482
86	-0.963957784	0.482669806	56.3211386	0.66517293
87	-0.964006463	0.482742862	56.3556653	0.665389793
88	-0.963985149	0.482559733	56.3407055	0.665912
89	-0.964049752	0.482385283	56.374319	0.666959506
90	-0.964063638	0.482491092	56.381135	0.667573022
91	-0.964145544	0.482458449	56.4351889	0.667725538
92	-0.964116206	0.4826961	56.4047564	0.66745813
93	-0.964043953	0.482772961	56.3601705	0.666447097
94	-0.963921998	0.483491978	56.2902482	0.665550979
95	-0.964021509	0.483304892	56.3628907	0.666633347
96	-0.964122309	0.482840925	56.4387768	0.668177958
97	-0.964164244	0.482793416	56.4629166	0.668863753
98	-0.964136949	0.482916431	56.4458205	0.669345429
99	-0.964115535	0.482938679	56.4212015	0.669089899
100	-0.964136251	0.483253177	56.4286621	0.66964856
101	-0.96412804	0.48343192	56.4518663	0.669190139
102	-0.964116546	0.484174026	56.4525535	0.669776314
103	-0.964214789	0.483792502	56.5077348	0.670261786
104	-0.96435578	0.483005537	56.5781841	0.671531308
105	-0.964489	0.482626764	56.6450875	0.672689981
106	-0.964485393	0.482273147	56.6485545	0.672337585
107	-0.964492391	0.482214211	56.6454167	0.672619551
108	-0.964507716	0.482523609	56.6571665	0.672833963
109	-0.964510013	0.482468343	56.6540911	0.672920844
110	-0.964516633	0.482266368	56.6622865	0.673162545
111	-0.964585449	0.481721665	56.7015208	0.673676072
112	-0.964602129	0.481465197	56.7063468	0.673706464
113	-0.964764125	0.480536863	56.7955585	0.675314195
114	-0.964752149	0.480595411	56.7860744	0.675565333
115	-0.964801639	0.480509305	56.8244749	0.675800209
116	-0.964716116	0.480894953	56.780292	0.674426483
117	-0.964713727	0.480854771	56.7839426	0.673806017
118	-0.964784875	0.480631542	56.8306171	0.674860712
119	-0.964834003	0.480667632	56.860058	0.675532101
120	-0.964838575	0.480698609	56.8575674	0.6756221
121	-0.964832116	0.480663958	56.8526496	0.675086777
122	-0.964854203	0.480784372	56.8709444	0.674890459
123	-0.964780578	0.481287249	56.8392175	0.673565496
124	-0.964783661	0.48117531	56.8433051	0.673450806
125	-0.964660103	0.48156053	56.7552259	0.672377952
126	-0.964606418	0.481383092	56.7144346	0.671320921
127	-0.964722232	0.480788256	56.7789673	0.672596661
128	-0.964620614	0.480867162	56.7103648	0.671302563
129	-0.964750713	0.480146643	56.7825475	0.672648837
130	-0.964814376	0.480178363	56.8310065	0.672928031
131	-0.964812752	0.48018246	56.823227	0.67331545
132	-0.964864026	0.480065591	56.8625494	0.673807364
133	-0.964882312	0.479946778	56.8610863	0.673965233
134	-0.964830654	0.479935287	56.8338954	0.673434179
135	-0.9648182	0.479883206	56.8086683	0.673336681
136	-0.964756475	0.480378792	56.7826118	0.672626706
137	-0.964758107	0.480053895	56.7796406	0.672194423
138	-0.964794392	0.479942348	56.7973757	0.672855826
139	-0.964844684	0.479677946	56.8217209	0.672875914
140	-0.964746082	0.479873365	56.759212	0.671666971
141	-0.964764979	0.47993632	56.7704831	0.672203546
142	-0.964805656	0.480161232	56.7950385	0.673006761
143	-0.964841264	0.480065147	56.8115247	0.673534545
144	-0.964876491	0.479816439	56.8356822	0.673349556
145	-0.964824169	0.479841519	56.8031539	0.673536745
146	-0.964853069	0.479794941	56.821163	0.673993178
147	-0.964896402	0.479495814	56.8367088	0.674594259
148	-0.964897557	0.479813365	56.8477948	0.674737297
149	-0.964859772	0.480362099	56.8289898	0.674908054
150	-0.964843114	0.480542714	56.8266656	0.674502347
151	-0.964830365	0.480397685	56.8062529	0.674554013
152	-0.964807601	0.48035252	56.7974446	0.673893184
153	-0.9648059	0.480131475	56.7903691	0.673756418
154	-0.964843665	0.480392751	56.8134991	0.674058571
155	-0.964816374	0.480577786	56.8059474	0.673244516
156	-0.964805786	0.480665094	56.7991344	0.673125205
157	-0.964853912	0.480727325	56.8305312	0.673200076
158	-0.964875834	0.480624597	56.8436544	0.67354362
159	-0.964771827	0.481059921	56.7854705	0.672244176
160	-0.964770736	0.480987828	56.7760953	0.6723718
161	-0.964865129	0.480521712	56.8333172	0.673065168
162	-0.964857085	0.480575919	56.8409517	0.673120914
163	-0.964822328	0.480779194	56.8290078	0.67263789
164	-0.964820646	0.480946381	56.8312965	0.672310366
165	-0.964849671	0.480838103	56.8465158	0.672570836
166	-0.96483706	0.480984746	56.8399741	0.67246506
167	-0.96483418	0.481155399	56.8349859	0.672612
168	-0.964807483	0.481396018	56.830721	0.67169319
169	-0.964824758	0.481284042	56.8320245	0.671538509
170	-0.964783444	0.481529559	56.8038765	0.671188659
171	-0.964721147	0.482043207	56.7756147	0.670614082
172	-0.964798319	0.481742842	56.8235961	0.671597349
173	-0.964828086	0.481771812	56.8331753	0.671996185
174	-0.964802727	0.48171884	56.8166255	0.671311057
175	-0.964738016	0.481892922	56.7960464	0.67031568
176	-0.964702117	0.481898552	56.7707012	0.669628591
177	-0.964670355	0.481824459	56.7518327	0.669081605
178	-0.964665606	0.48176359	56.7543258	0.668525258
179	-0.964664278	0.482049395	56.7603196	0.668465318
180	-0.964629663	0.482207642	56.7348298	0.668316489
181	-0.96457758	0.482342027	56.7085582	0.667796133
182	-0.964555087	0.482468189	56.6958889	0.667457626
183	-0.964569829	0.482404893	56.697463	0.667420393
184	-0.964612162	0.482076217	56.71906	0.667760261
185	-0.964720102	0.48153805	56.7831011	0.66885267
186	-0.964758651	0.481321148	56.8109513	0.669306731
187	-0.964718474	0.481316398	56.7911597	0.668644556
188	-0.964731237	0.481204044	56.8053516	0.668459723
189	-0.96476313	0.480931444	56.8233743	0.668556487
190	-0.964791419	0.48077879	56.8436046	0.669164611
191	-0.964835627	0.480527379	56.8615259	0.669685026
192	-0.964795767	0.480794136	56.8280812	0.669586271
193	-0.964760779	0.480923096	56.8066877	0.669292829
194	-0.964712289	0.480979133	56.784567	0.668575299
195	-0.964700906	0.481195674	56.7764341	0.668706851
196	-0.964737036	0.481001982	56.7911765	0.669055898
197	-0.96473916	0.480942012	56.7964214	0.669234152
198	-0.964751737	0.480893779	56.8038484	0.669336364
199	-0.96476303	0.480813656	56.8131811	0.668953487
200	-0.9647526	0.480935181	56.8018829	0.66919598
