1	-0.50336	0.232072691	1.66775111
2	-0.505068	0.231096884	1.65692444
3	-0.504898667	0.230336227	1.68173778
4	-0.503634	0.229287874	1.66319333
5	-0.5034624	0.230394169	1.66809867
6	-0.503717333	0.230151622	1.67838815
7	-0.504333714	0.230320013	1.68994349
8	-0.504508	0.229512399	1.69203611
9	-0.504557333	0.229471854	1.70053284
10	-0.5045136	0.229502424	1.69949333
11	-0.504451636	0.229322344	1.69948566
12	-0.504219333	0.229206942	1.69009741
13	-0.504331692	0.229249781	1.68952513
14	-0.504484	0.229218863	1.68480571
15	-0.504531733	0.229301391	1.68352474
16	-0.5044915	0.229339425	1.68261139
17	-0.504534588	0.229232086	1.68420837
18	-0.504544444	0.229100431	1.67965778
19	-0.504648421	0.229104932	1.67881263
20	-0.5044768	0.229135458	1.67875422
21	-0.504500571	0.229077773	1.67839831
22	-0.504473091	0.229099168	1.68010869
23	-0.504455304	0.229212063	1.67809024
24	-0.504581333	0.229525789	1.68248611
25	-0.50462496	0.229426528	1.68148996
26	-0.504516615	0.229647405	1.68143795
27	-0.504516444	0.229508178	1.68149333
28	-0.504526857	0.229653038	1.68237492
29	-0.504484414	0.229502389	1.6832141
30	-0.504485867	0.229367688	1.68189333
31	-0.504507871	0.229276821	1.68129448
32	-0.5046045	0.229382213	1.68111083
33	-0.504607515	0.229334769	1.67932781
34	-0.504561176	0.22927754	1.68025477
35	-0.504523429	0.229057927	1.67969257
36	-0.504586889	0.229070812	1.67907099
37	-0.504618378	0.229007384	1.67897441
38	-0.504698105	0.228952962	1.68049871
39	-0.504700103	0.228926972	1.68187339
40	-0.5046568	0.228978053	1.68347378
41	-0.504642927	0.229139296	1.68463447
42	-0.50466781	0.229082528	1.68388561
43	-0.50467293	0.229237696	1.68475587
44	-0.504692182	0.229227387	1.68615121
45	-0.504670756	0.229114358	1.68601659
46	-0.50463113	0.229054776	1.6857628
47	-0.50467234	0.229124816	1.68529333
48	-0.5046345	0.229077669	1.68408194
49	-0.504576	0.229203746	1.68434376
50	-0.50455136	0.229246344	1.68504089
51	-0.504508549	0.229286827	1.68453612
52	-0.504576154	0.229333096	1.68491521
53	-0.504574189	0.229329048	1.68586046
54	-0.504460741	0.229232234	1.68454708
55	-0.504460509	0.229164054	1.6849217
56	-0.504475714	0.229066003	1.68515698
57	-0.504546246	0.229088231	1.68525302
58	-0.504521241	0.229170877	1.68616046
59	-0.504489898	0.229228344	1.68656309
60	-0.504461733	0.229284703	1.68647096
61	-0.50445941	0.229166956	1.68636925
62	-0.504513548	0.22920071	1.68741405
63	-0.504523683	0.22928144	1.68695386
64	-0.5045115	0.229281494	1.68762535
65	-0.504539569	0.229290538	1.68816349
66	-0.504535394	0.229340284	1.68778067
67	-0.504512239	0.229368569	1.68867967
68	-0.504519412	0.229365065	1.68886595
69	-0.504516406	0.229364955	1.68873514
70	-0.504522857	0.229444918	1.68852502
71	-0.504563155	0.229434208	1.68833352
72	-0.504571778	0.229408803	1.68970506
73	-0.504585096	0.229419198	1.69071129
74	-0.504617622	0.229456958	1.69173441
75	-0.504604373	0.229402632	1.69190187
76	-0.504624947	0.229359102	1.69143602
77	-0.504635429	0.229442833	1.69200144
78	-0.504664	0.229514159	1.69161989
79	-0.504632203	0.229532782	1.69146284
80	-0.5046423	0.229553592	1.69123033
81	-0.504693136	0.229484493	1.69119962
82	-0.504721659	0.229433054	1.69154575
83	-0.504711711	0.229401126	1.69104493
84	-0.504702381	0.229332993	1.69026545
85	-0.504724612	0.229300126	1.69076418
86	-0.504720372	0.229285674	1.69109333
87	-0.504729011	0.229297371	1.6908093
88	-0.504701182	0.229334859	1.69088389
89	-0.504688809	0.229365665	1.69078077
90	-0.504658044	0.229408459	1.6903642
91	-0.504647912	0.229383072	1.69074618
92	-0.504642435	0.22939146	1.6914428
93	-0.50463372	0.229383884	1.69162432
94	-0.504651404	0.229398641	1.69206156
95	-0.504654147	0.229420233	1.69228454
96	-0.504634167	0.229435203	1.69223903
97	-0.504653773	0.229446345	1.6918805
98	-0.504653224	0.229451888	1.69160943
99	-0.504651475	0.229501733	1.69216579
100	-0.504656	0.229478646	1.69266751
1	-0.5036	0.23577037	1.66992889
2	-0.50498	0.234795296	1.65312444
3	-0.504528	0.233040417	1.68015111
4	-0.503556	0.231635522	1.66269111
5	-0.5033952	0.231544796	1.671144
6	-0.503768	0.231731673	1.68056296
7	-0.504416	0.231931213	1.69307556
8	-0.504557	0.231367558	1.69411611
9	-0.504752889	0.231362757	1.70268346
10	-0.504504	0.231971164	1.70168222
11	-0.504530182	0.231481412	1.70228121
12	-0.504338667	0.231326863	1.69305222
13	-0.504447385	0.231139938	1.69072034
14	-0.50448	0.231193556	1.68652127
15	-0.504482133	0.231071642	1.68512563
16	-0.5044585	0.230997679	1.68323944
17	-0.504423529	0.230782519	1.68468549
18	-0.504366667	0.230500328	1.6791879
19	-0.504496842	0.23042144	1.68031719
20	-0.5043796	0.230493091	1.68018378
21	-0.504427429	0.23025313	1.67991259
22	-0.504393091	0.230324646	1.68060424
23	-0.504398609	0.230444971	1.67826319
24	-0.504591667	0.230574388	1.6823413
25	-0.50455008	0.230403575	1.68144462
26	-0.504423692	0.230593182	1.68092786
27	-0.504388148	0.230617395	1.68073004
28	-0.504430286	0.230705771	1.68229175
29	-0.504386207	0.23076146	1.68238023
30	-0.504360533	0.230902356	1.6810083
31	-0.504380645	0.230678644	1.68056301
32	-0.5044545	0.230667602	1.68022639
33	-0.504466182	0.230619956	1.67861172
34	-0.504415059	0.230538794	1.67982758
35	-0.504363657	0.230321159	1.67922171
36	-0.504438444	0.230421074	1.67837099
37	-0.504483027	0.230373147	1.67856805
38	-0.504532211	0.230328358	1.68042632
39	-0.504570462	0.230300768	1.6815984
40	-0.5045392	0.230131465	1.68308722
41	-0.504538927	0.230046949	1.68397084
42	-0.504580952	0.229872147	1.68320741
43	-0.504597953	0.229946188	1.6842861
44	-0.504614545	0.230046658	1.68560384
45	-0.504588267	0.229899579	1.68530844
46	-0.504551652	0.229932427	1.68500522
47	-0.504576851	0.229982111	1.68463348
48	-0.504539833	0.230006403	1.68331407
49	-0.50449698	0.230073936	1.68358694
50	-0.50445648	0.230081831	1.68453858
51	-0.504393569	0.230066877	1.68424645
52	-0.504434154	0.230250378	1.6844594
53	-0.504439396	0.230251674	1.68542247
54	-0.504348889	0.230185045	1.68385802
55	-0.504338036	0.23012727	1.68405503
56	-0.504365857	0.230120885	1.68413984
57	-0.504443789	0.230123578	1.68458246
58	-0.504435724	0.230191656	1.68548828
59	-0.504421288	0.230136418	1.68581981
60	-0.50439	0.23014606	1.68549956
61	-0.504365377	0.230042305	1.6851874
62	-0.504401161	0.230031788	1.68592487
63	-0.504419048	0.230049195	1.68573933
64	-0.504436875	0.229972145	1.68651875
65	-0.504455015	0.229925959	1.68699371
66	-0.504451152	0.229932683	1.68655104
67	-0.504439881	0.229950958	1.68705075
68	-0.504437882	0.229992283	1.68747451
69	-0.504442203	0.229982726	1.68732998
70	-0.504460686	0.23003258	1.68726908
71	-0.504513915	0.229948715	1.68712401
72	-0.504513889	0.229897807	1.68864265
73	-0.504526575	0.22990966	1.68948177
74	-0.504531568	0.229923433	1.69021928
75	-0.50453088	0.229882595	1.69053837
76	-0.504549684	0.229800124	1.69042807
77	-0.504569455	0.229830219	1.69114176
78	-0.504599282	0.229887375	1.69096855
79	-0.50458481	0.229927661	1.69091342
80	-0.5045772	0.229888356	1.69042367
81	-0.504622617	0.229815964	1.69023528
82	-0.504637659	0.229765203	1.6907677
83	-0.504632867	0.229742854	1.69011695
84	-0.504631143	0.229739745	1.68946878
85	-0.504663153	0.229703248	1.69003597
86	-0.504669116	0.229635052	1.69023235
87	-0.50466777	0.229625695	1.69006089
88	-0.504650909	0.229655163	1.69001525
89	-0.504638472	0.229707463	1.69011526
90	-0.504601422	0.229748172	1.68954494
91	-0.50460044	0.229747216	1.68987585
92	-0.504596087	0.229774165	1.6906813
93	-0.504594409	0.229794562	1.69082671
94	-0.504599489	0.229848474	1.6912504
95	-0.504603621	0.229809789	1.69136889
96	-0.504591583	0.229855127	1.69133509
97	-0.504603959	0.229870578	1.69109297
98	-0.504612327	0.229845346	1.690878
99	-0.50461398	0.229902712	1.6914782
100	-0.50463392	0.229874477	1.69191027
101	-0.504642772	0.229896867	1.69111802
102	-0.504672471	0.229933901	1.69137111
103	-0.504712078	0.229982374	1.69186749
104	-0.504726462	0.230002418	1.69276047
105	-0.504732952	0.230005575	1.69266375
106	-0.504738642	0.229950317	1.69217375
107	-0.504740187	0.229927837	1.69171992
108	-0.504756296	0.229943401	1.69178597
109	-0.504772771	0.22992117	1.69246956
110	-0.504756436	0.229873731	1.69205762
111	-0.504760072	0.229842249	1.69199343
112	-0.504746071	0.229774705	1.69189218
113	-0.504771327	0.229746479	1.69276724
114	-0.504797965	0.229790483	1.69310066
115	-0.504801948	0.229794695	1.69341414
116	-0.504798552	0.229772765	1.69281337
117	-0.504801846	0.229772977	1.69235248
118	-0.504799864	0.229747062	1.69223322
119	-0.504790655	0.229728983	1.69198984
120	-0.5047942	0.229743998	1.69215578
121	-0.504807934	0.229747655	1.69231225
122	-0.504806754	0.229791821	1.69198069
123	-0.50480735	0.229736285	1.69229911
124	-0.504815677	0.229754119	1.69278505
125	-0.50483936	0.229822695	1.69322674
126	-0.504847492	0.22980539	1.69274466
127	-0.504812472	0.229832138	1.69286765
128	-0.504832312	0.229811347	1.69308437
129	-0.504815876	0.22982372	1.69286226
130	-0.504814954	0.229817899	1.69280697
131	-0.504822412	0.229828569	1.69291878
132	-0.504834182	0.229812919	1.69303064
133	-0.504849744	0.229744932	1.69281634
134	-0.504851701	0.229766822	1.69269808
135	-0.504851319	0.229740712	1.69233314
136	-0.504864412	0.22972245	1.69214095
137	-0.504872642	0.229740689	1.69180393
138	-0.504889101	0.22975554	1.69165913
139	-0.504888115	0.229728253	1.69196959
140	-0.504892914	0.229777862	1.69166956
141	-0.504897418	0.229811397	1.69198396
142	-0.504891944	0.229826738	1.69192682
143	-0.504877427	0.229843221	1.69206918
144	-0.504879556	0.229835223	1.69173917
145	-0.50488491	0.229849847	1.69172849
146	-0.504898466	0.229828611	1.69228381
147	-0.504881687	0.229838932	1.69240529
148	-0.50488227	0.229845522	1.69214114
149	-0.504867114	0.229852706	1.69192928
150	-0.5048688	0.229846085	1.69194616
151	-0.504879311	0.22980674	1.69213513
152	-0.504888947	0.229797883	1.69149772
153	-0.504896889	0.229737736	1.69172325
154	-0.504894701	0.22971943	1.69178381
155	-0.504921497	0.229671926	1.69235719
156	-0.504928769	0.229672364	1.69209046
157	-0.504921732	0.229638697	1.69221498
158	-0.504919696	0.229648668	1.69244914
159	-0.504925535	0.229679735	1.69251695
160	-0.50494825	0.22966396	1.69257017
161	-0.504926509	0.229675723	1.69241654
162	-0.504922617	0.22968883	1.69205339
163	-0.504926429	0.229681952	1.69239449
164	-0.50492639	0.229697271	1.69210921
165	-0.504915927	0.229689978	1.69215165
166	-0.504907181	0.229680318	1.69221023
167	-0.50491818	0.229672115	1.69215965
168	-0.504918381	0.229665582	1.69238616
169	-0.504921089	0.229699724	1.69230033
170	-0.504919106	0.229719161	1.69240146
171	-0.504927673	0.229725818	1.69250571
172	-0.50491507	0.229707837	1.69240419
173	-0.504919353	0.229723114	1.69269734
174	-0.504919126	0.229703663	1.69293326
175	-0.50493376	0.229669947	1.69295444
176	-0.504925182	0.229664593	1.69289801
177	-0.504912407	0.229709002	1.69299317
178	-0.504906921	0.229724248	1.69281243
179	-0.504896179	0.22974196	1.69255002
180	-0.504909289	0.229726369	1.6926778
181	-0.50490621	0.229707577	1.6926055
182	-0.504897363	0.229722019	1.69268188
183	-0.504904481	0.229742208	1.69282247
184	-0.504906261	0.229779022	1.69284437
185	-0.504899114	0.22980784	1.69266832
186	-0.504897591	0.2297993	1.69285591
187	-0.504882695	0.229801563	1.69291365
188	-0.504897745	0.229807797	1.69264986
189	-0.504916148	0.22980089	1.69291266
190	-0.504913053	0.229814192	1.69284903
191	-0.504907058	0.229814431	1.69287144
192	-0.504918	0.229810705	1.69296178
193	-0.504928456	0.229823498	1.6932952
194	-0.504916536	0.229817856	1.69333049
195	-0.504928697	0.229809724	1.69324631
196	-0.504926735	0.229805819	1.69335376
197	-0.504902376	0.229783817	1.69308636
198	-0.504903434	0.229773893	1.69290251
199	-0.504897889	0.229764976	1.69284726
200	-0.50489864	0.229760728	1.69285056
