1	-0.61560016	0.307660411	2.96217143	0.055608
2	-0.61625284	0.316501405	3.01706	0.059642
3	-0.614787653	0.319014313	3.04904571	0.058316
4	-0.61376572	0.319000798	3.02340571	0.055686
5	-0.613679648	0.320632744	3.04254629	0.0538224
6	-0.61438324	0.321012189	3.0844981	0.0534286667
7	-0.614782434	0.320012244	3.10178857	0.0541502857
8	-0.61514724	0.320775684	3.11120857	0.056412
9	-0.615268933	0.320923881	3.11574159	0.0588244444
10	-0.61514752	0.320180947	3.09509714	0.058536
11	-0.615117564	0.320183173	3.09229974	0.0578781818
12	-0.615194053	0.319934082	3.08332952	0.0589693333
13	-0.615258978	0.320173415	3.0864044	0.0586104615
14	-0.61518968	0.320383704	3.07941551	0.0573982857
15	-0.615107083	0.32025785	3.06936457	0.0570341333
16	-0.615136715	0.321319721	3.07803107	0.05783575
17	-0.615033929	0.32153804	3.07140639	0.0579317647
18	-0.614985467	0.321340158	3.07557079	0.0582733333
19	-0.615122653	0.321349904	3.07774677	0.0579642105
20	-0.615233816	0.321314295	3.08605143	0.0582908
21	-0.615305318	0.321288911	3.08326912	0.0585611429
22	-0.615261145	0.321474336	3.07990364	0.0588390909
23	-0.615277951	0.32131651	3.07087379	0.0585236522
24	-0.615371223	0.320859495	3.07144881	0.0585111667
25	-0.61541121	0.320883049	3.07565143	0.05867248
26	-0.615377443	0.320917254	3.07310352	0.0584721538
27	-0.615202667	0.321124505	3.07671788	0.0583851852
28	-0.615256711	0.321042667	3.07781612	0.0586927143
29	-0.615275771	0.321410322	3.07682778	0.0584506207
30	-0.615229696	0.321118665	3.07082248	0.0581381333
31	-0.615216934	0.321060568	3.07283982	0.058291871
32	-0.61519653	0.3213097	3.07120786	0.058314
33	-0.61518152	0.321282899	3.07040745	0.0579487273
34	-0.615094685	0.321528108	3.07008185	0.0580871765
35	-0.615162487	0.321383676	3.07145078	0.0582043429
36	-0.615179816	0.321410492	3.06808016	0.058213
37	-0.615193896	0.321463778	3.06604278	0.0582461622
38	-0.615174398	0.321477684	3.06579444	0.0582251579
39	-0.615154156	0.321416541	3.07333289	0.0581693333
40	-0.61512948	0.321358888	3.07092629	0.058214
41	-0.61518302	0.321232699	3.07292265	0.0583412683
42	-0.615223495	0.321212868	3.07335333	0.0582795238
43	-0.615251453	0.321277609	3.07492625	0.0582842791
44	-0.615262593	0.321214308	3.07379584	0.0576296364
45	-0.615192068	0.32113938	3.07282311	0.0576300444
46	-0.615285475	0.321395372	3.07854559	0.0578650435
47	-0.615279966	0.321515469	3.07914237	0.057853617
48	-0.615318927	0.321685873	3.07723357	0.0581213333
49	-0.61538802	0.321649566	3.07706192	0.058274449
50	-0.615407656	0.321675311	3.0761912	0.0583668
51	-0.61539992	0.321674304	3.0771237	0.0583175686
52	-0.615442711	0.321672146	3.07594462	0.0583509231
53	-0.615416155	0.321751369	3.07598868	0.058294566
54	-0.615371439	0.321566744	3.07359312	0.0583571111
55	-0.615402297	0.321536333	3.07359823	0.0583330182
56	-0.615433307	0.321628829	3.07084827	0.0582367857
57	-0.615424764	0.321732485	3.07157434	0.058290807
58	-0.615368993	0.321602129	3.07212197	0.0581875862
59	-0.615356395	0.321541557	3.07145772	0.0580705763
60	-0.615329564	0.32158446	3.07023819	0.0576915333
61	-0.61535691	0.321618399	3.07243222	0.0579504262
62	-0.615361178	0.321648981	3.07325834	0.0578911613
63	-0.615402234	0.321548403	3.07260617	0.0578323175
64	-0.615381342	0.321464967	3.06999125	0.057542125
65	-0.615386855	0.321520456	3.07007051	0.0574227692
66	-0.615316387	0.321529495	3.07136615	0.0573041818
67	-0.615309064	0.321574978	3.07181433	0.0574770746
68	-0.615264487	0.321577317	3.06995849	0.0573243529
69	-0.615283011	0.321384089	3.07021275	0.0573505507
70	-0.615257647	0.321411382	3.06888041	0.0574194857
71	-0.61527301	0.321439621	3.06781457	0.0573406197
72	-0.615250343	0.321446252	3.06775024	0.0572616111
73	-0.615258045	0.321614104	3.06887123	0.0574063562
74	-0.615268796	0.321709229	3.06863598	0.0573911351
75	-0.615217974	0.321648187	3.06537577	0.05737872
76	-0.615211038	0.321538614	3.06432692	0.0573203158
77	-0.615252828	0.321567849	3.06518449	0.0575141299
78	-0.615276288	0.321654345	3.06657267	0.0574297949
79	-0.615265507	0.321799472	3.0651281	0.0573563544
80	-0.615302644	0.321901377	3.068991	0.0575222
81	-0.615301477	0.321919946	3.06746801	0.0575330864
82	-0.615281453	0.322009574	3.06561958	0.0575262927
83	-0.615272285	0.32202667	3.06479463	0.0576913735
84	-0.615266596	0.321944456	3.06286299	0.0576440952
85	-0.61525257	0.321860516	3.06393788	0.0577485176
86	-0.615246557	0.32178779	3.06412485	0.0577883256
87	-0.615296309	0.321817755	3.06823054	0.0578269425
88	-0.615250605	0.321814457	3.06675208	0.0578302727
89	-0.615264084	0.321794847	3.06593926	0.0578469213
90	-0.615288781	0.321784816	3.06986444	0.0578212889
91	-0.615287036	0.321817116	3.06970468	0.0577056264
92	-0.615296558	0.322008822	3.07116	0.0578366087
93	-0.615295451	0.321985534	3.07039398	0.0578865376
94	-0.615309351	0.322100563	3.07048505	0.0578632766
95	-0.615295277	0.322142817	3.07204217	0.0578712
96	-0.615298293	0.322046778	3.07304804	0.057952125
97	-0.615286667	0.322090468	3.0727544	0.0579251134
98	-0.6152809	0.322126815	3.07173096	0.0579715102
99	-0.615309295	0.322135057	3.07187711	0.058167798
100	-0.615316625	0.322162598	3.07304326	0.05835924
1	-0.61528376	0.317055176	2.97366286	0.056188
2	-0.61560772	0.322665362	3.02650571	0.059386
3	-0.61439648	0.322019527	3.05133333	0.0579573333
4	-0.6135725	0.323191608	3.02522714	0.055225
5	-0.613525504	0.324226513	3.04141486	0.0532352
6	-0.61429072	0.323989787	3.08306857	0.0530026667
7	-0.614721326	0.322209581	3.10091429	0.0537805714
8	-0.61495358	0.322652154	3.10423143	0.056229
9	-0.61534776	0.322168462	3.10854921	0.0586324444
10	-0.615136552	0.321567765	3.09115143	0.0583476
11	-0.615139905	0.321250845	3.08723169	0.0576498182
12	-0.615246207	0.320629133	3.08006619	0.0588103333
13	-0.615291877	0.320637334	3.08129319	0.0583476923
14	-0.615283486	0.320808932	3.07559673	0.0571742857
15	-0.615180693	0.320700574	3.06660571	0.056848
16	-0.6152691	0.321525616	3.07688571	0.05763
17	-0.615140776	0.322022134	3.06885613	0.0576976471
18	-0.615123684	0.322345997	3.07194698	0.0580064444
19	-0.615288665	0.32225584	3.07596932	0.0577595789
20	-0.615431804	0.322149114	3.08364429	0.0581102
21	-0.615486133	0.32245375	3.07998694	0.0583638095
22	-0.615451316	0.322629512	3.07712571	0.0586567273
23	-0.615475864	0.322497093	3.06872671	0.0584193043
24	-0.615575047	0.322018331	3.06972857	0.0584023333
25	-0.615601901	0.321773578	3.07393189	0.05860704
26	-0.61555436	0.32182498	3.07239275	0.0584410769
27	-0.615409333	0.321975948	3.07634836	0.0583925926
28	-0.615446283	0.321917927	3.07767408	0.0586855714
29	-0.615424146	0.322252867	3.07613734	0.0584624828
30	-0.615386091	0.322099633	3.06917067	0.0581445333
31	-0.615370506	0.322025434	3.07148147	0.0583575484
32	-0.6153695	0.322161706	3.06934143	0.0584
33	-0.615348002	0.322106328	3.06730892	0.0580425455
34	-0.615239513	0.322235653	3.06684118	0.0581285882
35	-0.615315015	0.322206891	3.06847951	0.0582536
36	-0.615327767	0.322183758	3.0643046	0.0582327778
37	-0.615347961	0.322261127	3.06286023	0.0582412973
38	-0.615303952	0.32221614	3.06275293	0.0582502105
39	-0.61526775	0.322241396	3.07077744	0.0582387692
40	-0.615207886	0.322187919	3.06901386	0.0582843
41	-0.615275717	0.322026521	3.0705476	0.0584687805
42	-0.615309914	0.32199197	3.07089946	0.05841
43	-0.615312882	0.322016018	3.07195588	0.0584254884
44	-0.615313178	0.32196998	3.0701839	0.0577770909
45	-0.615239689	0.322011118	3.06928394	0.0577444444
46	-0.615314609	0.322361219	3.07476298	0.0579826087
47	-0.615313224	0.322402236	3.07482395	0.0579675745
48	-0.615353518	0.322644508	3.07294821	0.05823425
49	-0.615429094	0.322570222	3.07283778	0.0583689796
50	-0.615426346	0.322632292	3.07110971	0.05842928
51	-0.615421862	0.322575461	3.07259664	0.0583950588
52	-0.615434498	0.32256399	3.0713233	0.0584095385
53	-0.615383192	0.322636676	3.07107849	0.0583445283
54	-0.615329775	0.322348728	3.06857503	0.0583924444
55	-0.615347796	0.322245665	3.06892281	0.0583716364
56	-0.615400131	0.322234738	3.06651449	0.0582851429
57	-0.615399384	0.322331443	3.06691318	0.0583481404
58	-0.615358566	0.322271427	3.06758562	0.0582455172
59	-0.615343338	0.322202883	3.06703768	0.0581092881
60	-0.615296305	0.322283044	3.06660181	0.0577686
61	-0.615290195	0.322271634	3.0693482	0.058031082
62	-0.615282196	0.322269228	3.07000295	0.0579549677
63	-0.615341837	0.322174083	3.06945805	0.0578728254
64	-0.615341185	0.322083439	3.06705964	0.0575905
65	-0.615362601	0.322045415	3.06721187	0.0574346462
66	-0.615289485	0.321997597	3.0682858	0.0573409091
67	-0.615280078	0.322057569	3.06901808	0.0575143284
68	-0.615228574	0.322030063	3.0672042	0.057364
69	-0.615233333	0.321865156	3.06793226	0.0574
70	-0.615207198	0.321893452	3.06641045	0.0574456
71	-0.615235051	0.321891664	3.06527501	0.0573469296
72	-0.615198451	0.321881419	3.0651	0.0572558889
73	-0.615201718	0.322064011	3.06603679	0.0573955068
74	-0.615196783	0.322046495	3.06565869	0.0573850811
75	-0.615167634	0.32200837	3.06297318	0.05737904
76	-0.615150101	0.321862151	3.06183353	0.0573103158
77	-0.615194023	0.321911234	3.06268208	0.0574985455
78	-0.615215432	0.3219885	3.06404835	0.0574228718
79	-0.615209623	0.322111992	3.06231631	0.0573571139
80	-0.615246344	0.322158733	3.06617914	0.0575272
81	-0.615245247	0.322244275	3.0649279	0.0575364444
82	-0.615215729	0.322340799	3.06316056	0.0575327805
83	-0.615221907	0.32234591	3.06255181	0.0577026024
84	-0.615212897	0.322294518	3.06054735	0.0576734286
85	-0.61519635	0.322191147	3.06201708	0.0577751529
86	-0.615203535	0.322088767	3.0624299	0.0578232558
87	-0.615240242	0.322127418	3.06627619	0.0578465747
88	-0.615204115	0.322114826	3.06446448	0.0578512273
89	-0.615217944	0.322085167	3.06340308	0.0578545169
90	-0.615238622	0.322052514	3.06748787	0.05782
91	-0.615249139	0.322093179	3.06724835	0.0577053187
92	-0.615251259	0.322229526	3.06864857	0.0578238261
93	-0.615256626	0.322217303	3.06814968	0.0578850753
94	-0.615268648	0.32232913	3.06809222	0.0578536596
95	-0.615259041	0.322312487	3.06948361	0.0578657263
96	-0.615263006	0.322217635	3.07039994	0.0579502917
97	-0.615244895	0.322351741	3.0700129	0.0579024742
98	-0.615246989	0.322383757	3.06882956	0.0579412653
99	-0.615286648	0.322289529	3.06892531	0.0581384646
100	-0.615289721	0.322371327	3.06997274	0.05833804
101	-0.615307374	0.322389177	3.07103434	0.0584974257
102	-0.615303434	0.32237701	3.06988493	0.0584579608
103	-0.615307703	0.322359494	3.070119	0.0584802718
104	-0.615304791	0.322307514	3.07072956	0.058528
105	-0.615297314	0.322334338	3.07133573	0.058602819
106	-0.615292298	0.322284068	3.07095833	0.0587281132
107	-0.615303751	0.322321203	3.07050782	0.0587688598
108	-0.615315167	0.322299907	3.0714673	0.0587102222
109	-0.615304143	0.322347839	3.07142674	0.0587300917
110	-0.615318343	0.322273326	3.07151008	0.0587171273
111	-0.615319198	0.322406801	3.07235022	0.0586517838
112	-0.615304497	0.322402715	3.0722798	0.0586177143
113	-0.615337613	0.322355004	3.07323732	0.0588877168
114	-0.615358406	0.32236305	3.07439068	0.0589237895
115	-0.615357066	0.322295968	3.07520045	0.0590359304
116	-0.615331978	0.322317475	3.07406355	0.0587988966
117	-0.615316931	0.322343388	3.07430442	0.058766188
118	-0.615298622	0.32230664	3.07271525	0.0587955254
119	-0.615298561	0.32228443	3.07339395	0.0588675294
120	-0.615280129	0.322236739	3.07464386	0.0589031
121	-0.615280514	0.32225013	3.07548406	0.0588951074
122	-0.615271365	0.322290969	3.07395386	0.0588010164
123	-0.61527935	0.322337844	3.07288218	0.0587187317
124	-0.615269694	0.32235534	3.07161276	0.0586524194
125	-0.615254076	0.322453169	3.07243936	0.058780576
126	-0.61526034	0.322418396	3.07239433	0.0587979365
127	-0.615252033	0.322403428	3.07216463	0.0587969449
128	-0.615227819	0.322407048	3.07067625	0.0587128125
129	-0.615227515	0.322464224	3.07145612	0.0587493953
130	-0.615237732	0.322464242	3.07118066	0.0586588923
131	-0.615269056	0.32244147	3.07146739	0.0588757252
132	-0.615293388	0.322446871	3.07178576	0.0589663939
133	-0.615312027	0.322414024	3.07146814	0.0589186466
134	-0.61529649	0.322353694	3.07119343	0.0588453731
135	-0.615308502	0.322393034	3.07116906	0.0587999111
136	-0.615299906	0.322337357	3.07050277	0.05866
137	-0.615299578	0.322316213	3.07006198	0.0586548321
138	-0.615303786	0.322378862	3.06999615	0.0587081449
139	-0.61530104	0.32236149	3.07038968	0.0587153094
140	-0.615303789	0.322356419	3.07139714	0.0587722857
141	-0.615322449	0.322400009	3.07255457	0.0588004539
142	-0.615313555	0.322488795	3.07327879	0.058776338
143	-0.615296285	0.322412307	3.07288687	0.0587443357
144	-0.615284971	0.322438588	3.07180706	0.058618
145	-0.615272543	0.322389158	3.07096733	0.0586699034
146	-0.615296821	0.322395048	3.07197076	0.0585944932
147	-0.615253783	0.322415958	3.07134604	0.0585776054
148	-0.615259496	0.322408652	3.07227286	0.0586585676
149	-0.615231248	0.322456122	3.07220583	0.0586281611
150	-0.615214084	0.322458264	3.07183051	0.0586241867
151	-0.615190074	0.322480099	3.07154089	0.0585897748
152	-0.615189303	0.322501598	3.07199962	0.0586888421
153	-0.615198882	0.322520984	3.07217162	0.0587859085
154	-0.615194716	0.322502947	3.07115343	0.0587643896
155	-0.615202375	0.322447158	3.07212258	0.0586271226
156	-0.615205152	0.322420968	3.07193055	0.058714
157	-0.61517093	0.322449609	3.07183476	0.0587375796
158	-0.615170887	0.322437774	3.07170499	0.0587443291
159	-0.615142637	0.322417201	3.07065599	0.058641283
160	-0.615147993	0.322428813	3.07084939	0.058607175
161	-0.615163058	0.322464024	3.07310602	0.0586895404
162	-0.61516613	0.322433194	3.07282145	0.0586521975
163	-0.615146463	0.322449977	3.07302419	0.0585967853
164	-0.615137861	0.322497525	3.07372822	0.0585491707
165	-0.615142179	0.322507798	3.07402372	0.0586144242
166	-0.615147516	0.322532967	3.07486967	0.0585830361
167	-0.615156566	0.32250684	3.07472763	0.0585396647
168	-0.615171641	0.322508187	3.0758966	0.0586058571
169	-0.615172422	0.322490743	3.07617096	0.0586329467
170	-0.615176596	0.322587389	3.07655227	0.0585850824
171	-0.615181587	0.322576083	3.07622717	0.058613848
172	-0.615195798	0.32255844	3.07763551	0.0586666279
173	-0.615198359	0.322494196	3.07864476	0.0587202775
174	-0.615208361	0.322611776	3.07931209	0.0586755172
175	-0.615228618	0.322579138	3.07996712	0.0587337371
176	-0.615213823	0.322560336	3.0800726	0.0586888636
177	-0.615222049	0.322533021	3.07959761	0.0586572655
178	-0.61523195	0.322530372	3.08003108	0.0586356854
179	-0.615243926	0.322546575	3.08023923	0.0586745028
180	-0.615257834	0.322541332	3.0809466	0.0587472444
181	-0.615248359	0.322536616	3.08071669	0.0587892376
182	-0.615228679	0.322534287	3.08047724	0.058778989
183	-0.615238074	0.322536916	3.08048881	0.0586796503
184	-0.615236018	0.322508177	3.07997112	0.0586204783
185	-0.615250073	0.322549538	3.08020284	0.0586809297
186	-0.615248411	0.322528775	3.08028525	0.058725914
187	-0.615231607	0.322497771	3.08039811	0.058570738
188	-0.615219871	0.322460696	3.07951854	0.058468
189	-0.615231337	0.322470544	3.08000964	0.0584663069
190	-0.615233589	0.322493526	3.07927477	0.0585341895
191	-0.61523219	0.322501189	3.0790578	0.0584890681
192	-0.615228272	0.322470957	3.07921214	0.0585240417
193	-0.615228228	0.322496027	3.07886605	0.058518114
194	-0.615188662	0.322518426	3.07780798	0.058501134
195	-0.615199301	0.322535663	3.07839467	0.0585004308
196	-0.615210057	0.322509611	3.07746274	0.0585089796
197	-0.61520631	0.322503391	3.07740363	0.0585956954
198	-0.615202618	0.322533918	3.07774661	0.0585955556
199	-0.615198687	0.322522273	3.07723839	0.058509206
200	-0.615199462	0.322553525	3.07735206	0.05856108
