1	-0.7244068	0.413400932	5.90227636	0.10594
2	-0.72448696	0.410295443	5.80610909	0.108748
3	-0.726511973	0.4039609	6.00062303	0.109998667
4	-0.72549066	0.410046086	6.14223818	0.107033
5	-0.725047808	0.410573245	6.16086982	0.1083104
6	-0.725052507	0.4107147	6.14730182	0.111492
7	-0.724809817	0.40811754	6.13786909	0.110776571
8	-0.72543526	0.408022276	6.13762727	0.112613
9	-0.725193209	0.407964904	6.10480808	0.112593778
10	-0.725406264	0.408142431	6.08486327	0.1152332
11	-0.72497504	0.409116924	6.03715041	0.111297455
12	-0.725170547	0.408148995	6.03504727	0.109427333
13	-0.725507969	0.409735998	6.09729734	0.113121538
14	-0.725690846	0.409238017	6.10981299	0.112628
15	-0.725399019	0.409797223	6.07448145	0.111284267
16	-0.72543685	0.409824026	6.08902818	0.1123925
17	-0.725422391	0.410261356	6.07222503	0.110013647
18	-0.725465187	0.410172635	6.09065172	0.112081556
19	-0.725354695	0.409830809	6.08520574	0.111334737
20	-0.725391576	0.409391541	6.08227345	0.1115788
21	-0.725358488	0.409726618	6.08939255	0.11064819
22	-0.725432436	0.409864354	6.0742876	0.111203636
23	-0.725581617	0.410025589	6.09206925	0.112437391
24	-0.72553688	0.410061687	6.09657818	0.112444
25	-0.72568224	0.410388746	6.0915648	0.111744
26	-0.72588732	0.410520713	6.10591469	0.112919846
27	-0.725775956	0.410968009	6.10727192	0.113464444
28	-0.72577202	0.410572456	6.09947662	0.113215286
29	-0.725842781	0.410778346	6.10498006	0.114235586
30	-0.725907373	0.410459062	6.09926909	0.114155333
31	-0.725828563	0.410096701	6.09032023	0.113079742
32	-0.725851265	0.409858087	6.08180682	0.11266325
33	-0.725853998	0.409715137	6.07113344	0.112784727
34	-0.725851739	0.410094182	6.07362588	0.112481059
35	-0.725833653	0.410037147	6.0738479	0.112459771
36	-0.725797576	0.410566386	6.07496545	0.111823222
37	-0.725806499	0.410417019	6.06906575	0.11202227
38	-0.725795669	0.410104699	6.05885761	0.112341368
39	-0.725740234	0.410401224	6.06262042	0.111411692
40	-0.725751528	0.410925254	6.068216	0.1120064
41	-0.725685822	0.411213456	6.06843494	0.111735024
42	-0.725685291	0.4112481	6.07024623	0.112016952
43	-0.725681235	0.411310724	6.06342698	0.111866419
44	-0.725656535	0.411119855	6.05115934	0.111444909
45	-0.72557272	0.411381787	6.05361826	0.111516
46	-0.725577087	0.411551228	6.0531796	0.111497826
47	-0.725541157	0.411826396	6.05635157	0.111253617
48	-0.725459695	0.411712295	6.04793258	0.110968083
49	-0.725504087	0.411406725	6.04856831	0.110967592
50	-0.725566742	0.411431359	6.04680582	0.11128912
51	-0.725536303	0.411397914	6.05210538	0.111403373
52	-0.725554178	0.41158523	6.0494372	0.111485846
53	-0.725553512	0.411309917	6.04234731	0.111954868
54	-0.725564526	0.411358876	6.04123596	0.112033704
55	-0.725605235	0.41123664	6.05204906	0.112298109
56	-0.725594594	0.411098517	6.04497429	0.111894
57	-0.725547694	0.411375988	6.0481327	0.112065404
58	-0.725462265	0.411492786	6.05080853	0.111589103
59	-0.725493231	0.411243692	6.0486649	0.111576814
60	-0.725539961	0.411165936	6.04935139	0.111704733
61	-0.725591731	0.410964245	6.05594408	0.112307869
62	-0.725587441	0.411180309	6.05461924	0.112178516
63	-0.725602187	0.410772322	6.0498886	0.11205854
64	-0.725594096	0.410607978	6.0473792	0.111754813
65	-0.725570421	0.41075659	6.0555689	0.111973354
66	-0.725547813	0.410764729	6.05420143	0.111705818
67	-0.725534775	0.41072729	6.05620407	0.111622328
68	-0.725529255	0.410749751	6.05892973	0.111933353
69	-0.725510666	0.410760832	6.06012321	0.111857913
70	-0.725543334	0.410896641	6.06756042	0.112240971
71	-0.725564451	0.410979586	6.06939288	0.111861972
72	-0.725569082	0.41093006	6.07263535	0.111915222
73	-0.725552011	0.410992464	6.07176648	0.11218137
74	-0.725516875	0.411045159	6.06797002	0.111865351
75	-0.725526012	0.410850838	6.06168921	0.11155392
76	-0.725603602	0.410817195	6.07396344	0.111427474
77	-0.725663294	0.410912388	6.08507674	0.111938701
78	-0.725638911	0.41094656	6.08323711	0.112073744
79	-0.72563341	0.410915744	6.08189349	0.112024911
80	-0.725625577	0.41083567	6.07920355	0.11199885
81	-0.72565061	0.410764046	6.07692471	0.112249037
82	-0.725655844	0.410548957	6.07794732	0.111875122
83	-0.725673703	0.410456001	6.0803476	0.11193094
84	-0.725662452	0.410402382	6.07902468	0.11185119
85	-0.725650968	0.410432858	6.07879461	0.112007247
86	-0.725623054	0.410393809	6.07585395	0.111794558
87	-0.725661685	0.410525044	6.07867503	0.112008368
88	-0.725596375	0.410602771	6.07871322	0.111732364
89	-0.725624801	0.410526637	6.08029312	0.111505213
90	-0.725614021	0.410277673	6.07502594	0.111287733
91	-0.725563811	0.410155502	6.07050733	0.111034505
92	-0.72556308	0.41015783	6.07075194	0.111067043
93	-0.725528712	0.410173401	6.07054029	0.11094314
94	-0.725547803	0.410025135	6.07302762	0.110866723
95	-0.725517227	0.409848058	6.07111663	0.1108424
96	-0.725478271	0.409875403	6.07017629	0.110888542
97	-0.725431953	0.409829357	6.07086523	0.110962598
98	-0.725444264	0.409739856	6.06860096	0.110874449
99	-0.725478246	0.409764577	6.07102487	0.110720404
100	-0.72548733	0.40976179	6.07186938	0.11067048
1	-0.72348616	0.422938937	5.92713455	0.107508
2	-0.72426616	0.414595033	5.82349091	0.109508
3	-0.726474533	0.408450912	6.01989576	0.110526667
4	-0.72573586	0.410895587	6.15792909	0.107593
5	-0.72538944	0.411676973	6.17488582	0.108832
6	-0.725244707	0.411381903	6.16002545	0.111968667
7	-0.724989486	0.408100114	6.14719377	0.111245714
8	-0.72557731	0.407039407	6.14740636	0.1132655
9	-0.725324356	0.406635845	6.1112598	0.113151111
10	-0.725494104	0.406952276	6.08689091	0.1156652
11	-0.72502568	0.407410346	6.04192463	0.111720364
12	-0.725236487	0.406503405	6.03789879	0.109757667
13	-0.725513385	0.408783214	6.09660587	0.113330769
14	-0.72568652	0.408217873	6.10714026	0.112840286
15	-0.725360389	0.408951232	6.07292752	0.111566133
16	-0.72540964	0.40899314	6.08873091	0.112632
17	-0.725434428	0.409423352	6.07172877	0.110192
18	-0.725483964	0.409418908	6.08861414	0.112198222
19	-0.725428025	0.409481272	6.08455732	0.111485474
20	-0.725496604	0.409059178	6.08263164	0.1117102
21	-0.725477733	0.409342381	6.09032277	0.11082
22	-0.725494367	0.409138794	6.07602678	0.111354727
23	-0.725656125	0.409283137	6.09238767	0.112580174
24	-0.725603967	0.409220538	6.09738606	0.112565
25	-0.725723046	0.409866896	6.0912576	0.11191232
26	-0.725901443	0.410341348	6.10585818	0.113072154
27	-0.725800587	0.410807734	6.10618613	0.113614519
28	-0.725770854	0.410623885	6.09941273	0.113385571
29	-0.725846538	0.41080693	6.10518821	0.114437241
30	-0.725902688	0.410647957	6.09960097	0.1143744
31	-0.72583416	0.410276432	6.08969079	0.113308
32	-0.725888865	0.409980859	6.08177864	0.11285575
33	-0.725898688	0.409715087	6.06998413	0.112958667
34	-0.725880348	0.410244529	6.07251508	0.112652706
35	-0.725855904	0.410299174	6.07252197	0.112646629
36	-0.725839873	0.410815361	6.07363455	0.111993667
37	-0.725844238	0.410888009	6.06673022	0.112157838
38	-0.725826223	0.410629095	6.05550813	0.112458526
39	-0.725762039	0.411088954	6.06034163	0.111537846
40	-0.725785268	0.411630263	6.06586436	0.1121134
41	-0.725713247	0.412111879	6.06448621	0.111828195
42	-0.725715095	0.412126145	6.06647463	0.112097619
43	-0.7256901	0.412342116	6.05944812	0.111965488
44	-0.72566558	0.412112852	6.04651355	0.111542636
45	-0.725596994	0.412459496	6.05024372	0.111618578
46	-0.725593094	0.41284754	6.04933866	0.111593826
47	-0.725574102	0.413085917	6.05305609	0.111343404
48	-0.725490267	0.412913939	6.04488273	0.111071667
49	-0.725549001	0.412565735	6.04583733	0.111082694
50	-0.725596362	0.412612501	6.04373556	0.11137008
51	-0.725570952	0.412632276	6.04941148	0.111488784
52	-0.725579482	0.412749592	6.04675846	0.111581769
53	-0.725558207	0.412571338	6.03926148	0.112031094
54	-0.725565644	0.412563497	6.03818909	0.112111852
55	-0.725586988	0.41249359	6.049056	0.112382109
56	-0.725567836	0.412450531	6.0416739	0.1119775
57	-0.725514712	0.412687962	6.04509321	0.112142596
58	-0.725432204	0.412896722	6.04796614	0.111665379
59	-0.725488339	0.412512933	6.04599199	0.111664407
60	-0.725525804	0.41250374	6.04684085	0.111783533
61	-0.725559891	0.412419541	6.05341604	0.112394557
62	-0.725555311	0.41263455	6.05220012	0.112275226
63	-0.725571622	0.412343875	6.04739186	0.112155683
64	-0.725570686	0.412152079	6.04429148	0.111834312
65	-0.725558661	0.412319943	6.05218663	0.112043815
66	-0.725543945	0.41222129	6.05055725	0.111748788
67	-0.725523177	0.412157583	6.05230122	0.111663343
68	-0.725524228	0.412207746	6.05489711	0.111982
69	-0.725493056	0.412376118	6.05590335	0.111904986
70	-0.725524351	0.412412076	6.0625599	0.112274686
71	-0.725553271	0.412453799	6.06431672	0.111883268
72	-0.725544001	0.412383601	6.06742859	0.111927833
73	-0.72551898	0.412480323	6.06645629	0.112190082
74	-0.725476434	0.412424848	6.06257681	0.111881135
75	-0.725497623	0.412177433	6.05677634	0.111590507
76	-0.725571335	0.412071493	6.06856306	0.111456211
77	-0.725632674	0.412118126	6.08024019	0.111971377
78	-0.725599834	0.412097983	6.07862713	0.112094256
79	-0.725590852	0.412114761	6.07717413	0.112043848
80	-0.725588439	0.412081685	6.07423573	0.11199695
81	-0.725618616	0.411948803	6.07190869	0.112234519
82	-0.725618484	0.411777918	6.07336231	0.111865659
83	-0.725634701	0.411729094	6.07509713	0.111918169
84	-0.725619377	0.411676387	6.07369281	0.111845048
85	-0.725593972	0.411708453	6.07350169	0.112009176
86	-0.725567309	0.411654826	6.07104178	0.111798
87	-0.7255992	0.411765207	6.07415139	0.112024368
88	-0.725538801	0.41180941	6.07442702	0.111753682
89	-0.725568296	0.411726248	6.07618623	0.11151591
90	-0.725557078	0.41140002	6.07103798	0.111307244
91	-0.725512801	0.41129181	6.06684188	0.111046637
92	-0.725509111	0.41129728	6.06703731	0.111072957
93	-0.725481898	0.411282323	6.06685013	0.110950796
94	-0.725499836	0.41126364	6.069093	0.110876894
95	-0.725467387	0.41119101	6.06734438	0.110847242
96	-0.725424418	0.41123042	6.06616788	0.11089175
97	-0.72537805	0.411188928	6.06732041	0.110956124
98	-0.725395608	0.411104859	6.06527659	0.110866122
99	-0.725441366	0.411111065	6.06776771	0.110714747
100	-0.725442763	0.411110854	6.06841964	0.11066216
101	-0.725453375	0.411174826	6.07204364	0.110732119
102	-0.725419464	0.411192286	6.06942481	0.110796745
103	-0.725424583	0.411156352	6.06403206	0.110436893
104	-0.725407432	0.411089252	6.06294301	0.110494654
105	-0.725434893	0.41104925	6.06376748	0.110380838
106	-0.725410352	0.411029178	6.06410971	0.110585547
107	-0.725401889	0.411107955	6.06252058	0.11053929
108	-0.725394018	0.411014137	6.05861926	0.110386074
109	-0.725390957	0.410906091	6.05691616	0.110325835
110	-0.725359409	0.410855935	6.05524344	0.110221345
111	-0.725358254	0.410773754	6.05610182	0.110309117
112	-0.725360999	0.410753978	6.05756162	0.110060679
113	-0.725374913	0.410697507	6.05621245	0.110044779
114	-0.72535458	0.410479973	6.05277423	0.110055298
115	-0.725318126	0.410432376	6.04913568	0.110104557
116	-0.725306778	0.410528885	6.0509121	0.110207862
117	-0.725267315	0.410525665	6.04986654	0.110199932
118	-0.725278855	0.410719456	6.05327008	0.110190203
119	-0.725295034	0.410701852	6.05859856	0.110274387
120	-0.725288938	0.410690366	6.05911824	0.110183567
121	-0.725262398	0.410732054	6.06001785	0.11023395
122	-0.725286053	0.410868505	6.06410259	0.110437082
123	-0.725279016	0.410978508	6.06634507	0.110893886
124	-0.72529294	0.410939808	6.0700749	0.11118571
125	-0.725316483	0.411106631	6.07513734	0.11152016
126	-0.725305667	0.411074467	6.07280444	0.111413492
127	-0.725283249	0.411140696	6.07096275	0.111390772
128	-0.725292944	0.411272009	6.07329415	0.111503469
129	-0.725315082	0.411348693	6.0770555	0.111602171
130	-0.725305252	0.411191477	6.07431513	0.111471846
131	-0.725308385	0.411242628	6.07394748	0.111397893
132	-0.725302704	0.411146761	6.07014336	0.111471576
133	-0.725303879	0.411121147	6.07117129	0.111434556
134	-0.725295125	0.411175323	6.0705886	0.111577164
135	-0.725309901	0.411050628	6.07033535	0.111542459
136	-0.725326009	0.411123009	6.07281791	0.111703382
137	-0.725341328	0.411078352	6.07220433	0.111735036
138	-0.725369791	0.411034711	6.07515958	0.111718522
139	-0.725349946	0.410906986	6.07267275	0.111517468
140	-0.725359425	0.41087414	6.07491865	0.111665543
141	-0.725348298	0.410810392	6.0713307	0.111378043
142	-0.725332981	0.410836947	6.06957649	0.111482845
143	-0.725325621	0.410780995	6.07039049	0.111430685
144	-0.725298993	0.4107385	6.0670252	0.11118575
145	-0.725278361	0.410664052	6.0657124	0.111024248
146	-0.725283248	0.410705658	6.06766521	0.110932247
147	-0.725255215	0.410705267	6.06665316	0.110869578
148	-0.725250046	0.410724641	6.06707455	0.110721216
149	-0.725225504	0.41068008	6.06566497	0.110692644
150	-0.725228138	0.410651849	6.06562448	0.11072424
151	-0.725213704	0.410662358	6.06744727	0.11079645
152	-0.725213862	0.410662412	6.06992158	0.110877289
153	-0.725225531	0.410600355	6.0691547	0.11091315
154	-0.725228379	0.410496623	6.06895089	0.110959195
155	-0.725213401	0.410454257	6.06679071	0.110871355
156	-0.725202028	0.410344308	6.06440462	0.11078859
157	-0.725186243	0.410354718	6.06344611	0.110901936
158	-0.725187074	0.410392632	6.06508543	0.111039772
159	-0.725184172	0.410330716	6.06539385	0.111112981
160	-0.725179049	0.410330843	6.06461845	0.11110995
161	-0.725182735	0.410341258	6.06508829	0.111216248
162	-0.725175813	0.410303711	6.06592184	0.11111163
163	-0.725146356	0.410268898	6.06551741	0.111165669
164	-0.72514341	0.41026453	6.06488661	0.111148561
165	-0.725166003	0.41032716	6.06876879	0.111257745
166	-0.725158452	0.410318388	6.06754585	0.111081639
167	-0.725165377	0.410270695	6.0676145	0.110965844
168	-0.725171975	0.410281641	6.06787416	0.110889214
169	-0.72520668	0.410291869	6.07145343	0.110984876
170	-0.725218571	0.410304045	6.07237001	0.111149718
171	-0.725211342	0.410290273	6.07411475	0.111215041
172	-0.725225723	0.410340434	6.07686152	0.111346628
173	-0.72522772	0.410293433	6.07487184	0.111201017
174	-0.725229094	0.410261301	6.07250583	0.111171954
175	-0.725231738	0.410270034	6.07124862	0.11110688
176	-0.725217452	0.410322826	6.07174252	0.111106705
177	-0.725238566	0.410296135	6.07486977	0.111277446
178	-0.725242101	0.410290324	6.07429871	0.111356742
179	-0.725243134	0.410268574	6.07372831	0.111334346
180	-0.725247871	0.41022091	6.07394937	0.111246867
181	-0.725238059	0.410321369	6.07518831	0.111211249
182	-0.72522609	0.410367287	6.0758034	0.111203385
183	-0.725215023	0.410295053	6.07478104	0.111162098
184	-0.725194302	0.4102648	6.07317854	0.111008587
185	-0.725209682	0.410269052	6.07438884	0.111134919
186	-0.725200495	0.410274769	6.07443558	0.111076387
187	-0.725193284	0.4102896	6.07204169	0.110825711
188	-0.725183851	0.410305725	6.06993605	0.110726574
189	-0.725200546	0.410399646	6.06989687	0.110810392
190	-0.725213747	0.410443849	6.07047878	0.110790484
191	-0.725210642	0.410479787	6.07205986	0.110957236
192	-0.725208813	0.410491635	6.07101258	0.110899
193	-0.725200162	0.410527002	6.07029863	0.110774964
194	-0.725202887	0.410555211	6.07197038	0.110903134
195	-0.725203355	0.410515476	6.07072779	0.110990338
196	-0.725217546	0.410462912	6.07041135	0.11098751
197	-0.725210291	0.410469838	6.0706771	0.110882071
198	-0.725210268	0.410517692	6.07164628	0.110830586
199	-0.725211239	0.410550027	6.06967463	0.110783035
200	-0.725225557	0.410592659	6.06960309	0.11093586
