1	-0.682104	0.358712958	4.31736667
2	-0.684716	0.371090861	4.47726333
3	-0.684458667	0.368910167	4.42171333
4	-0.682798	0.371191221	4.37561167
5	-0.6824512	0.370949559	4.37173867
6	-0.682545333	0.370971992	4.38732444
7	-0.682653714	0.368731368	4.41324667
8	-0.682727	0.367647163	4.4048175
9	-0.682750222	0.366771629	4.37192222
10	-0.6827896	0.366915699	4.36342533
11	-0.682783273	0.367091929	4.36144727
12	-0.682558667	0.365621283	4.36394333
13	-0.682516308	0.365935372	4.37774051
14	-0.682654857	0.36568598	4.39125
15	-0.6826048	0.365221486	4.38482178
16	-0.682746	0.365541023	4.41067833
17	-0.682624471	0.3660076	4.40448784
18	-0.682508444	0.366407859	4.40884333
19	-0.682622737	0.366639933	4.41615965
20	-0.6827188	0.366443201	4.42060667
21	-0.682780571	0.366844106	4.42016349
22	-0.682773455	0.367263557	4.42179727
23	-0.68281913	0.366993308	4.42544986
24	-0.682848333	0.367104364	4.42506
25	-0.68291456	0.367980459	4.4285256
26	-0.682961846	0.367799303	4.42852821
27	-0.682735407	0.367492725	4.42717086
28	-0.682772286	0.366967045	4.42601857
29	-0.682874759	0.367240555	4.43043126
30	-0.682888533	0.36756669	4.43544
31	-0.682828129	0.368189548	4.43872172
32	-0.682927	0.367974527	4.45068562
33	-0.682847758	0.367686308	4.44802929
34	-0.682917882	0.367715945	4.44721941
35	-0.682956343	0.367624118	4.444396
36	-0.682925778	0.367683089	4.43576759
37	-0.682923243	0.36780665	4.43141964
38	-0.682917895	0.368033048	4.43240579
39	-0.682918769	0.368232419	4.43499179
40	-0.6828818	0.368194809	4.428673
41	-0.682897366	0.368396366	4.43035268
42	-0.682957143	0.368386031	4.43336397
43	-0.682941767	0.368550058	4.42894992
44	-0.682978	0.368558188	4.43635348
45	-0.682846933	0.368795501	4.43414681
46	-0.682888522	0.368964487	4.43812174
47	-0.682842723	0.368959641	4.43484965
48	-0.682827	0.369143439	4.43035431
49	-0.682825143	0.369081239	4.42285619
50	-0.6829288	0.36925997	4.43172533
51	-0.682902588	0.369404781	4.43356523
52	-0.682946769	0.369669967	4.43387885
53	-0.682966038	0.369813468	4.43515836
54	-0.682973333	0.369811309	4.43829259
55	-0.683013091	0.369887224	4.43683576
56	-0.683019143	0.369927112	4.43651452
57	-0.682946526	0.370092149	4.43448725
58	-0.682923448	0.370274836	4.43208747
59	-0.682873085	0.370093152	4.42844249
60	-0.682875733	0.370219983	4.43324878
61	-0.682863213	0.370210923	4.43330393
62	-0.682863871	0.370241867	4.43070215
63	-0.682924571	0.370207026	4.43540847
64	-0.682938375	0.370262591	4.43746885
65	-0.682893538	0.370341627	4.43531364
66	-0.682859273	0.37016082	4.43598929
67	-0.682828537	0.370084456	4.43674746
68	-0.682807294	0.369993674	4.43360245
69	-0.682749565	0.369927691	4.43367024
70	-0.682755886	0.369965258	4.430944
71	-0.682699718	0.369903033	4.42659502
72	-0.682667556	0.369828383	4.42236139
73	-0.682647342	0.369980134	4.42238
74	-0.682641838	0.369833904	4.42255676
75	-0.682607467	0.369782783	4.42323164
76	-0.682627158	0.369814496	4.42046035
77	-0.682626805	0.369834925	4.42131022
78	-0.682607282	0.369871256	4.41669709
79	-0.682584	0.37000596	4.41573553
80	-0.6825767	0.369951927	4.41386833
81	-0.682548247	0.369949197	4.41202123
82	-0.682548683	0.369759184	4.41167203
83	-0.682555373	0.369798216	4.41495349
84	-0.682554857	0.369810179	4.41357111
85	-0.682534212	0.369800647	4.41385137
86	-0.682495163	0.3697368	4.41333395
87	-0.682496092	0.369706014	4.41177877
88	-0.682477727	0.369799959	4.4113375
89	-0.682477303	0.369685277	4.40984659
90	-0.682463378	0.369610912	4.40903052
91	-0.682429099	0.369597929	4.41182667
92	-0.682457043	0.3695704	4.41407123
93	-0.682433118	0.369585752	4.41282
94	-0.682446809	0.369603724	4.41305823
95	-0.682427368	0.369557939	4.41190618
96	-0.6824155	0.369492268	4.41332736
97	-0.682401897	0.369544037	4.41597828
98	-0.682398776	0.369458697	4.41633782
99	-0.682411717	0.369521368	4.41682283
100	-0.6824156	0.369561655	4.41786387
1	-0.682288	0.368484898	4.36408
2	-0.684568	0.375983853	4.48617667
3	-0.684272	0.372751013	4.43407778
4	-0.682732	0.373976762	4.37904667
5	-0.68236	0.373233907	4.37163733
6	-0.682472	0.3725195	4.38368889
7	-0.682586286	0.369290593	4.40569524
8	-0.682613	0.368911908	4.39644083
9	-0.682710222	0.367568586	4.36420296
10	-0.6826568	0.368013064	4.35860467
11	-0.6828	0.367383626	4.35785697
12	-0.682612667	0.365935961	4.36009056
13	-0.68252	0.365716788	4.37267487
14	-0.682684	0.365819176	4.38594238
15	-0.682602133	0.365210027	4.38206133
16	-0.6827265	0.365594195	4.40642208
17	-0.682597647	0.366217479	4.40105843
18	-0.682490667	0.366895884	4.40512667
19	-0.682620632	0.36727161	4.41342632
20	-0.6827536	0.366884074	4.41947533
21	-0.682825905	0.367400159	4.41862825
22	-0.682796727	0.367837068	4.42085212
23	-0.682860522	0.367529748	4.42532145
24	-0.682910667	0.367693965	4.42496944
25	-0.68298112	0.368303446	4.4281712
26	-0.683004923	0.368418057	4.42693615
27	-0.682776889	0.368310785	4.42568716
28	-0.682794286	0.367778537	4.42483024
29	-0.682913103	0.368183998	4.43085609
30	-0.682897333	0.368663566	4.43539511
31	-0.682830194	0.36927654	4.43788194
32	-0.68295325	0.368795279	4.45015604
33	-0.682872	0.368535412	4.44806788
34	-0.682933176	0.368662595	4.44796176
35	-0.682986971	0.368583829	4.44499524
36	-0.682969778	0.368801709	4.43757444
37	-0.682969514	0.368986834	4.43252919
38	-0.682936421	0.369207309	4.43398789
39	-0.682925538	0.369517173	4.4363012
40	-0.6828738	0.369459164	4.429485
41	-0.682876683	0.369782389	4.43090797
42	-0.682951429	0.369775638	4.43405619
43	-0.682933953	0.369805372	4.42954899
44	-0.682955455	0.369754986	4.43692212
45	-0.682840711	0.370041113	4.43420459
46	-0.682870261	0.370349126	4.43738826
47	-0.682830809	0.370379233	4.43392567
48	-0.682801	0.370511119	4.42934736
49	-0.682822367	0.370393596	4.42196381
50	-0.68290064	0.370680437	4.43085613
51	-0.682879529	0.370785963	4.43221987
52	-0.682905846	0.371075465	4.43183038
53	-0.682894038	0.371222418	4.43263975
54	-0.682889185	0.37111261	4.43506012
55	-0.682916364	0.371084288	4.43330582
56	-0.682935714	0.371178814	4.43290202
57	-0.682868211	0.371241057	4.43118012
58	-0.682848414	0.371411375	4.4287246
59	-0.682828203	0.37117906	4.42550226
60	-0.682827733	0.371310428	4.43003422
61	-0.682806426	0.37126248	4.43030339
62	-0.6828	0.3712593	4.42785075
63	-0.682863492	0.371186313	4.43249407
64	-0.68289075	0.371174312	4.43469167
65	-0.682862277	0.371225412	4.43295969
66	-0.682825697	0.371033675	4.43333798
67	-0.682793433	0.370952015	4.43331711
68	-0.682766471	0.370985911	4.43044961
69	-0.682711072	0.370875087	4.43065517
70	-0.682709943	0.370898832	4.42767229
71	-0.682665239	0.370802812	4.42327822
72	-0.682623333	0.370724318	4.41888806
73	-0.682605041	0.370841765	4.418861
74	-0.682581946	0.370677461	4.41910468
75	-0.682554773	0.370553328	4.41972187
76	-0.682579263	0.370507313	4.41714123
77	-0.682582649	0.370570681	4.41773359
78	-0.682549744	0.370607239	4.41311949
79	-0.682524253	0.370749918	4.41207122
80	-0.6825197	0.37072963	4.4101535
81	-0.682494716	0.370667293	4.40810922
82	-0.682478537	0.37061305	4.40755317
83	-0.682486072	0.370734431	4.41082145
84	-0.682488286	0.370695752	4.40945349
85	-0.682461835	0.370654079	4.40951506
86	-0.682431163	0.370595815	4.40897527
87	-0.682422253	0.370605497	4.4073046
88	-0.682419364	0.370691459	4.40694114
89	-0.682423281	0.370640251	4.40552592
90	-0.682412889	0.370545863	4.40528741
91	-0.682379429	0.370484278	4.40798234
92	-0.682400957	0.370443579	4.41033616
93	-0.682385978	0.370425049	4.40923864
94	-0.682396426	0.370524848	4.4094073
95	-0.682372884	0.370502939	4.40849326
96	-0.682352167	0.37052311	4.40959771
97	-0.682334021	0.37059915	4.41231278
98	-0.682336735	0.370469326	4.41265544
99	-0.682359354	0.370540293	4.41332808
100	-0.68236104	0.370518005	4.4142212
101	-0.682394535	0.370437287	4.4143402
102	-0.682349882	0.370407011	4.41225529
103	-0.682387806	0.370334202	4.41553146
104	-0.682375769	0.370285686	4.41360641
105	-0.682349714	0.370175621	4.41345587
106	-0.68233283	0.370227949	4.41294937
107	-0.682350654	0.370201293	4.41393813
108	-0.682349111	0.370265592	4.41375957
109	-0.682371156	0.370230681	4.41376446
110	-0.682366036	0.37008129	4.41264939
111	-0.682349622	0.370140124	4.4134409
112	-0.682372786	0.370185264	4.4165672
113	-0.682394053	0.370174059	4.4170472
114	-0.682397614	0.37009685	4.41671281
115	-0.682396104	0.370165239	4.41915316
116	-0.682388138	0.370162016	4.42002822
117	-0.68236465	0.370204468	4.41832245
118	-0.682381356	0.37031208	4.41869802
119	-0.68236679	0.37034575	4.4190312
120	-0.682347533	0.37027083	4.42113583
121	-0.682336264	0.370270702	4.4218546
122	-0.68233423	0.370362871	4.42304798
123	-0.682316683	0.370381592	4.42412125
124	-0.682320323	0.370361674	4.42471231
125	-0.682332928	0.370425497	4.42536405
126	-0.682318857	0.370462598	4.42654407
127	-0.68230778	0.370514021	4.42516593
128	-0.682328625	0.370522733	4.42566964
129	-0.682341271	0.370479835	4.42711959
130	-0.682328923	0.370379931	4.42495769
131	-0.682324397	0.370448666	4.42429023
132	-0.682338485	0.370443861	4.42450576
133	-0.682345805	0.370474084	4.42402571
134	-0.682331284	0.370586591	4.42500174
135	-0.682312415	0.370630135	4.42458133
136	-0.682291765	0.370568249	4.42433529
137	-0.68229892	0.370593343	4.42465776
138	-0.68230371	0.370574922	4.42491478
139	-0.682308374	0.370565572	4.42767055
140	-0.682294229	0.370559125	4.42658886
141	-0.68230434	0.370526692	4.42787158
142	-0.682311606	0.370554221	4.42882948
143	-0.682292867	0.370571758	4.42585133
144	-0.682268167	0.370577896	4.42389727
145	-0.682266703	0.370615044	4.42294533
146	-0.682280493	0.370644983	4.42532511
147	-0.682244952	0.370641874	4.42357397
148	-0.682225892	0.370622744	4.4244509
149	-0.682216215	0.370681061	4.42413096
150	-0.682208907	0.370718897	4.42363027
151	-0.682193166	0.370728405	4.42307007
152	-0.682185316	0.370730548	4.42144123
153	-0.682189595	0.370741808	4.42331721
154	-0.682175481	0.370727178	4.42260511
155	-0.682181523	0.370669708	4.42176946
156	-0.682188308	0.370559233	4.42244269
157	-0.682166318	0.370656379	4.42250845
158	-0.682160759	0.370717261	4.42206224
159	-0.682151195	0.370694771	4.4211439
160	-0.68216885	0.370701722	4.42047846
161	-0.682135453	0.370737518	4.41936004
162	-0.682128346	0.370712593	4.41816872
163	-0.682123681	0.370663787	4.41742258
164	-0.682113122	0.370709707	4.41943622
165	-0.682113406	0.370711697	4.41928154
166	-0.682133542	0.370644422	4.4181843
167	-0.682122347	0.370687522	4.41776164
168	-0.682127571	0.370728527	4.41760821
169	-0.682153136	0.370725667	4.41826635
170	-0.682173224	0.370760818	4.41787435
171	-0.682173287	0.370822067	4.41913287
172	-0.682196698	0.370805006	4.41898919
173	-0.682184046	0.370862652	4.4180889
174	-0.682189425	0.370830209	4.41641115
175	-0.682206034	0.370822979	4.41753029
176	-0.682211818	0.370833045	4.41724723
177	-0.682224588	0.3708494	4.41908188
178	-0.682222742	0.370815088	4.41935105
179	-0.682238078	0.370834424	4.42087397
180	-0.6822568	0.370859154	4.42129085
181	-0.682236155	0.370841587	4.42072033
182	-0.682213495	0.370825538	4.42106454
183	-0.682211235	0.37080499	4.42086284
184	-0.682218826	0.370810115	4.42193464
185	-0.682231568	0.370819343	4.42219117
186	-0.682216129	0.370838518	4.42106219
187	-0.68220261	0.37081417	4.4191241
188	-0.682213872	0.3707967	4.41775713
189	-0.682199788	0.37086323	4.41686903
190	-0.682215242	0.370910474	4.41765986
191	-0.682210052	0.370909739	4.41674531
192	-0.682212417	0.370856611	4.41492785
193	-0.682199171	0.370862169	4.41528259
194	-0.682181526	0.370885521	4.41561931
195	-0.682186626	0.370848984	4.41543378
196	-0.682193959	0.37077736	4.41568854
197	-0.682190497	0.370758234	4.41458447
198	-0.682191677	0.370792992	4.41428714
199	-0.682195658	0.370823076	4.41448027
200	-0.682197	0.370827462	4.4140256
