1	-0.613512	0.308762904	3.06898857
2	-0.613988	0.313100747	2.96187143
3	-0.613333333	0.313251377	2.96446857
4	-0.612554	0.315052521	2.95429857
5	-0.612056	0.315962812	2.94557714
6	-0.612552	0.314523938	2.94487048
7	-0.613193143	0.313650979	2.96214612
8	-0.613468	0.314113632	2.95288
9	-0.613466667	0.313619532	2.95151556
10	-0.6131096	0.313689388	2.92632171
11	-0.612986182	0.314502344	2.93285455
12	-0.613081333	0.314410991	2.94032667
13	-0.613076923	0.315138512	2.94102857
14	-0.613042286	0.315542032	2.93849224
15	-0.612955733	0.315280316	2.93668076
16	-0.6128875	0.315715165	2.94453643
17	-0.612775059	0.316235892	2.93659899
18	-0.612736444	0.315980601	2.93514444
19	-0.612778105	0.315912924	2.93309173
20	-0.612768	0.315894324	2.93438343
21	-0.612880762	0.315943697	2.93614585
22	-0.612787273	0.316337305	2.93422104
23	-0.61282713	0.316470688	2.93227677
24	-0.612872333	0.316373245	2.9345631
25	-0.61288608	0.316236904	2.93675429
26	-0.612836923	0.316792603	2.93846593
27	-0.612791704	0.316785118	2.93308868
28	-0.612814286	0.316487359	2.93562939
29	-0.612758621	0.316619744	2.92515212
30	-0.612712267	0.316290012	2.92694571
31	-0.61267329	0.316362929	2.92648516
32	-0.612681	0.316248107	2.92575411
33	-0.612674424	0.316198171	2.9241484
34	-0.612664471	0.31651658	2.92537193
35	-0.612773714	0.316479069	2.92947265
36	-0.612853333	0.316196282	2.93015603
37	-0.612913946	0.316148583	2.9307356
38	-0.612901053	0.31606511	2.93116316
39	-0.612821128	0.316041851	2.92819238
40	-0.6128028	0.316256188	2.92642243
41	-0.612895024	0.316208632	2.93149882
42	-0.612937333	0.316207802	2.92978735
43	-0.612999256	0.316434104	2.93309223
44	-0.613012909	0.316601603	2.93257364
45	-0.612950933	0.316602628	2.93243479
46	-0.612979652	0.316644446	2.93489317
47	-0.612991149	0.316759051	2.94110116
48	-0.6130365	0.316915182	2.94185952
49	-0.613070857	0.31689132	2.94286612
50	-0.61310656	0.31697379	2.94547806
51	-0.613110902	0.317014702	2.94568123
52	-0.613168308	0.317136534	2.94640615
53	-0.613140226	0.317116273	2.9457324
54	-0.613101185	0.317048386	2.94713958
55	-0.6131408	0.317146932	2.94790608
56	-0.613183429	0.317035854	2.95045347
57	-0.613171088	0.317149909	2.95084662
58	-0.613161379	0.317028921	2.94913645
59	-0.613171119	0.317036716	2.9492122
60	-0.6131824	0.317126747	2.95059971
61	-0.613190951	0.317044726	2.94887738
62	-0.613219613	0.317046292	2.95073917
63	-0.613270222	0.316893718	2.95055256
64	-0.613273125	0.316996613	2.95105893
65	-0.613298585	0.317000572	2.95075033
66	-0.613232242	0.317083291	2.95097455
67	-0.613263522	0.317005202	2.95360648
68	-0.613278	0.317025187	2.95514042
69	-0.613296	0.316992956	2.95537325
70	-0.613255314	0.317023187	2.95449396
71	-0.613282254	0.317097427	2.95585247
72	-0.613260667	0.317216898	2.95706127
73	-0.613278137	0.317301732	2.95629276
74	-0.613272108	0.31733703	2.95646625
75	-0.61325056	0.317341345	2.95569547
76	-0.613252737	0.317362958	2.95481414
77	-0.613267948	0.317387011	2.95487644
78	-0.613263692	0.317480695	2.95535209
79	-0.613261266	0.317530979	2.95336991
80	-0.6132679	0.317598328	2.95454864
81	-0.613271111	0.317629803	2.95462864
82	-0.613237073	0.317698606	2.95547108
83	-0.613223036	0.31771872	2.95706582
84	-0.613224762	0.317638546	2.95769306
85	-0.613217976	0.317593155	2.9571036
86	-0.613205674	0.317532097	2.95958671
87	-0.613218943	0.317519328	2.96190634
88	-0.613201273	0.317500286	2.96176435
89	-0.613227236	0.317437573	2.96101618
90	-0.613201244	0.317333939	2.95901473
91	-0.613207473	0.317334318	2.95830964
92	-0.613220348	0.317385539	2.95773261
93	-0.613197677	0.317363104	2.95859496
94	-0.613204	0.317415956	2.95993696
95	-0.613212126	0.317324539	2.96024223
96	-0.613176667	0.317327527	2.96035976
97	-0.613187876	0.31734146	2.96307193
98	-0.613218041	0.317305409	2.96325586
99	-0.613239354	0.317347287	2.96411273
100	-0.6132296	0.317301322	2.96496017
1	-0.61288	0.310412898	3.07034857
2	-0.613516	0.313100848	2.96552571
3	-0.612893333	0.315030532	2.97289333
4	-0.61254	0.316905869	2.96468571
5	-0.6121632	0.316997601	2.95923886
6	-0.612710667	0.316224869	2.95616762
7	-0.613315429	0.315811188	2.9751698
8	-0.613435	0.315913839	2.96426429
9	-0.613621333	0.315072924	2.96197206
10	-0.6132152	0.315007586	2.93592457
11	-0.613152727	0.315141983	2.93958234
12	-0.613234667	0.31493018	2.94855429
13	-0.613162462	0.315356289	2.94644352
14	-0.613125714	0.315920104	2.94256082
15	-0.613032	0.315922576	2.94139124
16	-0.612998	0.316456321	2.95056
17	-0.612863059	0.317240019	2.94392067
18	-0.612844889	0.317037298	2.94206032
19	-0.612934737	0.316966484	2.93985835
20	-0.6129664	0.316431105	2.94129143
21	-0.613063619	0.316655523	2.9400849
22	-0.612963636	0.316958627	2.93833221
23	-0.612988174	0.316929761	2.93648745
24	-0.613033333	0.316789383	2.93846095
25	-0.61299648	0.316642726	2.93877623
26	-0.612953538	0.317169012	2.94025582
27	-0.612906963	0.317188152	2.93532868
28	-0.612929143	0.316935836	2.93752531
29	-0.612834759	0.317162928	2.92719271
30	-0.612774933	0.317107054	2.92853429
31	-0.612723613	0.317190136	2.92832903
32	-0.61274725	0.317112168	2.92719357
33	-0.612744485	0.317076846	2.92570719
34	-0.612739059	0.317240377	2.92674269
35	-0.6128704	0.317153818	2.93101518
36	-0.612958222	0.316754148	2.93120143
37	-0.613011027	0.316878299	2.93181591
38	-0.612969263	0.316716446	2.93138872
39	-0.612886769	0.316616612	2.92783223
40	-0.6128764	0.316903626	2.92644871
41	-0.612969171	0.316886873	2.93053366
42	-0.613010095	0.316855616	2.92962327
43	-0.613050605	0.317050987	2.9325406
44	-0.613057818	0.317221823	2.93218143
45	-0.613018844	0.317285499	2.93168863
46	-0.613051652	0.317382208	2.93463938
47	-0.613073362	0.317408585	2.94151951
48	-0.613121167	0.317608823	2.9420206
49	-0.613169306	0.317607835	2.94286449
50	-0.61318752	0.317714533	2.94561931
51	-0.61318902	0.31768607	2.94632258
52	-0.613218462	0.317854097	2.94740681
53	-0.613169509	0.317896324	2.94621348
54	-0.613129481	0.317719003	2.94741524
55	-0.613149527	0.317754692	2.94796634
56	-0.613199286	0.317655776	2.95037837
57	-0.613215579	0.317743913	2.95080602
58	-0.613216552	0.317673528	2.94924148
59	-0.613235797	0.317592353	2.94928407
60	-0.613224	0.317627246	2.95083714
61	-0.613204197	0.317594521	2.94930726
62	-0.613215355	0.31769633	2.95121235
63	-0.613262476	0.3176017	2.95093052
64	-0.6132785	0.317650148	2.95170902
65	-0.613317169	0.317611532	2.95154936
66	-0.613244848	0.31762	2.95162935
67	-0.613273672	0.317503744	2.95414217
68	-0.613273412	0.317523751	2.95546294
69	-0.613280696	0.317469127	2.95582476
70	-0.613246286	0.317465705	2.95540343
71	-0.613284394	0.317563577	2.95708499
72	-0.613256111	0.317685923	2.95834294
73	-0.613262575	0.317726912	2.95719773
74	-0.613237622	0.317706304	2.95718672
75	-0.613235307	0.317661204	2.95626194
76	-0.613237053	0.317585377	2.95525414
77	-0.613243429	0.317581439	2.95468727
78	-0.613234359	0.317667172	2.95552615
79	-0.613233823	0.317739084	2.95368369
80	-0.6132294	0.31772914	2.95493186
81	-0.613246025	0.317750328	2.95538215
82	-0.613208	0.317849784	2.95604711
83	-0.613204627	0.317896709	2.95775628
84	-0.613204286	0.317815186	2.95835571
85	-0.613194071	0.317773706	2.95722198
86	-0.61319107	0.317749386	2.95998392
87	-0.613196506	0.317734771	2.96230535
88	-0.613198455	0.317701473	2.96200747
89	-0.613222292	0.317652505	2.96126632
90	-0.613199822	0.317551604	2.95931371
91	-0.613212308	0.317506183	2.95855498
92	-0.613225478	0.317571963	2.95834615
93	-0.613208774	0.317590369	2.95939883
94	-0.613222979	0.317651694	2.96078462
95	-0.613232505	0.317605973	2.96147591
96	-0.613195833	0.317625574	2.96139774
97	-0.613198268	0.31773978	2.96408636
98	-0.613237224	0.317701634	2.96414268
99	-0.613260606	0.317684954	2.96494915
100	-0.61324712	0.317631254	2.9661508
101	-0.613273584	0.317665374	2.96627966
102	-0.613259922	0.317679375	2.9666265
103	-0.613273165	0.3177339	2.96660788
104	-0.613275615	0.317702165	2.96673571
105	-0.613284952	0.317760815	2.96776561
106	-0.613262943	0.317681759	2.96666129
107	-0.613276037	0.317700833	2.96607012
108	-0.613294593	0.317696905	2.96593614
109	-0.613293431	0.317738265	2.96580676
110	-0.613313309	0.317721213	2.96820374
111	-0.613303207	0.31774847	2.96734878
112	-0.613302357	0.317728984	2.96696148
113	-0.613303363	0.317733155	2.9661602
114	-0.613317263	0.317684678	2.96608962
115	-0.613313252	0.317673118	2.96502713
116	-0.613318069	0.317706312	2.96547291
117	-0.613311932	0.317726605	2.96596161
118	-0.613307458	0.31774679	2.96715361
119	-0.613288739	0.317792777	2.96700375
120	-0.613276667	0.317791437	2.96775695
121	-0.613276496	0.317801383	2.96861365
122	-0.613259148	0.317803934	2.96849148
123	-0.613254439	0.317846978	2.96858904
124	-0.613256387	0.317847541	2.9693029
125	-0.613247168	0.317869996	2.9679189
126	-0.613259619	0.317814469	2.96761329
127	-0.613242709	0.317855855	2.96775406
128	-0.613248813	0.317926395	2.9686629
129	-0.613236279	0.317997725	2.96912292
130	-0.613257846	0.317947192	2.96923767
131	-0.613281466	0.317872158	2.96954342
132	-0.613266848	0.317957498	2.96973823
133	-0.613295218	0.317924773	2.97026492
134	-0.613277075	0.317946545	2.96992397
135	-0.613287585	0.317936303	2.96998273
136	-0.613294	0.317875212	2.97079105
137	-0.613296701	0.317877645	2.97030298
138	-0.613312058	0.317903396	2.9707911
139	-0.613312173	0.317853226	2.9716904
140	-0.6133212	0.317803724	2.97158363
141	-0.613317844	0.317852426	2.9703936
142	-0.613309183	0.317927876	2.97124571
143	-0.613304168	0.317930293	2.97288288
144	-0.613311389	0.317921481	2.97337115
145	-0.613300138	0.31788344	2.97308985
146	-0.613337589	0.317843549	2.97341025
147	-0.613312327	0.317827596	2.97290472
148	-0.613325297	0.317851483	2.97378861
149	-0.613317208	0.317840205	2.97460882
150	-0.613300747	0.317745556	2.97404568
151	-0.613268821	0.317769529	2.97447572
152	-0.613258684	0.317791839	2.97507902
153	-0.613268654	0.317793092	2.97497729
154	-0.613249506	0.317794233	2.97451878
155	-0.613245368	0.317755547	2.97383432
156	-0.613239385	0.317707993	2.97432626
157	-0.613202497	0.317725745	2.97364353
158	-0.613197671	0.317695623	2.97326119
159	-0.613173786	0.317732802	2.97347468
160	-0.61317585	0.317734224	2.97323911
161	-0.613175801	0.31773218	2.97331556
162	-0.613169481	0.317726251	2.97272011
163	-0.613165252	0.317741667	2.97218457
164	-0.613165805	0.31785105	2.97359564
165	-0.613161358	0.317860958	2.97326282
166	-0.613157301	0.317843289	2.97324062
167	-0.613178635	0.317847912	2.9738762
168	-0.613176286	0.317798782	2.97462272
169	-0.61319929	0.317803309	2.97454015
170	-0.613197412	0.317887183	2.97477257
171	-0.61320524	0.317884916	2.9744551
172	-0.613210791	0.317844884	2.97512797
173	-0.613217526	0.317782228	2.97524545
174	-0.613227264	0.317822611	2.97562476
175	-0.613243383	0.317811506	2.97613456
176	-0.613237727	0.317839952	2.97545643
177	-0.613253605	0.31783367	2.97616404
178	-0.61326	0.317801205	2.97628963
179	-0.613255687	0.317787341	2.97639668
180	-0.613256844	0.31779816	2.97628
181	-0.613241635	0.317776103	2.97560335
182	-0.613230505	0.31779168	2.97535808
183	-0.613250317	0.317777791	2.97630954
184	-0.613258609	0.317767495	2.97657382
185	-0.6132688	0.317778032	2.97685597
186	-0.613267011	0.317792921	2.976971
187	-0.613258866	0.317778575	2.97624076
188	-0.613262043	0.31777754	2.97628143
189	-0.613261037	0.317788868	2.97589784
190	-0.613265768	0.317823767	2.97512379
191	-0.613262618	0.317821348	2.97531447
192	-0.61326	0.317769821	2.97554491
193	-0.613255585	0.317814743	2.9751664
194	-0.613225443	0.31781795	2.97466695
195	-0.613221251	0.317852285	2.97491314
196	-0.613238163	0.317828736	2.97517548
197	-0.613235817	0.317850694	2.97575948
198	-0.613232485	0.317888338	2.97609576
199	-0.61324398	0.317891208	2.97646696
200	-0.61324568	0.317911358	2.97623446
