1	-1.00683696	0.227634978	93.375328	0.955048
2	-1.00482992	0.261562678	91.190832	0.933696
3	-1.00431939	0.25866148	90.8002827	0.929969333
4	-1.00410998	0.25759776	90.42874	0.924099
5	-1.00277354	0.277738914	89.263456	0.9141168
6	-1.00209549	0.28329058	89.3283147	0.890308
7	-1.00177773	0.285745636	89.2088297	0.873800571
8	-1.00238907	0.278310244	89.522886	0.8817535
9	-1.00198729	0.28499777	89.3737244	0.870075556
10	-1.00171997	0.287268613	89.1257888	0.8723184
11	-1.00241159	0.277482981	89.541872	0.879561091
12	-1.00201253	0.283121833	89.3710813	0.869326333
13	-1.00187594	0.284821141	89.3198043	0.864997231
14	-1.00173145	0.285250895	89.1787131	0.868058286
15	-1.0010468	0.293423182	88.5866741	0.86594
16	-1.00148614	0.286754803	88.89597	0.871607
17	-1.00189035	0.281607825	89.1816254	0.876682118
18	-1.00202768	0.2803546	89.292152	0.877250444
19	-1.002153	0.280105355	89.3781162	0.879692
20	-1.00208041	0.281263516	89.230604	0.8798606
21	-1.00210689	0.281511224	89.2200884	0.881306286
22	-1.00220068	0.279322966	89.3224116	0.881543273
23	-1.00229258	0.278108256	89.3574769	0.883429043
24	-1.00237645	0.276721475	89.40947	0.885405833
25	-1.00237753	0.276998764	89.4084499	0.88610832
26	-1.00231995	0.277314366	89.3608708	0.886628462
27	-1.00258229	0.273684721	89.5378121	0.889262815
28	-1.002617	0.272798179	89.5312766	0.890335714
29	-1.00243544	0.276062832	89.4452706	0.887013379
30	-1.00261526	0.274359849	89.5734112	0.8891496
31	-1.00279918	0.271809175	89.6997383	0.890707226
32	-1.00294788	0.269899169	89.793999	0.8924565
33	-1.00303331	0.268298835	89.8336368	0.893701818
34	-1.0031572	0.266441462	89.9170753	0.895177765
35	-1.00310712	0.267308399	89.935211	0.892167543
36	-1.00308003	0.268323845	89.9361316	0.891934889
37	-1.00320404	0.266674194	90.0100203	0.893434378
38	-1.00340258	0.263569633	90.1262467	0.895139579
39	-1.00333086	0.265010364	90.050983	0.894778974
40	-1.00338918	0.263998778	90.0870248	0.8959288
41	-1.00346391	0.263145751	90.1334821	0.896981073
42	-1.00355571	0.261576524	90.1893189	0.898204571
43	-1.00371933	0.258950525	90.3137027	0.899929302
44	-1.00366607	0.259504435	90.3172462	0.898212455
45	-1.00366574	0.259537537	90.3187598	0.898407111
46	-1.00373137	0.258590174	90.3696202	0.899481391
47	-1.00385524	0.256918994	90.4620133	0.900847319
48	-1.00392119	0.25607146	90.5139343	0.90188425
49	-1.00374359	0.258358403	90.340384	0.90064898
50	-1.0036406	0.25947491	90.2632051	0.89911008
51	-1.00347318	0.261473239	90.1510739	0.895564706
52	-1.00330996	0.263110935	90.063124	0.891736231
53	-1.00331073	0.263297248	90.0581428	0.892132679
54	-1.00341134	0.26196789	90.1159132	0.893181704
55	-1.00346577	0.261919942	90.1539139	0.893790473
56	-1.0035029	0.261515346	90.1834511	0.894502214
57	-1.00344316	0.262106672	90.1283826	0.894663509
58	-1.00344618	0.261795439	90.1271961	0.895281241
59	-1.0034362	0.262001703	90.1017405	0.895382644
60	-1.0034567	0.261978296	90.1178136	0.8959818
61	-1.00338145	0.262896593	90.0472632	0.895230098
62	-1.00331303	0.263355748	90.016359	0.892567806
63	-1.00325752	0.26443351	89.9556066	0.892139492
64	-1.00334108	0.263111594	90.019128	0.893147625
65	-1.00340577	0.262405556	90.0580315	0.893876369
66	-1.00350323	0.260969738	90.1229168	0.894882788
67	-1.00345947	0.26140049	90.0972208	0.893833313
68	-1.00344407	0.261815598	90.0764212	0.894103412
69	-1.00355177	0.260164806	90.1570864	0.895229159
70	-1.00353842	0.260246613	90.1471598	0.895681029
71	-1.00359502	0.259237718	90.1996354	0.896128451
72	-1.00364802	0.25848067	90.2388958	0.896906611
73	-1.00373359	0.257269491	90.3026139	0.897852164
74	-1.00369234	0.257635022	90.269824	0.898065838
75	-1.00377036	0.256403465	90.3365065	0.898032533
76	-1.00373801	0.257051126	90.3068779	0.898084632
77	-1.00360916	0.258879499	90.2072391	0.896562078
78	-1.00358202	0.259255648	90.189096	0.896747231
79	-1.00353394	0.259869712	90.1445373	0.896347494
80	-1.0035238	0.260223129	90.1395308	0.8961498
81	-1.00361458	0.258858982	90.2046357	0.897005531
82	-1.00365566	0.258446365	90.2345949	0.897646293
83	-1.00359613	0.25930397	90.1862672	0.897073976
84	-1.0035907	0.259245993	90.1704756	0.897192333
85	-1.00347879	0.260037781	90.1550033	0.893050306
86	-1.00354776	0.2591243	90.201384	0.893648605
87	-1.00361182	0.258339819	90.245669	0.894352138
88	-1.00361145	0.25849194	90.2491685	0.894181773
89	-1.00364477	0.258182931	90.2788904	0.89480027
90	-1.00362312	0.258495445	90.2621506	0.894907156
91	-1.0036054	0.258706594	90.2386368	0.894371033
92	-1.0036123	0.258431248	90.2496355	0.893793304
93	-1.00356537	0.259363714	90.2101579	0.893601677
94	-1.0035	0.259909711	90.1721037	0.892608638
95	-1.00357532	0.258796718	90.227713	0.893401853
96	-1.00360884	0.258356543	90.2506497	0.893937917
97	-1.00365298	0.257656633	90.2838253	0.89458701
98	-1.00369061	0.257226421	90.3087703	0.89504498
99	-1.00363516	0.258006479	90.2658389	0.894719677
100	-1.00356983	0.258997021	90.2177376	0.89386752
1	-1.00704568	0.20988069	93.487664	0.956684
2	-1.00496772	0.251507539	91.257464	0.934586
3	-1.00440131	0.252720502	90.8353013	0.930465333
4	-1.00416636	0.253113101	90.461264	0.924518
5	-1.00283477	0.273773082	89.2930656	0.9144584
6	-1.00213804	0.279874216	89.3546747	0.890635333
7	-1.00182935	0.282724538	89.2309806	0.874038857
8	-1.00243813	0.27556832	89.54059	0.8819565
9	-1.00203704	0.282473491	89.3868782	0.870207556
10	-1.00175795	0.284841023	89.1354784	0.8724176
11	-1.00244869	0.275307879	89.5527084	0.879670909
12	-1.00205023	0.281049251	89.3806507	0.869411333
13	-1.00190613	0.282966386	89.3263262	0.865060308
14	-1.00175885	0.283529429	89.1812526	0.868085143
15	-1.00107287	0.291848285	88.5914389	0.8659904
16	-1.00150717	0.285368537	88.901023	0.87165825
17	-1.00191297	0.280265048	89.1862607	0.876730824
18	-1.00204699	0.279047719	89.2947147	0.877282667
19	-1.00216746	0.279006617	89.3799663	0.879720421
20	-1.00209588	0.280212171	89.232832	0.879894
21	-1.00212208	0.280524796	89.2223322	0.881341905
22	-1.00221453	0.278393507	89.3249884	0.881581273
23	-1.00230681	0.277227842	89.3599103	0.883462087
24	-1.00239245	0.275864297	89.4122453	0.885439
25	-1.00239877	0.276139726	89.4125184	0.88614656
26	-1.00234287	0.27638886	89.3653514	0.886666769
27	-1.00260759	0.272761475	89.5425896	0.889298074
28	-1.00263298	0.272033183	89.5353989	0.890363429
29	-1.00245581	0.275299312	89.4493865	0.887038759
30	-1.00263599	0.273573562	89.5774325	0.889173067
31	-1.00281532	0.271122244	89.7026937	0.890727097
32	-1.00296433	0.269203663	89.797075	0.89247875
33	-1.00304729	0.267637252	89.8364863	0.893722303
34	-1.00317134	0.26577922	89.918776	0.895190706
35	-1.00311949	0.266689087	89.9371264	0.892180114
36	-1.00309506	0.267650863	89.9389951	0.891952778
37	-1.0032204	0.265962739	90.0142629	0.893463459
38	-1.00341417	0.262920644	90.1307878	0.895171474
39	-1.00334748	0.264301227	90.055424	0.894809846
40	-1.0034046	0.263311951	90.0901708	0.8959501
41	-1.00348012	0.262461839	90.1364991	0.897001073
42	-1.00357089	0.260908015	90.1928701	0.898230286
43	-1.00373424	0.258300327	90.3163922	0.899949395
44	-1.00368201	0.258867919	90.320264	0.898236727
45	-1.00367996	0.258934205	90.3219765	0.898433333
46	-1.00374613	0.257948968	90.3725123	0.899506696
47	-1.0038711	0.256292564	90.4652054	0.900873957
48	-1.00393778	0.255440875	90.5175837	0.90191375
49	-1.00376025	0.257687909	90.343168	0.900673796
50	-1.00365576	0.258848964	90.2658832	0.89913224
51	-1.00348689	0.260891692	90.1536533	0.895583686
52	-1.00332493	0.262528316	90.0662218	0.891762077
53	-1.00332562	0.26272208	90.0614844	0.892160075
54	-1.00342648	0.261391936	90.1197096	0.893212741
55	-1.00348174	0.261340179	90.1580041	0.893817964
56	-1.00351845	0.260933197	90.18781	0.894529786
57	-1.00346013	0.261486865	90.1333566	0.894697754
58	-1.00346284	0.261167001	90.1320803	0.895314276
59	-1.00345572	0.261319807	90.1067143	0.895416746
60	-1.00347631	0.261284787	90.122668	0.896015667
61	-1.00339914	0.262258634	90.0517663	0.895261836
62	-1.00332962	0.262767454	90.0208738	0.892596903
63	-1.00327365	0.26382146	89.9597917	0.892171175
64	-1.0033568	0.262514045	90.024081	0.893183875
65	-1.00342257	0.261799601	90.0629305	0.893910092
66	-1.00351904	0.260372588	90.1280007	0.894915818
67	-1.00347635	0.260806614	90.1024576	0.893865134
68	-1.003461	0.26123776	90.0820861	0.894138
69	-1.00356717	0.259607191	90.1624941	0.895262725
70	-1.00355421	0.259669091	90.1528309	0.895716057
71	-1.00361221	0.258643844	90.2055394	0.896165239
72	-1.00366407	0.257908173	90.2445804	0.896942556
73	-1.0037499	0.256697767	90.308345	0.897889315
74	-1.00370885	0.25705633	90.2759821	0.898107514
75	-1.00378763	0.255820086	90.3425193	0.89807504
76	-1.00375577	0.256497176	90.3127731	0.898125263
77	-1.00362892	0.258298557	90.2135258	0.896604519
78	-1.00360129	0.258695077	90.1956125	0.896792872
79	-1.00355094	0.259343161	90.1501312	0.896387392
80	-1.00353898	0.259714293	90.1447616	0.8961891
81	-1.00363092	0.258328575	90.2102718	0.897047062
82	-1.00367332	0.257908163	90.2406675	0.897690488
83	-1.00361362	0.258780413	90.19242	0.89711947
84	-1.00360795	0.25873677	90.176387	0.89723581
85	-1.00349643	0.259510784	90.1610202	0.893094588
86	-1.00356523	0.258599513	90.207451	0.893689628
87	-1.00362999	0.257808581	90.2522087	0.894396276
88	-1.00362947	0.257956077	90.2555655	0.894223545
89	-1.00366404	0.257646325	90.2853695	0.894842427
90	-1.00364155	0.257976126	90.2685385	0.894948667
91	-1.003623	0.258194536	90.2449793	0.89441178
92	-1.00362878	0.257939621	90.255931	0.893834565
93	-1.0035812	0.258887954	90.2165117	0.893644817
94	-1.00351676	0.259437673	90.1780948	0.892650596
95	-1.00359334	0.258300749	90.2337159	0.893443621
96	-1.00362577	0.257879464	90.2564818	0.893980208
97	-1.0036689	0.257205962	90.2894804	0.894628577
98	-1.00370753	0.256774985	90.3144856	0.895086776
99	-1.0036513	0.257559158	90.2710481	0.894758707
100	-1.00358384	0.258581285	90.2224734	0.89390412
101	-1.00357692	0.258840577	90.2284263	0.893547129
102	-1.00359723	0.258530778	90.2453178	0.893998941
103	-1.00357363	0.259005343	90.2162074	0.894052388
104	-1.00362048	0.258468096	90.2433203	0.894589538
105	-1.00366818	0.257815558	90.2815733	0.895237448
106	-1.00364015	0.258037239	90.2666655	0.894773623
107	-1.00354826	0.25914116	90.1968728	0.893962654
108	-1.00357782	0.258786189	90.2151554	0.894394852
109	-1.00358438	0.258689775	90.212459	0.894415083
110	-1.00354114	0.259172172	90.1990301	0.893279055
111	-1.00353849	0.259109645	90.2082302	0.892549658
112	-1.00357932	0.258501018	90.2325134	0.893069643
113	-1.00361676	0.257939289	90.2577718	0.893595717
114	-1.00357042	0.258610864	90.2211686	0.893619228
115	-1.00360259	0.258062728	90.2438229	0.893931443
116	-1.00359226	0.258429811	90.2337919	0.894099138
117	-1.00357485	0.258625389	90.2166895	0.894216137
118	-1.0036021	0.258226327	90.2341234	0.894637356
119	-1.00362279	0.257933062	90.2568258	0.895126185
120	-1.00365689	0.257399	90.2759576	0.8955646
121	-1.00365792	0.257437627	90.2882888	0.895015207
122	-1.00369646	0.256673675	90.328142	0.894416361
123	-1.00371437	0.256470296	90.3444942	0.894827675
124	-1.00368579	0.256860698	90.3199112	0.894221806
125	-1.00361702	0.257977773	90.2630835	0.893903616
126	-1.00364106	0.257665576	90.2771761	0.894189587
127	-1.00366258	0.257547441	90.286867	0.894492882
128	-1.00363693	0.257864229	90.2613036	0.894518531
129	-1.00365334	0.257662723	90.2655684	0.894726047
130	-1.00364624	0.257910227	90.2532638	0.894625662
131	-1.00365435	0.25787071	90.2594361	0.894955817
132	-1.0036867	0.257353917	90.2816556	0.895410879
133	-1.00374476	0.256465564	90.3184703	0.895932932
134	-1.00360851	0.257827283	90.2502925	0.89311797
135	-1.00363106	0.25756874	90.263094	0.893404741
136	-1.00365713	0.257239574	90.2855195	0.893782765
137	-1.00367747	0.257097834	90.2970964	0.894118949
138	-1.00370011	0.256784447	90.3143579	0.894335971
139	-1.00368625	0.256963822	90.3036588	0.893903655
140	-1.00371367	0.256738853	90.3216741	0.894283486
141	-1.00375472	0.256179053	90.3508199	0.894737532
142	-1.00378939	0.255708382	90.3751694	0.895171155
143	-1.00383195	0.25507257	90.4079227	0.895681371
144	-1.00382046	0.255005799	90.4216904	0.89452
145	-1.00380551	0.255253337	90.4071264	0.894620221
146	-1.00380729	0.255267835	90.4131672	0.894849562
147	-1.00382135	0.255052949	90.4200826	0.895135755
148	-1.00377275	0.255710109	90.3857806	0.894561649
149	-1.00373119	0.256379525	90.3564763	0.894599732
150	-1.00375579	0.256117211	90.3695294	0.894864213
151	-1.00372307	0.256427623	90.3445938	0.894659709
152	-1.00376224	0.25585866	90.3738642	0.895130526
153	-1.00378293	0.255594946	90.3843126	0.895376392
154	-1.00379389	0.255582136	90.3914123	0.895512649
155	-1.00371375	0.25595021	90.3758802	0.891986606
156	-1.00373075	0.255697995	90.3957801	0.892135179
157	-1.00373869	0.255687482	90.3994189	0.892374013
158	-1.00376693	0.255356935	90.4225946	0.89280481
159	-1.0037415	0.255769194	90.4091685	0.892405686
160	-1.00373435	0.255844383	90.3983253	0.892530225
161	-1.00371354	0.256284859	90.3743952	0.892414857
162	-1.00370683	0.256336974	90.3711246	0.892615778
163	-1.0036565	0.257062196	90.3386552	0.892248393
164	-1.00368742	0.256660082	90.3566236	0.892604927
165	-1.00370689	0.256369931	90.3717514	0.892966448
166	-1.00369395	0.256521942	90.3570785	0.892521373
167	-1.0037171	0.256186403	90.3753058	0.892568671
168	-1.00369778	0.256467469	90.3596847	0.892455738
169	-1.0037076	0.256393073	90.3697801	0.892748118
170	-1.00371117	0.256359306	90.3708012	0.892965341
171	-1.00368541	0.256993524	90.3515585	0.892668374
172	-1.00372192	0.25646088	90.3768302	0.893089233
173	-1.00374706	0.256073378	90.3926248	0.893429272
174	-1.00373281	0.256307451	90.3689973	0.893318851
175	-1.00376016	0.255845686	90.3929264	0.893733669
176	-1.00374517	0.255995518	90.3967665	0.893012977
177	-1.00372653	0.256293925	90.3824084	0.893119661
178	-1.00375386	0.255934885	90.4003181	0.893454944
179	-1.00378643	0.255429598	90.4247858	0.893859821
180	-1.00379599	0.255414929	90.4312773	0.894101689
181	-1.00379196	0.255625432	90.426209	0.894159138
182	-1.00379906	0.255602814	90.4289231	0.894361758
183	-1.00383983	0.254994142	90.4579245	0.894791628
184	-1.00388541	0.254316616	90.4907832	0.895246543
185	-1.00390656	0.254063288	90.5037178	0.895531351
186	-1.00391638	0.25386456	90.5103084	0.89578686
187	-1.00390815	0.254103502	90.501469	0.895869326
188	-1.00389556	0.254462473	90.4955298	0.895935383
189	-1.00388326	0.254565462	90.4845197	0.896033714
190	-1.00392958	0.253855529	90.5170561	0.896466421
191	-1.00390748	0.254126658	90.5060344	0.896023162
192	-1.00390163	0.254232215	90.4980801	0.896106604
193	-1.00386419	0.25455215	90.4845863	0.894946446
194	-1.00383977	0.254522256	90.4910731	0.893132928
195	-1.00380638	0.255075008	90.4673948	0.892446154
196	-1.00384055	0.254578314	90.4904558	0.892778755
197	-1.00379051	0.255029243	90.4678605	0.891563939
198	-1.00378947	0.25502292	90.4702914	0.891624889
199	-1.00382478	0.25452663	90.4929076	0.891980744
200	-1.00380696	0.255064788	90.4808013	0.89197812
