1	-0.461072	0.203537635	1.365056
2	-0.462624	0.201195824	1.369366
3	-0.462314667	0.202585231	1.37444267
4	-0.461246	0.200935918	1.356334
5	-0.4609904	0.200459132	1.3542208
6	-0.46132	0.200332925	1.35204333
7	-0.461538286	0.199241165	1.35110857
8	-0.461541	0.198852717	1.3547005
9	-0.461945778	0.198625535	1.35314222
10	-0.4618928	0.198360075	1.354806
11	-0.461864727	0.19832449	1.35226291
12	-0.461874	0.197836382	1.34788
13	-0.461962462	0.197794636	1.34680154
14	-0.462158857	0.19769091	1.34874657
15	-0.4623536	0.197816144	1.35502133
16	-0.4624005	0.198094608	1.35381575
17	-0.462360471	0.197927102	1.354816
18	-0.462432444	0.198013204	1.35450067
19	-0.462351579	0.197913875	1.35359095
20	-0.462242	0.197806565	1.351215
21	-0.462361524	0.197538716	1.35426095
22	-0.462312364	0.197318389	1.35458927
23	-0.462297391	0.197300006	1.35571722
24	-0.462321667	0.197313853	1.35652233
25	-0.46238368	0.197240042	1.3567552
26	-0.462301538	0.197346934	1.35667385
27	-0.462316148	0.197251461	1.35809393
28	-0.462369714	0.197287551	1.35789543
29	-0.462306759	0.19723999	1.35757614
30	-0.462308	0.197117835	1.35728733
31	-0.462267871	0.197231383	1.35571729
32	-0.4623245	0.1972119	1.35739637
33	-0.462360485	0.197259352	1.35715467
34	-0.462348706	0.197238665	1.35824282
35	-0.462366857	0.197060094	1.35818263
36	-0.462442889	0.197125602	1.35908911
37	-0.462442811	0.197052412	1.35831914
38	-0.462408842	0.196952491	1.35809063
39	-0.462357744	0.197009038	1.35837867
40	-0.4623846	0.197009232	1.3595196
41	-0.462334244	0.197040195	1.35991717
42	-0.462374857	0.197018094	1.35804314
43	-0.462410977	0.19718463	1.35799619
44	-0.462450545	0.197111446	1.35956764
45	-0.462367289	0.197029391	1.35973849
46	-0.462379826	0.197041354	1.35899435
47	-0.462397957	0.197034632	1.35868826
48	-0.462367667	0.197027845	1.35804375
49	-0.462310531	0.197027719	1.35776449
50	-0.46232272	0.197027353	1.3574732
51	-0.46228549	0.197023714	1.35754988
52	-0.462261231	0.197044544	1.35906215
53	-0.462245736	0.197106913	1.35820196
54	-0.462188148	0.197024464	1.35841141
55	-0.462223418	0.196982037	1.3586824
56	-0.462224857	0.196863459	1.35760793
57	-0.462268491	0.196846178	1.35789775
58	-0.462249379	0.196861575	1.35777945
59	-0.462207051	0.19689923	1.35756529
60	-0.462177333	0.196918005	1.35701927
61	-0.462220852	0.196919549	1.35774452
62	-0.462231484	0.196975174	1.35718516
63	-0.462242159	0.197007609	1.3569327
64	-0.462229	0.196937045	1.35711544
65	-0.462237662	0.196908022	1.35725588
66	-0.462210909	0.196928949	1.35727679
67	-0.462198567	0.196921831	1.3578489
68	-0.462222118	0.196876503	1.35831335
69	-0.462209971	0.196900728	1.3590407
70	-0.462207314	0.196927072	1.35909623
71	-0.462178366	0.196949673	1.35875797
72	-0.462202	0.196909814	1.35905906
73	-0.462217644	0.196941025	1.35879353
74	-0.462241838	0.196923595	1.35945395
75	-0.462233707	0.196911156	1.35988971
76	-0.462255579	0.19682325	1.36001084
77	-0.462238234	0.196798966	1.35906535
78	-0.462241128	0.196814724	1.35871195
79	-0.462206886	0.196778251	1.35883322
80	-0.4622084	0.196796526	1.3589011
81	-0.462222519	0.196738193	1.35877472
82	-0.462228585	0.196733819	1.35854093
83	-0.462230361	0.196700175	1.35892549
84	-0.462229429	0.196678532	1.3586979
85	-0.462271529	0.196652224	1.35940758
86	-0.462250512	0.196677725	1.35949037
87	-0.462249471	0.19669777	1.35900616
88	-0.462213364	0.196698355	1.35896027
89	-0.462241978	0.19671182	1.35925065
90	-0.462242044	0.196691609	1.35953729
91	-0.462247824	0.196750122	1.35977429
92	-0.462240348	0.196758551	1.35941448
93	-0.462222022	0.19677242	1.35910903
94	-0.462245021	0.196805817	1.35925898
95	-0.462250189	0.19680915	1.35900589
96	-0.462221333	0.196766061	1.35905962
97	-0.462212536	0.196772644	1.35904652
98	-0.462205061	0.19675644	1.35901735
99	-0.462188687	0.196732877	1.35918804
100	-0.46218616	0.19669676	1.359265
1	-0.461728	0.199394675	1.374572
2	-0.462612	0.20015495	1.373918
3	-0.462410667	0.199271833	1.369924
4	-0.461464	0.198773958	1.354341
5	-0.4611456	0.198940725	1.3516528
6	-0.461481333	0.198734468	1.354104
7	-0.461595429	0.198119118	1.35379886
8	-0.461586	0.197990618	1.3569285
9	-0.461994667	0.197681175	1.35590578
10	-0.4617304	0.197672933	1.3565532
11	-0.461931636	0.197430081	1.35404036
12	-0.461879333	0.196990803	1.350665
13	-0.462139077	0.196647716	1.34982862
14	-0.462222286	0.196645133	1.35100857
15	-0.462370667	0.19689337	1.35695093
16	-0.462516	0.196915556	1.3563995
17	-0.462402824	0.19703556	1.35708824
18	-0.462413778	0.196830001	1.35625378
19	-0.462387789	0.19689126	1.35560463
20	-0.4622492	0.196749405	1.3537158
21	-0.46238019	0.196812171	1.35647829
22	-0.462289818	0.19681644	1.35655473
23	-0.462296348	0.196815793	1.35774748
24	-0.462358333	0.196825511	1.358986
25	-0.4623664	0.196668574	1.35888064
26	-0.462268615	0.196690845	1.35876123
27	-0.462200889	0.196836576	1.35984741
28	-0.462286	0.196946888	1.35997157
29	-0.462193931	0.197130174	1.35962786
30	-0.4622064	0.19715202	1.35974453
31	-0.462160258	0.19721668	1.35837226
32	-0.4621995	0.197201725	1.36012687
33	-0.462209939	0.197208918	1.36040012
34	-0.462179529	0.197160736	1.360606
35	-0.462171886	0.197031295	1.36068971
36	-0.462276889	0.197034125	1.36137178
37	-0.462256432	0.197037828	1.36045308
38	-0.462211579	0.196933258	1.35994916
39	-0.462164103	0.197026928	1.36009733
40	-0.462191	0.196959474	1.3611627
41	-0.462201756	0.196890156	1.36158829
42	-0.462270476	0.19691478	1.3597301
43	-0.462292651	0.197000717	1.35932149
44	-0.462331455	0.196952883	1.36073918
45	-0.462282667	0.196840947	1.36114987
46	-0.462303652	0.196986755	1.36049504
47	-0.462290723	0.196953591	1.36012315
48	-0.462274	0.196938148	1.35939092
49	-0.462226612	0.196949369	1.35897633
50	-0.46220176	0.19685534	1.35838552
51	-0.462164078	0.196754863	1.35861678
52	-0.462122769	0.196844039	1.360179
53	-0.462112755	0.196866534	1.35909532
54	-0.462046222	0.196768277	1.35929956
55	-0.462043782	0.19678235	1.35965455
56	-0.462079429	0.196787522	1.3590715
57	-0.462147509	0.196683881	1.35954604
58	-0.462140276	0.196716826	1.35923876
59	-0.462113627	0.196647997	1.35934895
60	-0.462088	0.196681262	1.35848467
61	-0.46210177	0.196625058	1.35885193
62	-0.462085677	0.196570602	1.35805923
63	-0.462097524	0.196595509	1.35783162
64	-0.462097875	0.196502764	1.35811888
65	-0.462091446	0.196426548	1.35825046
66	-0.462066909	0.196450891	1.35868594
67	-0.462053731	0.196471482	1.35896161
68	-0.462075882	0.196504983	1.35940347
69	-0.462082203	0.19646684	1.36011194
70	-0.462098171	0.196408171	1.36040966
71	-0.462092056	0.196356977	1.36026473
72	-0.462104667	0.196312068	1.36040967
73	-0.462127233	0.196336889	1.36035249
74	-0.462120541	0.196340427	1.36078195
75	-0.462093867	0.196347672	1.36125973
76	-0.462114842	0.196290282	1.36152921
77	-0.462134026	0.196241768	1.36062197
78	-0.462151795	0.196235349	1.36059538
79	-0.462117873	0.19622706	1.36072734
80	-0.4621251	0.196196036	1.3608737
81	-0.462147951	0.196169991	1.36089116
82	-0.462154244	0.196198202	1.36062898
83	-0.462165398	0.19619588	1.36101508
84	-0.462164762	0.196275075	1.36070967
85	-0.462205271	0.196271496	1.3612848
86	-0.462201023	0.196305986	1.36143242
87	-0.46218069	0.196291408	1.36085949
88	-0.462165182	0.196229638	1.36079486
89	-0.462177708	0.196251794	1.36113074
90	-0.462168711	0.196228337	1.36138293
91	-0.462170637	0.196232062	1.36165921
92	-0.462170696	0.196250722	1.3614523
93	-0.462149505	0.196253311	1.36117712
94	-0.462158979	0.196305132	1.36135753
95	-0.4621552	0.19629522	1.36118918
96	-0.462130583	0.196304306	1.36123946
97	-0.462116041	0.196353885	1.36126792
98	-0.462130531	0.196331537	1.36127065
99	-0.462113859	0.196353452	1.36126719
100	-0.46211808	0.196316113	1.36126084
101	-0.462127525	0.196304924	1.36125758
102	-0.462124863	0.196284336	1.36120447
103	-0.462144621	0.196284524	1.36109837
104	-0.462152154	0.196332912	1.36138373
105	-0.462173105	0.196335334	1.36209227
106	-0.462190038	0.196339295	1.36263442
107	-0.462162093	0.196309357	1.36253495
108	-0.462162815	0.196350283	1.36225241
109	-0.462173358	0.196325407	1.36205369
110	-0.462164073	0.196278298	1.36193502
111	-0.462158342	0.196265763	1.36171553
112	-0.462156357	0.196221971	1.36151189
113	-0.462145558	0.196195662	1.36124244
114	-0.462155018	0.196180911	1.36130018
115	-0.462151026	0.196188695	1.36123503
116	-0.462143103	0.196197939	1.3608021
117	-0.462145436	0.196209026	1.36088164
118	-0.462149085	0.196209535	1.36088325
119	-0.462133244	0.19621943	1.36051499
120	-0.462121133	0.196214187	1.36055947
121	-0.462118479	0.196242594	1.36047666
122	-0.462120197	0.196231952	1.360314
123	-0.462120325	0.196226513	1.36033603
124	-0.462126774	0.196245214	1.3603461
125	-0.46212704	0.196234466	1.3604185
126	-0.462135175	0.196230223	1.3602579
127	-0.462106142	0.196215574	1.35966715
128	-0.462109437	0.196199829	1.35953394
129	-0.46211138	0.196242422	1.35939966
130	-0.462111262	0.196244812	1.35940378
131	-0.462111328	0.196239308	1.35953237
132	-0.462128606	0.196258668	1.35939503
133	-0.462142135	0.196243995	1.35935146
134	-0.462147642	0.196264744	1.35920251
135	-0.46213843	0.196267655	1.35893662
136	-0.462143118	0.196285008	1.35887221
137	-0.462143942	0.19632731	1.3587805
138	-0.462166029	0.196315279	1.3588033
139	-0.462159022	0.1963132	1.358716
140	-0.462168343	0.196316149	1.3587798
141	-0.462164993	0.1962968	1.35912533
142	-0.462164338	0.196301346	1.35927259
143	-0.46214993	0.196300553	1.35907922
144	-0.462139833	0.196299451	1.35913517
145	-0.46215211	0.196336117	1.35936383
146	-0.462169096	0.196283786	1.359386
147	-0.462147048	0.196279036	1.3591754
148	-0.462153405	0.196279589	1.359361
149	-0.462141101	0.196269274	1.35933302
150	-0.462132427	0.19625822	1.35941509
151	-0.462125934	0.196255288	1.35941491
152	-0.462134632	0.196284236	1.35950287
153	-0.462151268	0.196248981	1.35942512
154	-0.462164987	0.19627007	1.35957262
155	-0.462183123	0.196267776	1.35946668
156	-0.462190923	0.19627998	1.35934536
157	-0.462182675	0.196286744	1.35923304
158	-0.462174076	0.196298166	1.35931033
159	-0.46217434	0.196322547	1.35945932
160	-0.46219185	0.196328596	1.35947187
161	-0.462176149	0.196337379	1.35952032
162	-0.462182765	0.196325198	1.35972037
163	-0.462175706	0.19632722	1.35967975
164	-0.462184293	0.196318245	1.35965424
165	-0.462183612	0.196295846	1.35966824
166	-0.46216106	0.196298001	1.35960711
167	-0.462173653	0.196327981	1.35956527
168	-0.462165048	0.196329252	1.35960871
169	-0.462173491	0.196340526	1.35971901
170	-0.462191247	0.196326353	1.35961289
171	-0.462201263	0.196318231	1.35993109
172	-0.462202744	0.196303594	1.35983607
173	-0.462194127	0.196317686	1.35995681
174	-0.462180598	0.196302755	1.35990483
175	-0.462191771	0.196307095	1.36004729
176	-0.462186773	0.196321364	1.35993655
177	-0.462188113	0.196321145	1.35993112
178	-0.462181573	0.19630466	1.35992335
179	-0.462197631	0.196318827	1.35999841
180	-0.462198933	0.196329134	1.35986282
181	-0.462191646	0.196320102	1.35992701
182	-0.46218989	0.196331113	1.36012037
183	-0.462196852	0.19634726	1.36005449
184	-0.462201913	0.196366121	1.3598308
185	-0.462191697	0.196357671	1.36010906
186	-0.462180559	0.196348887	1.35985503
187	-0.462182759	0.196347128	1.35971463
188	-0.462201915	0.1963401	1.35962253
189	-0.462215238	0.196336742	1.35983786
190	-0.4622128	0.196325778	1.35961168
191	-0.462207288	0.196327398	1.35970691
192	-0.462209375	0.1963315	1.35952604
193	-0.462213886	0.196337023	1.35968373
194	-0.462198515	0.196326794	1.35936184
195	-0.462212226	0.196336212	1.35968611
196	-0.462213551	0.196332372	1.35968743
197	-0.462200528	0.196339814	1.35961393
198	-0.462208162	0.19635141	1.35986376
199	-0.462200844	0.196358292	1.35986923
200	-0.46219768	0.196360627	1.35966854
