1	-0.55653168	0.271584226	2.17369	0.049384
2	-0.5569256	0.271534524	2.21415	0.05088
3	-0.555798053	0.272151973	2.217525	0.0461693333
4	-0.55462092	0.271268301	2.18777	0.045046
5	-0.55457904	0.272486602	2.193248	0.044312
6	-0.555487893	0.273035313	2.20213167	0.0452613333
7	-0.556102503	0.272957038	2.21518214	0.0448394286
8	-0.55610486	0.273464571	2.2081625	0.046543
9	-0.556344213	0.273828644	2.21844444	0.0464995556
10	-0.556200568	0.273863319	2.2194905	0.0463484
11	-0.556054262	0.273732203	2.216785	0.0448585455
12	-0.555825267	0.273640779	2.2140875	0.04433
13	-0.556157932	0.272937265	2.21555077	0.0441735385
14	-0.556460074	0.272895258	2.22136321	0.0448894286
15	-0.556354181	0.27286485	2.22022233	0.0452024
16	-0.5562069	0.273166943	2.21811625	0.044445
17	-0.556292419	0.273485786	2.22164441	0.0435385882
18	-0.556212804	0.273588477	2.21613306	0.0436402222
19	-0.556195933	0.273381575	2.21339632	0.0438808421
20	-0.556056272	0.273310428	2.2141665	0.0435736
21	-0.556084156	0.273527228	2.21165881	0.043636381
22	-0.556069145	0.273209376	2.21205886	0.0432572727
23	-0.556151913	0.273305104	2.21559891	0.0427956522
24	-0.55623155	0.273418855	2.21585146	0.0429275
25	-0.556227322	0.273667436	2.2182408	0.04279008
26	-0.556259483	0.273858684	2.21689346	0.0427587692
27	-0.55623187	0.273904918	2.21850037	0.0425268148
28	-0.556323926	0.273910671	2.21929464	0.0421105714
29	-0.556268927	0.273804839	2.21893207	0.042273931
30	-0.556243821	0.273744675	2.21703817	0.0420977333
31	-0.556236728	0.273972893	2.21827226	0.0421331613
32	-0.556264505	0.274059247	2.21761813	0.04227525
33	-0.556351998	0.273928314	2.21916197	0.0422059394
34	-0.556359475	0.27373889	2.21802368	0.0422208235
35	-0.556428802	0.273546181	2.21886386	0.0421715429
36	-0.556470118	0.273516065	2.21929069	0.0425058889
37	-0.556519656	0.273591089	2.22173635	0.0426314595
38	-0.556561882	0.273506302	2.22135447	0.0425256842
39	-0.556508166	0.273432675	2.21941192	0.0424134359
40	-0.556506742	0.27359026	2.22005663	0.0423971
41	-0.556480457	0.273659916	2.22104171	0.0424130732
42	-0.556510676	0.273622698	2.21961417	0.0424480952
43	-0.556534724	0.273636901	2.21951256	0.042447814
44	-0.556500025	0.273494941	2.21837818	0.0423012727
45	-0.556530276	0.273510985	2.22257089	0.0425671111
46	-0.556545506	0.273452583	2.22455565	0.0427361739
47	-0.55652769	0.273537508	2.22655298	0.0427930213
48	-0.55655789	0.273582642	2.22775813	0.0428528333
49	-0.556523229	0.273638015	2.22878571	0.0428716735
50	-0.556535038	0.273648688	2.2289899	0.04292792
51	-0.556517005	0.273770566	2.22949363	0.0431287059
52	-0.556455957	0.273738321	2.22899654	0.0430132308
53	-0.556437122	0.273684503	2.22796443	0.0429881509
54	-0.556367495	0.273619694	2.22771343	0.0432784444
55	-0.556394445	0.27358308	2.22935555	0.0434313455
56	-0.556423381	0.273536618	2.23166509	0.0432833571
57	-0.556404278	0.2735419	2.23119088	0.0429858246
58	-0.556388102	0.273438873	2.23200621	0.0432051034
59	-0.556344392	0.273435544	2.23133873	0.0431517966
60	-0.556325835	0.273430237	2.23234567	0.0433517333
61	-0.556352094	0.273400006	2.23224098	0.0434998033
62	-0.556361532	0.273405592	2.23271798	0.0436314194
63	-0.556404672	0.273372187	2.23292087	0.0435288254
64	-0.556392904	0.273418262	2.23192617	0.0435014375
65	-0.556413828	0.273373514	2.23240331	0.043516
66	-0.556383195	0.273211237	2.23169152	0.0434264242
67	-0.556416198	0.273260288	2.23254896	0.0434905075
68	-0.556403756	0.273289356	2.23302596	0.0435525294
69	-0.5563876	0.273318999	2.23227036	0.0432930435
70	-0.556374471	0.273342172	2.23289671	0.0434835429
71	-0.556385177	0.273288239	2.23371092	0.0434673239
72	-0.556381213	0.273345861	2.23321556	0.0434828889
73	-0.556356368	0.273328243	2.23323452	0.0434951233
74	-0.556398587	0.273332445	2.23261318	0.0435077297
75	-0.556389291	0.273423353	2.2336368	0.0435338667
76	-0.556397174	0.273378948	2.23394967	0.0435797368
77	-0.556390652	0.273336489	2.23499981	0.0436884675
78	-0.556399534	0.27336964	2.23636026	0.0436997949
79	-0.55638295	0.27336668	2.23571854	0.0437398987
80	-0.556369701	0.273371064	2.23571369	0.04371005
81	-0.556416959	0.273345799	2.23631895	0.0438059753
82	-0.556453026	0.273279209	2.23582256	0.043841561
83	-0.556464499	0.273218118	2.2363747	0.0437695422
84	-0.55645975	0.273220184	2.23713673	0.0438160476
85	-0.556444392	0.273171414	2.23565188	0.0437584
86	-0.556433502	0.273112669	2.23496413	0.0436983721
87	-0.55645452	0.273174221	2.23466621	0.0435535632
88	-0.556441175	0.273182877	2.23356068	0.0434587273
89	-0.556436089	0.273206997	2.23381073	0.0435257978
90	-0.556409508	0.273218623	2.23368356	0.0434264889
91	-0.556411962	0.273179551	2.23385742	0.0434156923
92	-0.556398503	0.273203243	2.2337369	0.0435121304
93	-0.556368378	0.273271299	2.23443812	0.0434296344
94	-0.556388803	0.273268062	2.23549622	0.0433848085
95	-0.556365673	0.273208638	2.23523805	0.0433447158
96	-0.556330179	0.273170984	2.23528214	0.043388125
97	-0.556324384	0.273213041	2.23418758	0.0433779381
98	-0.556333475	0.273204549	2.23479954	0.0434533469
99	-0.556319957	0.273187318	2.23447409	0.0435089697
100	-0.556325315	0.27313536	2.2345382	0.04350176
1	-0.55663928	0.272122027	2.183985	0.050764
2	-0.5567182	0.272038696	2.2164425	0.05111
3	-0.555793387	0.272527492	2.21306667	0.046336
4	-0.55485868	0.271961011	2.188625	0.045434
5	-0.554565408	0.273484231	2.1986	0.0447504
6	-0.55546944	0.273703873	2.21238833	0.0460053333
7	-0.556092583	0.273448318	2.22700071	0.0455434286
8	-0.55606036	0.2731545	2.21312125	0.047268
9	-0.556415787	0.273377319	2.22281667	0.0472782222
10	-0.556103552	0.273630628	2.226086	0.0471776
11	-0.556095738	0.273598858	2.22405	0.0456232727
12	-0.555997233	0.273201159	2.22042125	0.0450616667
13	-0.5562928	0.272723414	2.21972923	0.0449476923
14	-0.556593566	0.272821732	2.22712214	0.0456211429
15	-0.556455563	0.272843068	2.22653067	0.0458714667
16	-0.55632843	0.273176917	2.22448688	0.0450215
17	-0.556376348	0.273541959	2.22841353	0.0441585882
18	-0.556311653	0.273855498	2.22259833	0.0442048889
19	-0.556382227	0.273774879	2.21982711	0.0444587368
20	-0.556250228	0.273624018	2.22033675	0.0441914
21	-0.556326777	0.273700431	2.21824071	0.0442626667
22	-0.556318404	0.273605441	2.21886841	0.0439383636
23	-0.556410518	0.273649277	2.22226652	0.0434824348
24	-0.556482983	0.273717205	2.22263771	0.0435658333
25	-0.556443754	0.273720771	2.2241682	0.04337168
26	-0.55643036	0.273914669	2.22314058	0.0433487692
27	-0.556391153	0.273967105	2.22382963	0.0430094815
28	-0.556504311	0.273916772	2.22432946	0.0425584286
29	-0.556445343	0.274017429	2.22409431	0.0427361379
30	-0.556429221	0.273961399	2.222311	0.0425410667
31	-0.556448446	0.273985173	2.2226079	0.0426287742
32	-0.556511922	0.273913601	2.22277703	0.042783625
33	-0.556577738	0.273731496	2.22383833	0.0426444848
34	-0.556550348	0.2734872	2.22255029	0.0426468235
35	-0.556596409	0.273373805	2.22344214	0.0425633143
36	-0.556647256	0.273423132	2.22336431	0.0428961111
37	-0.556667749	0.273581429	2.22545919	0.0430198919
38	-0.556648512	0.273467884	2.22521645	0.0429203158
39	-0.556596991	0.27326327	2.22346654	0.0427726154
40	-0.556603424	0.273304436	2.22435875	0.0427412
41	-0.556595134	0.273264898	2.22489098	0.0427127805
42	-0.556648739	0.273213683	2.22307167	0.0427321905
43	-0.556665617	0.273192614	2.22278663	0.0427506047
44	-0.556624344	0.273273477	2.22174216	0.0426171818
45	-0.556647447	0.273400246	2.22538589	0.0428523556
46	-0.556653977	0.273383296	2.22713707	0.0430206087
47	-0.556639292	0.273467358	2.22911362	0.0430539574
48	-0.55666667	0.273542192	2.23016896	0.0431251667
49	-0.556636026	0.273679744	2.23117041	0.043091102
50	-0.556641634	0.273678295	2.2309975	0.04312168
51	-0.556605379	0.273841169	2.23152559	0.0433199216
52	-0.556526802	0.273852276	2.23107048	0.0431862308
53	-0.556522894	0.273731551	2.22972009	0.0431635472
54	-0.556472024	0.273648186	2.22926889	0.043453037
55	-0.556469417	0.273647343	2.23072745	0.0436162909
56	-0.556520873	0.27362032	2.23254723	0.0434650714
57	-0.55652295	0.273680216	2.23243649	0.043144
58	-0.556517636	0.273641088	2.23333621	0.0433507586
59	-0.55648982	0.273521545	2.23268627	0.0432706441
60	-0.556482961	0.273551119	2.23372542	0.0434547333
61	-0.556467874	0.273563927	2.23368656	0.0435904262
62	-0.556470245	0.273518611	2.23452629	0.0437187097
63	-0.556509492	0.273509318	2.23485643	0.0436142857
64	-0.556520657	0.273494769	2.23405203	0.043607875
65	-0.556516122	0.273491351	2.23418223	0.0435845538
66	-0.556486455	0.273350752	2.23340705	0.0434742424
67	-0.556519243	0.273385344	2.2338409	0.0435322985
68	-0.556493566	0.273436418	2.23433404	0.0436018235
69	-0.556464161	0.273465576	2.23299761	0.0433471884
70	-0.556461203	0.2734345	2.23370521	0.0435401714
71	-0.556478249	0.273303349	2.23461254	0.0435180845
72	-0.556453864	0.273306979	2.23401667	0.0435265556
73	-0.556419988	0.273355995	2.23380692	0.0435309041
74	-0.556442745	0.27336062	2.23306223	0.0435426486
75	-0.556439371	0.273451884	2.2339468	0.0435952
76	-0.556441494	0.273377148	2.23429151	0.0436378421
77	-0.556440851	0.273338916	2.23526175	0.0437464416
78	-0.556448015	0.273292249	2.23698801	0.0437597436
79	-0.556448825	0.273295343	2.23614437	0.0437881013
80	-0.556445136	0.273199373	2.23594313	0.0437668
81	-0.556495157	0.273203102	2.23664654	0.043864
82	-0.556513786	0.27316387	2.2363025	0.0439039512
83	-0.556525366	0.273107989	2.23674392	0.0438297349
84	-0.556519327	0.27309262	2.23762601	0.0438758571
85	-0.556505564	0.273089821	2.23599365	0.0438240941
86	-0.556504727	0.273033594	2.23553849	0.0437712558
87	-0.556515788	0.273067589	2.23511339	0.043610069
88	-0.556507185	0.273059325	2.2339775	0.0435274545
89	-0.556503908	0.273089773	2.23425416	0.0436088989
90	-0.556482667	0.27313177	2.23422644	0.0435155556
91	-0.5564891	0.273104501	2.23442599	0.0435055385
92	-0.556482627	0.273086236	2.23445255	0.0435965652
93	-0.556453166	0.273154604	2.23493694	0.0435184946
94	-0.556459414	0.273178203	2.23607234	0.0434771064
95	-0.556434042	0.273097901	2.23593742	0.04342
96	-0.556389562	0.273126501	2.23578266	0.0434697917
97	-0.556373282	0.27320421	2.23455557	0.0434640825
98	-0.556389035	0.273165889	2.23509735	0.043541551
99	-0.556389509	0.273169785	2.23500914	0.0435885657
100	-0.556387845	0.273165842	2.2348993	0.04357624
101	-0.556397568	0.273166923	2.2345946	0.0434585743
102	-0.556390391	0.273119536	2.2341924	0.0434607451
103	-0.55638484	0.273086682	2.23453189	0.0434322718
104	-0.556390838	0.273126424	2.23401538	0.0434996154
105	-0.556400614	0.273183094	2.2335979	0.0434973714
106	-0.556376304	0.273131184	2.2334808	0.0435095472
107	-0.556358413	0.273193359	2.23280589	0.0435617944
108	-0.556362627	0.273153506	2.23338296	0.0436313333
109	-0.556374235	0.273141162	2.23371206	0.0436144954
110	-0.556369988	0.273060704	2.23281955	0.0436085091
111	-0.556358118	0.273098076	2.23413446	0.0436860901
112	-0.556348451	0.273138242	2.23446402	0.0437654286
113	-0.556352045	0.273085629	2.23395469	0.0437827965
114	-0.556350702	0.273084665	2.23363386	0.0438368421
115	-0.556345004	0.273066382	2.23407839	0.0439145391
116	-0.556340703	0.273027369	2.23415621	0.0438662069
117	-0.556348855	0.273063077	2.23478679	0.0439590085
118	-0.556349323	0.273022049	2.23416847	0.0439678644
119	-0.556328352	0.273036523	2.23428655	0.0439907227
120	-0.556306793	0.272983924	2.23425833	0.0440896667
121	-0.556308748	0.272976212	2.23446905	0.0440390413
122	-0.556298639	0.27299237	2.23422123	0.0439712787
123	-0.556325303	0.273022538	2.2346248	0.0440245203
124	-0.556308165	0.273065639	2.23484431	0.0440146774
125	-0.556309306	0.273133488	2.2344174	0.044047712
126	-0.556313601	0.273110238	2.23420639	0.0440482857
127	-0.556303409	0.27319859	2.23447004	0.0440491654
128	-0.556311455	0.273156986	2.23443805	0.044129
129	-0.556303606	0.273183326	2.23402004	0.0441105426
130	-0.556297082	0.273153579	2.23439081	0.0441095077
131	-0.556305113	0.273161978	2.23407737	0.044180855
132	-0.556295238	0.273150139	2.23367383	0.0441467576
133	-0.556305992	0.273057446	2.23363714	0.0440695338
134	-0.556312718	0.273080779	2.23355209	0.0440448358
135	-0.556303615	0.2730686	2.23407807	0.0441437037
136	-0.556302318	0.27299791	2.23389121	0.0440835588
137	-0.556315808	0.273003383	2.2339473	0.0440794745
138	-0.556324477	0.273047688	2.23355627	0.0440441449
139	-0.556324991	0.273066428	2.2342627	0.0440739856
140	-0.556335709	0.273089163	2.233971	0.044014
141	-0.556318683	0.273069335	2.23366965	0.044090156
142	-0.55631362	0.27309769	2.23372303	0.0441570704
143	-0.556291505	0.273077836	2.23307399	0.0441948531
144	-0.556288894	0.273075438	2.23241729	0.0442113889
145	-0.556275253	0.273093922	2.23203503	0.0442343724
146	-0.556302289	0.273063547	2.23231932	0.0443062466
147	-0.556291503	0.273019904	2.23179752	0.0443084898
148	-0.556298688	0.272984719	2.23117963	0.0442506216
149	-0.556273432	0.272946873	2.23034087	0.0442058523
150	-0.556263651	0.27294584	2.230288	0.0442518933
151	-0.556257005	0.272916218	2.2300453	0.0442753907
152	-0.556251031	0.27293178	2.23022405	0.0443094474
153	-0.556279116	0.272888594	2.23096618	0.0443740915
154	-0.556285228	0.272867276	2.23212305	0.0444432208
155	-0.556316013	0.272845898	2.23225994	0.0444045419
156	-0.556323134	0.272870569	2.23222372	0.0443977436
157	-0.556314575	0.272879472	2.2321329	0.0444140892
158	-0.556310996	0.27288155	2.23184411	0.044519443
159	-0.556293231	0.272913089	2.23112516	0.0444326038
160	-0.556313222	0.272894849	2.23123069	0.0444011
161	-0.556292466	0.27286181	2.23088783	0.0443723727
162	-0.556280349	0.272876073	2.23048769	0.0443606667
163	-0.556285173	0.272879818	2.23087408	0.0443248834
164	-0.556276389	0.272878727	2.23140116	0.044273122
165	-0.556294369	0.272810899	2.23193176	0.0443111758
166	-0.556283463	0.272786971	2.23168142	0.0443393976
167	-0.556281365	0.272769742	2.23130398	0.0443101557
168	-0.556274142	0.27272372	2.23112051	0.0442737857
169	-0.556291307	0.272723285	2.23148077	0.0442529231
170	-0.556296151	0.272784348	2.23206468	0.0443134353
171	-0.55629987	0.272749914	2.23248997	0.0443315322
172	-0.556293192	0.272717843	2.23192215	0.0443479535
173	-0.556289458	0.27268344	2.23227789	0.0442879306
174	-0.556291187	0.272704479	2.23265707	0.0442513103
175	-0.556296223	0.272648146	2.23187434	0.04425344
176	-0.556288673	0.272649355	2.23154358	0.04427
177	-0.556293225	0.272648085	2.23164153	0.044220565
178	-0.556294293	0.272688255	2.23230337	0.0442764494
179	-0.556289562	0.272706704	2.23196894	0.0443038212
180	-0.556294027	0.272662803	2.23189944	0.0442968889
181	-0.556291526	0.272645336	2.23189597	0.0443044862
182	-0.556283433	0.272630973	2.23192882	0.0443100879
183	-0.55628964	0.272615133	2.2319606	0.0442896612
184	-0.55628567	0.272635242	2.23204076	0.044250913
185	-0.556286332	0.27262912	2.23188103	0.0442755027
186	-0.556274722	0.272623538	2.23187352	0.0442565376
187	-0.556261414	0.272620586	2.23163053	0.0442236578
188	-0.556269349	0.272624616	2.23210274	0.0442547021
189	-0.556274926	0.272615169	2.23206519	0.0442965503
190	-0.556280425	0.272641622	2.23178811	0.0442738947
191	-0.556271886	0.272671619	2.23205204	0.0441785969
192	-0.556272977	0.272593597	2.23225141	0.04413425
193	-0.556271262	0.272590085	2.2321813	0.0441123316
194	-0.556255715	0.272557121	2.23230577	0.0441671753
195	-0.556269497	0.272557083	2.2327921	0.0442112821
196	-0.556278162	0.27255428	2.23283064	0.0442060612
197	-0.55627114	0.272533858	2.23276723	0.0442148832
198	-0.55628104	0.272595796	2.23297341	0.0441712121
199	-0.556279745	0.272597903	2.23335101	0.0442224322
200	-0.556268589	0.272602942	2.2333389	0.04420944
