1	-0.81299112	0.483357283	12.5131644	0.193156
2	-0.81232356	0.485679829	11.8532489	0.193378
3	-0.813220267	0.472538782	11.6054696	0.181413333
4	-0.81343746	0.47136285	11.9121622	0.194473
5	-0.812743552	0.467316867	11.939712	0.1886176
6	-0.813100093	0.468479798	11.9847007	0.193671333
7	-0.812787234	0.4676273	11.9044356	0.190561714
8	-0.81359769	0.468308041	11.9829011	0.1924845
9	-0.813654676	0.46927553	11.9680049	0.195222667
10	-0.813993984	0.470003498	12.0113564	0.1980992
11	-0.813439505	0.468848293	11.8847208	0.196048
12	-0.81424476	0.469753373	12.0138148	0.199138
13	-0.813913452	0.469196555	11.9968574	0.201088
14	-0.814276949	0.46789058	12.0295759	0.202218857
15	-0.813618181	0.46914362	11.9506933	0.1981624
16	-0.81361614	0.469314683	11.95985	0.198282
17	-0.813779031	0.470217427	11.9964371	0.199610353
18	-0.813723316	0.468924134	11.9858173	0.199965778
19	-0.813684648	0.467507084	11.9703345	0.196527158
20	-0.813892352	0.467475609	12.0126053	0.1970776
21	-0.813987284	0.468719442	12.0711289	0.199383238
22	-0.813903055	0.469474498	12.0476719	0.199861818
23	-0.813925506	0.46998691	12.0804549	0.202153565
24	-0.8139988	0.469270317	12.0712	0.201956667
25	-0.813892486	0.468745394	12.0394532	0.19950432
26	-0.813884557	0.468193335	12.0495744	0.200889385
27	-0.813964916	0.468766122	12.0508474	0.201505037
28	-0.813827986	0.469107101	12.0435013	0.200270714
29	-0.813765214	0.469655171	12.0374841	0.200191724
30	-0.813666829	0.469243191	12.0163849	0.2001148
31	-0.813608707	0.470467089	12.0172725	0.199480516
32	-0.813717215	0.470407916	12.0145706	0.20084825
33	-0.813633408	0.470247845	11.9967906	0.200628
34	-0.813499569	0.47041427	11.9688646	0.200390235
35	-0.813493803	0.470342536	11.9607322	0.199535886
36	-0.813479196	0.47102015	11.9572598	0.200215333
37	-0.813508627	0.47073187	11.9467786	0.199993514
38	-0.813440453	0.470386322	11.9380989	0.199664737
39	-0.813492185	0.470286443	11.9553755	0.200065641
40	-0.813498138	0.470562991	11.9772149	0.2007869
41	-0.813508072	0.470264441	11.9801854	0.201608488
42	-0.813452221	0.469342282	11.9643848	0.200592
43	-0.813442928	0.468954074	11.9436556	0.200369674
44	-0.813322278	0.468801707	11.9235978	0.199432091
45	-0.813208457	0.469017684	11.9127824	0.199720622
46	-0.81313607	0.469206853	11.9100877	0.19922087
47	-0.813110449	0.468510676	11.9008225	0.198671404
48	-0.813132742	0.468555879	11.9130657	0.19962875
49	-0.813202212	0.468707935	11.9196069	0.200151429
50	-0.813163526	0.469145893	11.9042802	0.19940832
51	-0.81326872	0.469704651	11.9233703	0.200314431
52	-0.813235234	0.469733249	11.9294568	0.200761692
53	-0.813108231	0.469884636	11.8971564	0.200090792
54	-0.813126947	0.470034933	11.8976193	0.200376963
55	-0.813123881	0.469863754	11.8879557	0.200048582
56	-0.813103279	0.46995395	11.889783	0.1998925
57	-0.813043884	0.469992732	11.8777745	0.199702947
58	-0.813012868	0.470162949	11.8867903	0.199546828
59	-0.813029237	0.470796378	11.9059327	0.200194034
60	-0.81304428	0.470846242	11.9074406	0.200407333
61	-0.813017285	0.470925957	11.908255	0.200615082
62	-0.812982595	0.471058521	11.904612	0.200794258
63	-0.812974311	0.471277606	11.904686	0.201166349
64	-0.812976686	0.471385662	11.9016957	0.201571812
65	-0.812983424	0.471286352	11.9078824	0.202075815
66	-0.812989457	0.471086701	11.9087486	0.201727394
67	-0.812979063	0.471263495	11.9106498	0.201472537
68	-0.812944585	0.471214161	11.8963695	0.200905706
69	-0.812912778	0.471034983	11.8945045	0.200230203
70	-0.81287747	0.470973205	11.8904772	0.200176343
71	-0.812887034	0.470769794	11.885822	0.200148901
72	-0.812881523	0.471160103	11.9011581	0.200303944
73	-0.812878098	0.471233732	11.9047094	0.200480219
74	-0.812885635	0.471345797	11.9050362	0.200097946
75	-0.812880433	0.470957329	11.8957601	0.199706987
76	-0.812939287	0.470548873	11.8994483	0.199643316
77	-0.812994192	0.470745828	11.9091713	0.200312208
78	-0.813026766	0.470913928	11.9104516	0.200440872
79	-0.812970946	0.470722598	11.8948722	0.200684
80	-0.812996371	0.470956539	11.9033337	0.20072355
81	-0.813011551	0.470580092	11.8997929	0.200167654
82	-0.812934088	0.470489474	11.888503	0.199801951
83	-0.81294456	0.470338198	11.8856237	0.20015812
84	-0.812963704	0.47046141	11.8882771	0.200256619
85	-0.812973035	0.470378026	11.8924396	0.200214118
86	-0.812932655	0.470436275	11.8945896	0.200493209
87	-0.813004118	0.470276641	11.8909315	0.200449563
88	-0.812945044	0.470337298	11.8837564	0.200120364
89	-0.812990067	0.470824434	11.8960719	0.199898876
90	-0.813013443	0.470698836	11.9028372	0.199476578
91	-0.812990571	0.47058722	11.8932791	0.199581319
92	-0.812997328	0.470453307	11.8908115	0.199527261
93	-0.812959991	0.470246621	11.876785	0.199147914
94	-0.812988349	0.470171448	11.8799724	0.19926
95	-0.812920169	0.469846656	11.8560735	0.198981095
96	-0.812887788	0.469677682	11.8513712	0.198818542
97	-0.812861958	0.469781829	11.8481616	0.198743258
98	-0.812847193	0.469847656	11.8460204	0.198747388
99	-0.812844095	0.469702193	11.8536939	0.199170424
100	-0.812878148	0.46949549	11.8505297	0.1992434
1	-0.81313976	0.486409352	12.5402222	0.194188
2	-0.81262032	0.483770519	11.8618756	0.194216
3	-0.81335832	0.471927075	11.618403	0.182049333
4	-0.81336258	0.471650837	11.91106	0.194829
5	-0.812658288	0.467975337	11.9381956	0.1889144
6	-0.81290976	0.468153895	11.9828563	0.193821333
7	-0.812613806	0.46742793	11.9031594	0.190633143
8	-0.81340397	0.467251684	11.9817811	0.1925985
9	-0.813475547	0.468583906	11.9686528	0.195377333
10	-0.813809632	0.470098094	12.016768	0.1982416
11	-0.813302924	0.469247934	11.8908364	0.196164364
12	-0.814105833	0.469470856	12.0178704	0.199158333
13	-0.8137892	0.468807531	12.0004342	0.201029231
14	-0.814136406	0.467359215	12.0292349	0.202134571
15	-0.813510795	0.468803816	11.9493262	0.198099733
16	-0.813507045	0.469548023	11.9555161	0.19820225
17	-0.813691868	0.470458945	11.9909469	0.199534588
18	-0.813609756	0.469607829	11.9810919	0.19991
19	-0.813581823	0.468206731	11.9666999	0.196564842
20	-0.813823172	0.468494786	12.0111062	0.1971186
21	-0.813909322	0.469839068	12.0693769	0.19950419
22	-0.813799898	0.470140913	12.0456735	0.200031273
23	-0.813820473	0.470532199	12.0783907	0.202345391
24	-0.813901493	0.469577798	12.0693541	0.202174667
25	-0.813785302	0.468808958	12.0381216	0.19971312
26	-0.813762612	0.468399222	12.0483053	0.201084462
27	-0.81386565	0.469362395	12.050268	0.201712148
28	-0.813724131	0.469962867	12.0434806	0.200478
29	-0.813657241	0.470629301	12.0389891	0.200448276
30	-0.813579157	0.470312317	12.0186981	0.200357867
31	-0.813532759	0.471544369	12.0196066	0.199708903
32	-0.813677543	0.471306236	12.0189114	0.201077125
33	-0.813599738	0.471185081	12.0006939	0.200835394
34	-0.813470753	0.471288276	11.9737574	0.20062
35	-0.813459262	0.471028158	11.9645539	0.199774514
36	-0.813463131	0.47141851	11.9618047	0.200456556
37	-0.813466128	0.471352896	11.9505739	0.200246919
38	-0.813390731	0.471108852	11.9420671	0.199915474
39	-0.813450946	0.471147305	11.9600889	0.200301128
40	-0.813455884	0.471390516	11.9812889	0.2010042
41	-0.813468283	0.471107913	11.9837869	0.201833659
42	-0.813402389	0.470275898	11.9669613	0.200776571
43	-0.81337715	0.469967531	11.9459601	0.200550512
44	-0.813256311	0.469765653	11.9255994	0.199597364
45	-0.813160894	0.469896818	11.9147684	0.199875822
46	-0.81309621	0.470022996	11.9106332	0.199367043
47	-0.813085338	0.469343082	11.9023992	0.198837106
48	-0.813105048	0.46929207	11.9152572	0.199802417
49	-0.813182242	0.469534505	11.9224952	0.200336571
50	-0.813140458	0.469882675	11.907173	0.19959088
51	-0.813248966	0.470282192	11.9248746	0.200471843
52	-0.81321416	0.47034006	11.9309747	0.200915692
53	-0.813075609	0.470528906	11.8979255	0.200248377
54	-0.813087499	0.470635718	11.8982255	0.200530519
55	-0.813079748	0.470529684	11.8886276	0.2002056
56	-0.813053544	0.470561829	11.8902119	0.2000415
57	-0.812982759	0.470649491	11.878254	0.199853754
58	-0.812958223	0.470768355	11.886381	0.199683586
59	-0.81298821	0.471298048	11.9045175	0.200305424
60	-0.812992909	0.471407256	11.9059227	0.200525467
61	-0.812956201	0.471533239	11.9068836	0.200721508
62	-0.812930559	0.471590463	11.9027067	0.200908581
63	-0.812927173	0.471813455	11.903006	0.201285651
64	-0.812932935	0.4718346	11.9001383	0.20168425
65	-0.812944164	0.471833723	11.9065366	0.202174338
66	-0.812950427	0.471600648	11.9066696	0.201818303
67	-0.812945355	0.471700375	11.9081073	0.201554328
68	-0.812917672	0.471575318	11.893814	0.200977706
69	-0.812883715	0.471388857	11.8914319	0.200290087
70	-0.812837971	0.471364473	11.8875945	0.200247143
71	-0.812847939	0.471152496	11.8832148	0.20022231
72	-0.812843407	0.471559451	11.8984511	0.200381444
73	-0.812843901	0.471662347	11.901317	0.200551233
74	-0.812848124	0.471727125	11.9014673	0.200157568
75	-0.812843409	0.471407401	11.8922245	0.19976512
76	-0.812899315	0.471013945	11.8954843	0.199686789
77	-0.812952337	0.4711294	11.9052294	0.200344104
78	-0.812986789	0.471238639	11.9066201	0.200472769
79	-0.812930027	0.471081395	11.890745	0.200708962
80	-0.812953033	0.471315212	11.8991368	0.20075165
81	-0.812967699	0.470887336	11.8950441	0.200192346
82	-0.812888521	0.47083245	11.8835896	0.199821171
83	-0.812893851	0.470717053	11.8804526	0.200167229
84	-0.812902472	0.470880046	11.8828466	0.20025219
85	-0.812908302	0.470803577	11.8867272	0.2002104
86	-0.812866878	0.470865077	11.8883535	0.200488093
87	-0.812929486	0.470707927	11.8848666	0.200446713
88	-0.812870779	0.470798639	11.8783528	0.200129864
89	-0.812917523	0.47131882	11.8910036	0.19991209
90	-0.812939139	0.471196828	11.8970575	0.199490267
91	-0.812925106	0.471051644	11.8873518	0.19959156
92	-0.812925252	0.471019929	11.8848962	0.19954087
93	-0.812888682	0.470773507	11.8705035	0.199156688
94	-0.812914318	0.470699403	11.8735989	0.199269106
95	-0.812837776	0.47041041	11.8496121	0.198987747
96	-0.812800678	0.47023361	11.8447013	0.198813083
97	-0.812776163	0.470355853	11.8419326	0.198738062
98	-0.812759289	0.470444341	11.8398051	0.198748122
99	-0.812768392	0.470302452	11.8475228	0.19916303
100	-0.812802204	0.470014355	11.8442124	0.1992342
101	-0.812821962	0.470073852	11.839974	0.199529782
102	-0.812838751	0.470020482	11.8425363	0.199596392
103	-0.81281247	0.469731589	11.8322245	0.199163301
104	-0.812811443	0.469506569	11.8316549	0.199445231
105	-0.812864946	0.469558852	11.8428651	0.199913981
106	-0.812882813	0.469830505	11.8494163	0.20037083
107	-0.812893414	0.46954475	11.8483428	0.200252
108	-0.812930353	0.469705671	11.8507663	0.200350963
109	-0.81290184	0.469654464	11.8452706	0.200196587
110	-0.812908679	0.469830815	11.8532984	0.200615782
111	-0.812938239	0.469726707	11.8560782	0.200929982
112	-0.812937888	0.469564535	11.853514	0.20058725
113	-0.812978353	0.469353587	11.85984	0.200938903
114	-0.812963764	0.469386379	11.8606624	0.200816246
115	-0.812949366	0.469460533	11.8604345	0.2007448
116	-0.812917507	0.469389549	11.8521605	0.200620172
117	-0.81287941	0.469286143	11.8427225	0.200466222
118	-0.812935446	0.469362851	11.8584875	0.200440102
119	-0.812949189	0.46961006	11.8672228	0.200864504
120	-0.812908204	0.469683058	11.8646253	0.2008702
121	-0.812878054	0.46950154	11.8546198	0.200487802
122	-0.812923807	0.469523328	11.8592244	0.200265738
123	-0.812921577	0.469570244	11.8606758	0.200469073
124	-0.812948128	0.469527665	11.857928	0.200587032
125	-0.812913795	0.46976834	11.8551585	0.20048336
126	-0.812892911	0.469784905	11.8486777	0.200274127
127	-0.812927094	0.469773087	11.856221	0.200669669
128	-0.812949824	0.469910054	11.8603209	0.200875594
129	-0.812951194	0.469818628	11.8631349	0.201103907
130	-0.812928648	0.469848937	11.8616023	0.201084708
131	-0.812950787	0.470065094	11.8597418	0.201133221
132	-0.81294047	0.470107653	11.8569609	0.201181061
133	-0.812949407	0.470127411	11.8584649	0.201268842
134	-0.812918825	0.470141528	11.8618919	0.201266627
135	-0.812923281	0.470091261	11.860006	0.201316652
136	-0.812900728	0.470123272	11.8568948	0.201433441
137	-0.812932141	0.470222616	11.8629647	0.201628934
138	-0.812956189	0.470213245	11.8677474	0.201881913
139	-0.812946289	0.470106036	11.8646287	0.20179505
140	-0.81294291	0.469946551	11.8577463	0.201525486
141	-0.812934164	0.469917648	11.8508452	0.201372028
142	-0.812919101	0.470033273	11.8489009	0.201487437
143	-0.812909362	0.470142356	11.8497377	0.201375804
144	-0.812889077	0.470086287	11.8423827	0.201187194
145	-0.812864092	0.470139206	11.8385335	0.20099771
146	-0.812889472	0.469979947	11.8400837	0.200681808
147	-0.81289322	0.469907371	11.8386548	0.200601143
148	-0.812880286	0.469852783	11.8348149	0.200554865
149	-0.812892862	0.469896053	11.8371483	0.200753181
150	-0.812857229	0.46991112	11.8313015	0.200704133
151	-0.812861248	0.469810817	11.8306114	0.200606781
152	-0.812846199	0.469784467	11.8232336	0.200312579
153	-0.812866337	0.469778998	11.8312767	0.200339085
154	-0.812891098	0.469725002	11.8302918	0.200417247
155	-0.812890557	0.469729557	11.8298005	0.200422039
156	-0.812914962	0.469684401	11.8285928	0.200319897
157	-0.812913812	0.469814854	11.8327875	0.200651108
158	-0.812926538	0.46975604	11.8319889	0.200661063
159	-0.812924238	0.469635921	11.8330052	0.200647145
160	-0.812982787	0.469655771	11.8390219	0.200826825
161	-0.812974421	0.469788843	11.8380656	0.200855205
162	-0.812946985	0.469885865	11.8360048	0.200485037
163	-0.812925764	0.469895555	11.8329143	0.200258748
164	-0.81291704	0.469841814	11.829631	0.200222732
165	-0.812892637	0.469757794	11.8218744	0.199967588
166	-0.812896473	0.469796494	11.8216514	0.199924867
167	-0.812896187	0.469861259	11.8231691	0.199774611
168	-0.81291982	0.469853505	11.8282935	0.199714786
169	-0.812953534	0.470030688	11.8312495	0.200041207
170	-0.812997335	0.47002578	11.8396819	0.200257318
171	-0.813004916	0.470042186	11.8450892	0.200521825
172	-0.813006972	0.470046644	11.8447947	0.200546256
173	-0.813020657	0.470065051	11.848449	0.200699884
174	-0.813016021	0.46996022	11.8447961	0.200582667
175	-0.813012998	0.47007703	11.8428693	0.20061104
176	-0.81298101	0.469945702	11.8384739	0.200270932
177	-0.812988554	0.46996129	11.8362155	0.200205085
178	-0.812985717	0.470117921	11.8398418	0.20030609
179	-0.812976745	0.470074755	11.8342936	0.200057341
180	-0.812995415	0.470022708	11.8354231	0.200132956
181	-0.812994723	0.469955404	11.8331485	0.199988066
182	-0.812990581	0.469872678	11.8347929	0.20009167
183	-0.812985666	0.469885154	11.8382134	0.200144481
184	-0.812969332	0.469712256	11.8307124	0.199803565
185	-0.81298907	0.469701803	11.8369206	0.199952973
186	-0.812979394	0.469584608	11.8311513	0.199832043
187	-0.81297755	0.469760375	11.8290846	0.200028321
188	-0.812957853	0.469651357	11.8221923	0.199843702
189	-0.812932166	0.469624687	11.8155604	0.199547958
190	-0.812940923	0.469670222	11.8152451	0.199568232
191	-0.812958362	0.469687188	11.8171126	0.199857382
192	-0.812964061	0.469588481	11.8140883	0.199844708
193	-0.812962184	0.469548358	11.8115504	0.199808663
194	-0.812970166	0.469598283	11.8161126	0.200046454
195	-0.812979054	0.469612615	11.8151195	0.200050133
196	-0.813030981	0.46965921	11.82346	0.200322531
197	-0.813037665	0.469782952	11.8281832	0.200405076
198	-0.813049223	0.469844672	11.8303796	0.200632889
199	-0.813027737	0.469785705	11.8266868	0.200578814
200	-0.813036805	0.469803486	11.8272812	0.20061024
