-6.36316
-6.3584
-6.35032
-6.33861
-6.32178
-6.29926
-6.27035
-6.23474
-6.19326
-6.14491
-6.08851
-6.02384
-5.95457
-5.87895
-5.80075
-5.72311
-5.65173
-5.58913
-5.53817
-5.50086
-5.47654
-5.46616
-5.46643
-5.47311
-5.48784
-5.50501
-5.52289
-5.54083
-5.5565
-5.56993
-5.58051
-5.58867
-5.59499
-5.59911
-5.60171
-5.60304
-5.60323
-5.60216
-5.60056
-5.59854
-5.59304
-5.58644
-5.5758
-5.56345
-5.54968
-5.53459
-5.5204
-5.50596
-5.49395
-5.48506
-5.48004
-5.47761
-5.47865
-5.48287
-5.49005
-5.49877
-5.50838
-5.51818
-5.52752
-5.53504
-5.53962
-5.54309
-5.54486
-5.54479
-5.54258
-5.53992
-5.53633
-5.5334
-5.53142
-5.53048
-5.53135
-5.53347
-5.53866
-5.54465
-5.55153
-5.55896
-5.56585
-5.57116
-5.57679
-5.58019
-5.58294
-5.58536
-5.58779
-5.58944
-5.59243
-5.59422
-5.59741
-5.60027
-5.60298
-5.60494
-5.60573
-5.60573
-5.60437
-5.60168
-5.59922
-5.5975
-5.59367
-5.59015
-5.58719
-5.58529
-5.58431
-5.58429
-5.58454
-5.58459
-5.58341
-5.58195
-5.58031
-5.57573
-5.57141
-5.56573
-5.55962
-5.55367
-5.54496
-5.53498
-5.52305
-5.51134
-5.49809
-5.48562
-5.47391
-5.46539
-5.45946
-5.45566
-5.45558
-5.45761
-5.46122
-5.46548
-5.4699
-5.47421
-5.47781
-5.4823
-5.48745
-5.49205
-5.49753
-5.50344
-5.51022
-5.51781
-5.5254
-5.53276
-5.53891
-5.54338
-5.54853
-5.55289
-5.55652
-5.56112
-5.56453
-5.5673
-5.56833
-5.56904
-5.56822
-5.56598
-5.56413
-5.55922
-5.55564
-5.55371
-5.55202
-5.55411
-5.55808
-5.56636
-5.57768
-5.59079
-5.60492
-5.62055
-5.63431
-5.64491
-5.65275
-5.6567
-5.65784
-5.65582
-5.65137
-5.64475
-5.63607
-5.62753
-5.61933
-5.61213
-5.60651
-5.60235
-5.60091
-5.60013
-5.5991
-5.59985
-5.60101
-5.60124
-5.60174
-5.60094
-5.60081
-5.59886
-5.59727
-5.59509
-5.59254
-5.59109
-5.59043
-5.59213
-5.59504
-5.59878
-5.6043
-5.61004
-5.61635
-5.62183
-5.62591
-5.62889
-5.63036
-5.631
-5.63054
-5.63012
-5.62796
-5.62634
-5.62606
-5.62694
-5.62731
-5.62812
-5.62914
-5.63008
-5.63038
-5.63069
-5.62951
-5.62751
-5.62487
-5.62157
-5.61765
-5.61378
-5.61043
-5.60651
-5.60239
-5.59892
-5.59559
-5.58977
-5.58289
-5.57536
-5.56715
-5.55938
-5.55344
-5.55025
-5.54905
-5.54908
-5.55052
-5.55186
-5.55454
-5.55919
-5.56333
-5.56926
-5.57795
-5.59003
-5.60395
-5.61843
-5.63302
-5.64609
-5.65733
-5.66552
-5.66912
-5.66998
-5.66638
-5.65934
-5.65039
-5.63923
-5.62714
-5.61604
-5.60613
-5.59792
-5.59118
-5.5852
-5.5806
-5.57721
-5.57558
-5.57541
-5.576
-5.57837
-5.58117
-5.58423
-5.5886
-5.59053
-5.59207
-5.59279
-5.59482
-5.59602
-5.59826
-5.6038
-5.61113
-5.61832
-5.62619
-5.63351
-5.63983
-5.64494
-5.64791
-5.64871
-5.64918
-5.64829
-5.64532
-5.63924
-5.63209
-5.62442
-5.61463
-5.60482
-5.59449
-5.58338
-5.57323
-5.56388
-5.557
-5.55063
-5.54563
-5.54188
-5.53983
-5.5379
-5.53724
-5.53746
-5.54027
-5.54363
-5.549
-5.55584
-5.5626
-5.56804
-5.57185
-5.57488
-5.57831
-5.58194
-5.58706
-5.59379
-5.60283
-5.60981
-5.61448
-5.61386
-5.61024
-5.60539
-5.59904
-5.59344
-5.59062
-5.58952
-5.59107
-5.59398
-5.59961
-5.60488
-5.60982
-5.61312
-5.61416
-5.61239
-5.60882
-5.60276
-5.59554
-5.58834
-5.58202
-5.57471
-5.57029
-5.56628
-5.56571
-5.56587
-5.56797
-5.57224
-5.57779
-5.58283
-5.59002
-5.59719
-5.60342
-5.60934
-5.61454
-5.61843
-5.62061
-5.62221
-5.62313
-5.62276
-5.62187
-5.62061
-5.61852
-5.61745
-5.61633
-5.61562
-5.61361
-5.61172
-5.60982
-5.60569
-5.60074
-5.5943
-5.58588
-5.57625
-5.5667
-5.55742
-5.54727
-5.53712
-5.52727
-5.51567
-5.50364
-5.49035
-5.4762
-5.4614
-5.44589
-5.43326
-5.42574
-5.42453
-5.42892
-5.43836
-5.45305
-5.46916
-5.48637
-5.504
-5.52108
-5.53591
-5.54803
-5.55706
-5.56327
-5.56684
-5.56834
-5.56786
-5.56602
-5.5645
-5.56174
-5.56031
-5.55813
-5.55544
-5.55181
-5.54718
-5.54234
-5.53735
-5.53379
-5.52966
-5.52696
-5.52647
-5.52754
-5.52914
-5.53097
-5.5322
-5.53305
-5.53263
-5.53108
-5.53
-5.52986
-5.53111
-5.53438
-5.53838
-5.54368
-5.54964
-5.55356
-5.55586
-5.55643
-5.55451
-5.54959
-5.54265
-5.53431
-5.5248
-5.51516
-5.5061
-5.4988
-5.49389
-5.49344
-5.49706
-5.50499
-5.51616
-5.53005
-5.54449
-5.55808
-5.57011
-5.57982
-5.58713
-5.59146
-5.59297
-5.59168
-5.58753
-5.58147
-5.57098
-5.55831
-5.54509
-5.53155
-5.52006
-5.51071
-5.50377
-5.50089
-5.50181
-5.50494
-5.50936
-5.51543
-5.5214
-5.52814
-5.53456
-5.54028
-5.5462
-5.55083
-5.5561
-5.55982
-5.56401
-5.56761
-5.57048
-5.57281
-5.57453
-5.57414
-5.57367
-5.57307
-5.57101
-5.56797
-5.5642
-5.56067
-5.55509
-5.54902
-5.5425
-5.53516
-5.52888
-5.52395
-5.5197
-5.518
-5.51697
-5.51824
-5.52002
-5.52309
-5.52648
-5.52922
-5.53081
-5.52998
-5.52614
-5.52183
-5.51577
-5.50918
-5.50322
-5.50043
-5.49974
-5.50354
-5.50937
-5.51797
-5.52796
-5.53983
-5.55085
-5.56042
-5.56848
-5.57563
-5.57979
-5.58057
-5.57884
-5.57424
-5.56627
-5.55582
-5.54293
-5.52631
-5.50893
-5.49138
-5.47288
-5.45686
-5.44276
-5.43264
-5.42669
-5.42656
-5.43094
-5.4385
-5.45015
-5.46447
-5.4794
-5.49548
-5.51179
-5.52838
-5.54212
-5.55348
-5.56268
-5.5687
-5.5731
-5.57369
-5.57142
-5.5665
-5.56074
-5.55398
-5.54696
-5.54044
-5.53541
-5.53364
-5.53387
-5.53663
-5.54162
-5.54879
-5.55803
-5.5668
-5.57505
-5.5813
-5.58618
-5.58912
-5.59065
-5.59074
-5.58952
-5.58846
-5.58663
-5.58557
-5.58551
-5.58657
-5.58927
-5.59223
-5.59525
-5.59787
-5.59918
-5.59992
-5.59809
-5.59419
-5.58594
-5.57546
-5.56326
-5.54825
-5.53214
-5.51606
-5.50051
-5.48603
-5.47376
-5.46391
-5.45767
-5.45375
-5.45139
-5.45123
-5.45134
-5.45203
-5.45405
-5.45629
-5.45717
-5.45819
-5.46141
-5.46375
-5.46538
-5.46839
-5.47053
-5.47252
-5.4746
-5.47571
-5.47742
-5.47689
-5.47694
-5.47574
-5.47479
-5.47392
-5.47297
-5.47275
-5.47377
-5.47455
-5.47714
-5.48207
-5.4898
-5.49934
-5.50924
-5.52087
-5.53193
-5.54274
-5.55176
-5.55984
-5.56761
-5.574
-5.58021
-5.58685
-5.59324
-5.59865
-5.60317
-5.60727
-5.61045
-5.61312
-5.61582
-5.61741
-5.61661
-5.615
-5.61252
-5.60978
-5.60404
-5.59722
-5.5885
-5.57917
-5.57084
-5.56346
-5.55679
-5.55239
-5.54987
-5.54804
-5.54821
-5.54847
-5.55104
-5.55457
-5.55881
-5.56351
-5.56768
-5.57004
-5.5707
-5.57
-5.56912
-5.56637
-5.56469
-5.56385
-5.56444
-5.56622
-5.56999
-5.5738
-5.57711
-5.57977
-5.57998
-5.57854
-5.57543
-5.57042
-5.56228
-5.55363
-5.54599
-5.53977
-5.53573
-5.53586
-5.53732
-5.54209
-5.54471
-5.54334
-5.53774
-5.52714
-5.51185
-5.49436
-5.4765
-5.46141
-5.45338
-5.44953
-5.44966
-5.45556
-5.46386
-5.47493
-5.48666
-5.49887
-5.51094
-5.52095
-5.52996
-5.53395
-5.53612
-5.53368
-5.52862
-5.52279
-5.5176
-5.51425
-5.51263
-5.51071
-5.50886
-5.50803
-5.50733
-5.5073
-5.50574
-5.50519
-5.50404
-5.50327
-5.50065
-5.49708
-5.4917
-5.48531
-5.47933
-5.4721
-5.46689
-5.46347
-5.46286
-5.46471
-5.46845
-5.47449
-5.48262
-5.48992
-5.49862
-5.50598
-5.51422
-5.52377
-5.53395
-5.54346
-5.55344
-5.56283
-5.57298
-5.58117
-5.58848
-5.59267
-5.5945
-5.59366
-5.58983
-5.58336
-5.57582
-5.56619
-5.55495
-5.54436
-5.53473
-5.5278
-5.52276
-5.52311
-5.52499
-5.53048
-5.53879
-5.54824
-5.55908
-5.57062
-5.5798
-5.5878
-5.59355
-5.59683
-5.59675
-5.59429
-5.58926
-5.58188
-5.57335
-5.56404
-5.55534
-5.54901
-5.54489
-5.5438
-5.54503
-5.54815
-5.55085
-5.55193
-5.55146
-5.54684
-5.53934
-5.52919
-5.51644
-5.50507
-5.49606
-5.48847
-5.48361
-5.48106
-5.47905
-5.47773
-5.47798
-5.47914
-5.47959
-5.47926
-5.4765
-5.47235
-5.46462
-5.45714
-5.45107
-5.44738
-5.44593
-5.44766
-5.45183
-5.45839
-5.46445
-5.46827
-5.47051
-5.47059
-5.46879
-5.4653
-5.46388
-5.46378
-5.46563
-5.47163
-5.48041
-5.49209
-5.50707
-5.52334
-5.54179
-5.56124
-5.57964
-5.59758
-5.61398
-5.62643
-5.63628
-5.64164
-5.64273
-5.63991
-5.63314
-5.62464
-5.61253
-5.60083
-5.58891
-5.5779
-5.56847
-5.5614
-5.55692
-5.55249
-5.54858
-5.54463
-5.53995
-5.53564
-5.52906
-5.52192
-5.51462
-5.50871
-5.50372
-5.49961
-5.49738
-5.49794
-5.49992
-5.50334
-5.50777
-5.51314
-5.51897
-5.5263
-5.53425
-5.54278
-5.55182
-5.56265
-5.57437
-5.58623
-5.59662
-5.60563
-5.61141
-5.61474
-5.61407
-5.61158
-5.60642
-5.59996
-5.59107
-5.5833
-5.5752
-5.56716
-5.5598
-5.55424
-5.54989
-5.54777
-5.54624
-5.54527
-5.54429
-5.54314
-5.5404
-5.53729
-5.53213
-5.52904
-5.52657
-5.52854
-5.53379
-5.54279
-5.55344
-5.56408
-5.57231
-5.57781
-5.58139
-5.58352
-5.58368
-5.58248
-5.58114
-5.58037
-5.58082
-5.58248
-5.58384
-5.58497
-5.58658
-5.58703
-5.5858
-5.58272
-5.57767
-5.56895
-5.55755
-5.54394
-5.52883
-5.51149
-5.49349
-5.47818
-5.46667
-5.45982
-5.45816
-5.46304
-5.47164
-5.48229
-5.49491
-5.50684
-5.51683
-5.52567
-5.53278
-5.53825
-5.54297
-5.54818
-5.55543
-5.56164
-5.56803
-5.57399
-5.57839
-5.58178
-5.58295
-5.58242
-5.58065
-5.57674
-5.57246
-5.56734
-5.56112
-5.55407
-5.54543
-5.53561
-5.52661
-5.51795
-5.51163
-5.50904
-5.50937
-5.51355
-5.52092
-5.52983
-5.5403
-5.55124
-5.56046
-5.56783
-5.57281
-5.57516
-5.57336
-5.57007
-5.56442
-5.55856
-5.5522
-5.54703
-5.54215
-5.5372
-5.53361
-5.52921
-5.52377
-5.51667
-5.50766
-5.49785
-5.48628
-5.47524
-5.46423
-5.45576
-5.44946
-5.44572
-5.44488
-5.44557
-5.4492
-5.45644
-5.46596
-5.4786
-5.49363
-5.51207
-5.53064
-5.54931
-5.56541
-5.58152
-5.58486
-5.57771
-5.56018
-5.53473
-5.50246
-5.46511
-5.42397
-5.38257
-5.34145
-5.30277
-5.27001
-5.24595
-5.23181
-5.22722
-5.22984
-5.23679
-5.24534
-5.24807
-5.24675
-5.23975
-5.22758
-5.21218
-5.19659
-5.18458
-5.18062
-5.187
-5.2042
-5.22843
-5.25657
-5.28304
-5.30516
-5.32073
-5.32754
-5.32538
-5.31588
-5.29959
-5.2785
-5.25548
-5.23437
-5.21695
-5.20635
-5.20174
-5.20305
-5.20937
-5.2194
-5.23045
-5.24
-5.24742
-5.2493
-5.24604
-5.23923
-5.23219
-5.22832
-5.22788
-5.22949
-5.23359
-5.23989
-5.24624
-5.25534
-5.26556
-5.27458
-5.28145
-5.28719
-5.29055
-5.29215
-5.2927
-5.28944
-5.28348
-5.27331
-5.25766
-5.23688
-5.21293
-5.19135
-5.17407
-5.16598
-5.16337
-5.16647
-5.17249
-5.17786
-5.18224
-5.18401
-5.18168
-5.17621
-5.16609
-5.15008
-5.1288
-5.1043
-5.08122
-5.0608
-5.04972
-5.05033
-5.06471
-5.08993
-5.12046
-5.15287
-5.18086
-5.19829
-5.20812
-5.211
-5.20638
-5.19835
-5.18985
-5.1832
-5.18371
-5.1903
-5.20613
-5.2255
-5.24765
-5.26936
-5.28818
-5.30004
-5.30486
-5.30179
-5.29188
-5.27627
-5.25752
-5.24026
-5.2239
-5.21031
-5.2007
-5.19392
-5.18968
-5.18646
-5.18416
-5.18156
-5.17924
-5.17614
-5.17298
-5.17023
-5.16898
-5.16885
-5.17384
-5.18153
-5.19167
-5.20145
-5.2105
-5.21678
-5.21999
-5.22115
-5.21894
-5.21532
-5.21022
-5.20334
-5.19763
-5.19166
-5.18804
-5.18878
-5.19423
-5.20279
-5.21396
-5.22848
-5.24311
-5.25654
-5.26795
-5.27359
-5.27103
-5.25882
-5.23948
-5.21583
-5.19393
-5.17757
-5.17186
-5.17415
-5.181
-5.18758
-5.19025
-5.18469
-5.17267
-5.15605
-5.13468
-5.11149
-5.08945
-5.07185
-5.06096
-5.05727
-5.06114
-5.07226
-5.08779
-5.10731
-5.12815
-5.14978
-5.16898
-5.183
-5.19337
-5.19943
-5.2018
-5.20233
-5.20196
-5.20244
-5.20532
-5.21076
-5.21794
-5.22491
-5.23134
-5.23676
-5.23913
-5.24122
-5.24165
-5.2427
-5.24327
-5.24448
-5.24619
-5.24783
-5.24967
-5.2504
-5.24715
-5.24242
-5.23615
-5.23005
-5.22668
-5.22699
-5.23061
-5.23413
-5.23627
-5.23388
-5.22667
-5.21356
-5.197
-5.17762
-5.15967
-5.14459
-5.13492
-5.13176
-5.13902
-5.15153
-5.17142
-5.19355
-5.21695
-5.23794
-5.25429
-5.26544
-5.2712
-5.26939
-5.26184
-5.25154
-5.23729
-5.22092
-5.20502
-5.1921
-5.18339
-5.18241
-5.18991
-5.20568
-5.22693
-5.25026
-5.27156
-5.28551
-5.29224
-5.29245
-5.28906
-5.28449
-5.28187
-5.28541
-5.29358
-5.30738
-5.32394
-5.33857
-5.34837
-5.35234
-5.34774
-5.33641
-5.31914
-5.29996
-5.28061
-5.26474
-5.25366
-5.24727
-5.24381
-5.24315
-5.24302
-5.24497
-5.24784
-5.25236
-5.25617
-5.25557
-5.24749
-5.23041
-5.206
-5.17501
-5.14114
-5.11069
-5.08528
-5.0687
-5.06346
-5.06981
-5.08548
-5.10876
-5.13898
-5.16889
-5.19456
-5.21472
-5.22855
-5.23662
-5.23824
-5.23424
-5.22867
-5.21902
-5.2093
-5.19933
-5.19276
-5.18928
-5.19097
-5.196
-5.20345
-5.21324
-5.22425
-5.2364
-5.24752
-5.25767
-5.26522
-5.26946
-5.26712
-5.2597
-5.24792
-5.23296
-5.21383
-5.1928
-5.17003
-5.14711
-5.12557
-5.10633
-5.09229
-5.08537
-5.08658
-5.09619
-5.11237
-5.1321
-5.15518
-5.17942
-5.20076
-5.21822
-5.23008
-5.23469
-5.23359
-5.22793
-5.21903
-5.2083
-5.20105
-5.19751
-5.19812
-5.20257
-5.20889
-5.21863
-5.22742
-5.23458
-5.23736
-5.23602
-5.23054
-5.22073
-5.20689
-5.1929
-5.1786
-5.16674
-5.15814
-5.15343
-5.15196
-5.15466
-5.16074
-5.16832
-5.17611
-5.18321
-5.1893
-5.1941
-5.19719
-5.20224
-5.20653
-5.2116
-5.21628
-5.21971
-5.2198
-5.21514
-5.20665
-5.19234
-5.17566
-5.15646
-5.13931
-5.1263
-5.1175
-5.11421
-5.119
-5.13159
-5.15232
-5.17699
-5.20137
-5.2254
-5.24207
-5.25315
-5.25907
-5.26022
-5.25854
-5.25541
-5.25415
-5.25566
-5.25871
-5.26588
-5.27506
-5.28479
-5.2937
-5.3001
-5.3035
-5.30368
-5.30022
-5.29326
-5.28423
-5.2764
-5.2685
-5.26235
-5.25441
-5.24671
-5.23791
-5.22923
-5.22094
-5.2134
-5.20719
-5.20049
-5.19682
-5.19465
-5.19243
-5.19223
-5.19073
-5.18717
-5.18369
-5.17886
-5.17438
-5.17084
-5.16938
-5.1695
-5.17274
-5.17589
-5.17821
-5.17962
-5.17805
-5.17432
-5.17112
-5.17175
-5.17991
-5.19532
-5.2163
-5.24179
-5.26786
-5.29212
-5.31283
-5.32997
-5.34059
-5.34608
-5.34744
-5.34493
-5.33787
-5.32792
-5.31623
-5.30301
-5.2882
-5.27553
-5.26618
-5.26031
-5.26047
-5.26187
-5.26613
-5.2731
-5.28045
-5.28615
-5.29091
-5.29379
-5.2941
-5.29469
-5.29465
-5.29384
-5.29198
-5.28898
-5.28534
-5.2802
-5.27496
-5.26991
-5.26336
-5.25509
-5.24604
-5.23686
-5.22727
-5.21814
-5.21027
-5.20081
-5.18965
-5.17711
-5.16377
-5.15002
-5.13732
-5.12682
-5.12031
-5.11993
-5.12601
-5.13873
-5.15539
-5.17473
-5.19141
-5.20403
-5.21104
-5.21297
-5.21203
-5.21238
-5.2148
-5.21955
-5.22421
-5.22424
-5.21754
-5.20441
-5.18814
-5.17165
-5.16131
-5.1589
-5.16512
-5.17354
-5.18136
-5.1845
-5.18236
-5.17733
-5.17405
-5.17161
-5.17185
-5.1752
-5.18184
-5.18718
-5.19349
-5.19844
-5.20056
-5.20255
-5.20402
-5.20465
-5.20573
-5.2063
-5.20726
-5.2089
-5.21135
-5.2141
-5.21358
-5.21301
-5.21343
-5.21627
-5.22295
-5.23142
-5.24276
-5.25555
-5.26826
-5.28121
-5.29339
-5.30434
-5.31349
-5.31923
-5.32195
-5.32313
-5.3231
-5.32302
-5.32335
-5.32438
-5.32666
-5.32818
-5.33077
-5.33218
-5.33405
-5.33419
-5.3327
-5.32806
-5.31876
-5.30283
-5.28137
-5.25369
-5.22249
-5.18868
-5.15743
-5.13209
-5.11389
-5.1053
-5.10526
-5.11252
-5.12353
-5.13765
-5.15114
-5.16365
-5.17438
-5.183
-5.18875
-5.19188
-5.19191
-5.18813
-5.18103
-5.17245
-5.16042
-5.14803
-5.13749
-5.12619
-5.11727
-5.11199
-5.10971
-5.11329
-5.11923
-5.12953
-5.14194
-5.15385
-5.16391
-5.17053
-5.17412
-5.17511
-5.17669
-5.17896
-5.18242
-5.18361
-5.18311
-5.18074
-5.17778
-5.17494
-5.17245
-5.16836
-5.16335
-5.15812
-5.15123
-5.14133
-5.13131
-5.12158
-5.11461
-5.11123
-5.11462
-5.12474
-5.13897
-5.15498
-5.17014
-5.1824
-5.18976
-5.19265
-5.19188
-5.19103
-5.19181
-5.1958
-5.20225
-5.21135
-5.22113
-5.2279
-5.22948
-5.22549
-5.21513
-5.20186
-5.18536
-5.17115
-5.16
-5.15564
-5.15796
-5.16482
-5.17408
-5.18376
-5.1931
-5.19927
-5.20405
-5.20605
-5.20866
-5.21
-5.21034
-5.20656
-5.20028
-5.18912
-5.1754
-5.16079
-5.14503
-5.13443
-5.12917
-5.13373
-5.14482
-5.16068
-5.17846
-5.19385
-5.20572
-5.21362
-5.21898
-5.22258
-5.22673
-5.23247
-5.23987
-5.24924
-5.2582
-5.2637
-5.26603
-5.26365
-5.25696
-5.24733
-5.23403
-5.22205
-5.21045
-5.2039
-5.19995
-5.19891
-5.20044
-5.20321
-5.2073
-5.21071
-5.21492
-5.21913
-5.22443
-5.23027
-5.23759
-5.24822
-5.25807
-5.26604
-5.27305
-5.27744
-5.27934
-5.27682
-5.27362
-5.27005
-5.26813
-5.26964
-5.27362
-5.28039
-5.28866
-5.29468
-5.30031
-5.30243
-5.30369
-5.30414
-5.30519
-5.30368
-5.30203
-5.29854
-5.29087
-5.28368
-5.27538
-5.26622
-5.25908
-5.25478
-5.25354
-5.25277
-5.25087
-5.24764
-5.24103
-5.22896
-5.21532
-5.19683
-5.17572
-5.15305
-5.13004
-5.10864
-5.09057
-5.07642
-5.06806
-5.06581
-5.0717
-5.08611
-5.1078
-5.13546
-5.16473
-5.19298
-5.21731
-5.23478
-5.24409
-5.24451
-5.23737
-5.2251
-5.20876
-5.19304
-5.18072
-5.17387
-5.17168
-5.17608
-5.18594
-5.19875
-5.2137
-5.22601
-5.23763
-5.24665
-5.25558
-5.26584
-5.27417
-5.28233
-5.28787
-5.28878
-5.28486
-5.2763
-5.26733
-5.25788
-5.24968
-5.24146
-5.23481
-5.22752
-5.22274
-5.2161
-5.21014
-5.20423
-5.19837
-5.19241
-5.1873
-5.18085
-5.17086
-5.15937
-5.14434
-5.12627
-5.10581
-5.08478
-5.06694
-5.05484
-5.05122
-5.05692
-5.07198
-5.09006
-5.10744
-5.12226
-5.13273
-5.13694
-5.13781
-5.13432
-5.12928
-5.12535
-5.12201
-5.12356
-5.1291
-5.14151
-5.15955
-5.18062
-5.20327
-5.22385
-5.23876
-5.248
-5.24998
-5.24695
-5.23995
-5.2316
-5.2247
-5.22025
-5.22274
-5.23286
-5.25155
-5.27736
-5.30791
-5.34022
-5.36899
-5.39033
-5.40358
-5.40605
-5.39978
-5.38496
-5.36463
-5.34437
-5.32297
-5.30447
-5.29045
-5.28437
-5.28306
-5.28673
-5.29405
-5.30206
-5.30915
-5.31234
-5.3106
-5.30631
-5.30282
-5.29901
-5.29891
-5.30216
-5.30858
-5.32106
-5.33582
-5.35288
-5.36876
-5.3833
-5.3923
-5.39664
-5.39535
-5.39057
-5.3812
-5.37032
-5.35865
-5.34785
-5.33765
-5.32832
-5.31876
-5.30797
-5.29701
-5.28657
-5.27667
-5.27023
-5.26725
-5.26764
-5.26995
-5.27164
-5.27176
-5.27144
-5.26968
-5.26857
-5.26935
-5.27272
-5.27948
-5.28805
-5.29797
-5.30708
-5.31348
-5.31834
-5.31948
-5.31778
-5.3136
-5.30879
-5.30305
-5.29452
-5.28613
-5.27569
-5.2637
-5.24997
-5.236
-5.22236
-5.21096
-5.20411
-5.20069
-5.20044
-5.20142
-5.2044
-5.20755
-5.21093
-5.21469
-5.22027
-5.22833
-5.2381
-5.25016
-5.26253
-5.27453
-5.28391
-5.2876
-5.28683
-5.28047
-5.2675
-5.25056
-5.2327
-5.21301
-5.19342
-5.1738
-5.15336
-5.13445
-5.11629
-5.10152
-5.09056
-5.08478
-5.08614
-5.09174
-5.10015
-5.10973
-5.11828
-5.12216
-5.12321
-5.12156
-5.11521
-5.10813
-5.10097
-5.09549
-5.09297
-5.09416
-5.10035
-5.11076
-5.12661
-5.14365
-5.16272
-5.18294
-5.20249
-5.22085
-5.23711
-5.25016
-5.25995
-5.26667
-5.26929
-5.26952
-5.26616
-5.26106
-5.25388
-5.24639
-5.23808
-5.23051
-5.22291
-5.21598
-5.20848
-5.20115
-5.19309
-5.18372
-5.17277
-5.15904
-5.14538
-5.13189
-5.125
-5.12765
-5.13973
-5.15931
-5.18173
-5.20266
-5.21971
-5.23126
-5.23697
-5.23789
-5.23617
-5.23272
-5.22769
-5.22212
-5.21585
-5.20839
-5.19906
-5.1882
-5.17485
-5.16078
-5.1486
-5.13289
-5.12003
-5.10938
-5.10463
-5.10461
-5.10941
-5.1178
-5.12617
-5.13229
-5.13439
-5.13248
-5.12653
-5.11837
-5.1077
-5.09902
-5.09301
-5.09168
-5.09466
-5.10323
-5.11812
-5.13737
-5.1578
-5.17549
-5.1885
-5.19288
-5.18814
-5.17416
-5.15216
-5.1244
-5.09607
-5.06689
-5.04277
-5.02649
-5.01819
-5.02054
-5.02956
-5.04634
-5.06287
-5.07836
-5.09303
-5.10582
-5.11804
-5.12863
-5.13976
-5.15026
-5.15957
-5.1687
-5.1732
-5.17338
-5.16651
-5.15512
-5.13694
-5.11448
-5.0895
-5.06562
-5.04807
-5.0409
-5.04535
-5.058
-5.07827
-5.10192
-5.12416
-5.14261
-5.15297
-5.15412
-5.14435
-5.12477
-5.09782
-5.0665
-5.03313
-5.00134
-4.97627
-4.96277
-4.9583
-4.96366
-4.9748
-4.99028
-5.0067
-5.01983
-5.02712
-5.0275
-5.02297
-5.01536
-5.00896
-5.00814
-5.01355
-5.02295
-5.03599
-5.04736
-5.05709
-5.06196
-5.06033
-5.05343
-5.04378
-5.03499
-5.03047
-5.02727
-5.026
-5.02582
-5.02568
-5.02775
-5.02899
-5.02952
-5.02658
-5.01929
-5.00456
-4.98433
-4.9616
-4.94065
-4.92499
-4.91642
-4.91553
-4.91901
-4.92511
-4.93477
-4.94455
-4.9557
-4.9695
-4.98791
-5.01062
-5.03915
-5.07237
-5.10815
-5.14516
-5.17861
-5.20912
-5.23405
-5.25294
-5.26561
-5.27286
-5.276
-5.27496
-5.26995
-5.26246
-5.24951
-5.23076
-5.2043
-5.17276
-5.13963
-5.10911
-5.08346
-5.06734
-5.06032
-5.05697
-5.05433
-5.04729
-5.03458
-5.01743
-4.99983
-4.98808
-4.98404
-4.99174
-5.00657
-5.02667
-5.04879
-5.0696
-5.08767
-5.10432
-5.11896
-5.13349
-5.14495
-5.15224
-5.15448
-5.14751
-5.13205
-5.11042
-5.08506
-5.05953
-5.04023
-5.029
-5.02677
-5.03016
-5.03788
-5.04568
-5.05097
-5.05481
-5.05766
-5.0619
-5.06968
-5.08074
-5.09318
-5.10433
-5.11082
-5.10964
-5.10142
-5.08796
-5.07169
-5.05399
-5.03875
-5.02714
-5.0221
-5.02589
-5.03826
-5.05931
-5.08589
-5.11444
-5.13888
-5.15551
-5.1628
-5.16064
-5.1492
-5.13204
-5.11099
-5.08768
-5.06279
-5.04106
-5.02205
-5.0083
-4.99865
-4.9959
-4.99857
-5.00464
-5.01298
-5.02292
-5.03331
-5.04359
-5.05191
-5.05885
-5.06256
-5.06152
-5.05839
-5.05144
-5.04272
-5.0353
-5.02747
-5.0227
-5.01912
-5.01516
-5.01083
-5.00879
-5.01058
-5.02004
-5.03414
-5.04904
-5.06147
-5.06751
-5.06689
-5.05944
-5.04782
-5.03569
-5.02478
-5.01567
-5.01407
-5.01704
-5.02549
-5.04206
-5.06361
-5.08625
-5.10711
-5.12358
-5.13561
-5.14205
-5.14223
-5.13803
-5.13007
-5.12154
-5.11237
-5.10583
-5.09873
-5.09126
-5.08044
-5.06557
-5.04611
-5.02032
-4.99074
-4.95893
-4.92832
-4.90219
-4.88129
-4.86688
-4.86067
-4.86277
-4.87456
-4.89482
-4.92429
-4.9582
-4.99445
-5.02999
-5.06169
-5.08895
-5.10827
-5.1188
-5.1233
-5.12183
-5.1189
-5.11766
-5.11884
-5.12338
-5.12868
-5.13175
-5.13093
-5.12312
-5.11004
-5.09029
-5.06639
-5.04126
-5.01707
-4.9976
-4.98236
-4.9725
-4.96889
-4.96857
-4.97313
-4.98067
-4.99221
-5.00664
-5.01978
-5.03
-5.03326
-5.03047
-5.01946
-5.00344
-4.983
-4.96272
-4.94469
-4.93307
-4.93221
-4.9412
-4.95612
-4.9739
-4.99162
-5.01029
-5.02874
-5.04459
-5.05791
-5.06893
-5.07772
-5.08545
-5.09202
-5.09777
-5.099
-5.09404
-5.08602
-5.07578
-5.062
-5.04568
-5.02587
-5.00448
-4.98096
-4.96134
-4.94585
-4.93713
-4.93377
-4.93566
-4.94011
-4.9434
-4.94433
-4.94407
-4.94365
-4.94226
-4.94181
-4.94392
-4.95009
-4.9636
-4.98344
-5.00916
-5.03641
-5.06242
-5.08389
-5.09872
-5.11064
-5.11834
-5.12187
-5.1204
-5.11475
-5.10392
-5.09342
-5.08504
-5.07941
-5.07764
-5.08046
-5.08511
-5.09074
-5.09276
-5.0907
-5.08275
-5.06846
-5.05276
-5.04209
-5.03844
-5.04339
-5.05216
-5.06205
-5.07003
-5.07434
-5.07698
-5.07932
-5.08104
-5.08265
-5.08675
-5.09499
-5.10737
-5.12196
-5.13767
-5.15092
-5.16066
-5.16582
-5.16716
-5.16624
-5.16311
-5.15908
-5.15615
-5.15297
-5.14896
-5.14359
-5.1354
-5.12665
-5.11866
-5.113
-5.11097
-5.11301
-5.11685
-5.11869
-5.11565
-5.106
-5.0889
-5.06434
-5.03473
-5.00459
-4.97989
-4.96591
-4.96499
-4.97612
-4.99286
-5.01431
-5.03616
-5.05663
-5.07245
-5.08605
-5.09579
-5.10101
-5.10314
-5.10674
-5.10975
-5.11481
-5.12411
-5.13103
-5.13686
-5.13879
-5.13803
-5.13561
-5.13502
-5.13608
-5.13969
-5.14591
-5.15202
-5.15672
-5.1587
-5.15533
-5.14975
-5.14159
-5.12998
-5.11871
-5.10738
-5.09486
-5.08374
-5.07184
-5.05858
-5.04201
-5.02245
-5.00133
-4.97947
-4.96086
-4.94866
-4.94352
-4.9436
-4.94845
-4.95146
-4.95325
-4.95202
-4.94974
-4.95049
-4.95586
-4.96856
-4.9899
-5.01603
-5.04458
-5.07155
-5.09589
-5.11655
-5.13375
-5.14939
-5.16327
-5.17877
-5.19578
-5.21285
-5.22868
-5.24019
-5.24685
-5.24481
-5.23475
-5.21888
-5.19759
-5.1723
-5.14589
-5.12033
-5.10063
-5.0889
-5.08776
-5.09599
-5.11286
-5.13223
-5.15195
-5.16702
-5.17531
-5.17774
-5.17189
-5.16056
-5.14686
-5.13357
-5.1207
-5.10851
-5.09695
-5.08852
-5.07995
-5.07365
-5.07016
-5.07191
-5.07805
-5.08943
-5.10322
-5.11409
-5.12039
-5.11981
-5.11214
-5.09935
-5.08341
-5.067
-5.05191
-5.03905
-5.02641
-5.01299
-4.99888
-4.98832
-4.98495
-4.99002
-5.00852
-5.03685
-5.07118
-5.1044
-5.13426
-5.15498
-5.16823
-5.17236
-5.16719
-5.15566
-5.13754
-5.11689
-5.09219
-5.0696
-5.05411
-5.04986
-5.05485
-5.06629
-5.07829
-5.08696
-5.09097
-5.09027
-5.08586
-5.07803
-5.06938
-5.0596
-5.04891
-5.03818
-5.02726
-5.01886
-5.01353
-5.01121
-5.01482
-5.02451
-5.04001
-5.06034
-5.08483
-5.1119
-5.13892
-5.16333
-5.1825
-5.19496
-5.20033
-5.20023
-5.19571
-5.18811
-5.1792
-5.17284
-5.16792
-5.16426
-5.15886
-5.1528
-5.14342
-5.13055
-5.11221
-5.08884
-5.06211
-5.034
-5.0085
-4.98865
-4.97626
-4.97223
-4.97847
-4.99641
-5.02211
-5.05068
-5.07276
-5.08698
-5.093
-5.09272
-5.08807
-5.08048
-5.07048
-5.0597
-5.05193
-5.04551
-5.04005
-5.03486
-5.03003
-5.02555
-5.02474
-5.02366
-5.02185
-5.01515
-5.0049
-4.98764
-4.96158
-4.92839
-4.89337
-4.8625
-4.84303
-4.83915
-4.8503
-4.87491
-4.90608
-4.93876
-4.97052
-4.99695
-5.01731
-5.0317
-5.0382
-5.03836
-5.03447
-5.02993
-5.02851
-5.03274
-5.04242
-5.05576
-5.07039
-5.08634
-5.09932
-5.10903
-5.11382
-5.11416
-5.10861
-5.09579
-5.07958
-5.06192
-5.04521
-5.03258
-5.02637
-5.02753
-5.03451
-5.04742
-5.0669
-5.09003
-5.11677
-5.14315
-5.16772
-5.18666
-5.2004
-5.20675
-5.20451
-5.19388
-5.17714
-5.15477
-5.13096
-5.10619
-5.0809
-5.06068
-5.0432
-5.03011
-5.02242
-5.01843
-5.01585
-5.01192
-5.00276
-4.99153
-4.97549
-4.95893
-4.94313
-4.9306
-4.92167
-4.91581
-4.91433
-4.9169
-4.92247
-4.93481
-4.95335
-4.9773
-5.00581
-5.03647
-5.06491
-5.09086
-5.10994
-5.12392
-5.13154
-5.13254
-5.1246
-5.10932
-5.08815
-5.06297
-5.03693
-5.01386
-4.99727
-4.98686
-4.98435
-4.98473
-4.9832
-4.97636
-4.96672
-4.95718
-4.95689
-4.96547
-4.98578
-5.01876
-5.06
-5.10598
-5.15069
-5.18991
-5.22156
-5.24464
-5.25802
-5.26305
-5.25929
-5.24768
-5.2296
-5.20796
-5.18402
-5.15935
-5.13594
-5.1103
-5.08798
-5.06807
-5.05428
-5.04733
-5.04906
-5.05691
-5.06641
-5.07018
-5.06762
-5.06035
-5.04903
-5.03882
-5.03057
-5.03058
-5.03873
-5.05741
-5.08357
-5.11453
-5.14661
-5.17521
-5.19695
-5.21091
-5.21753
-5.21698
-5.21015
-5.19988
-5.18615
-5.17106
-5.15526
-5.14119
-5.12701
-5.11346
-5.10151
-5.09316
-5.08738
-5.08579
-5.08845
-5.09169
-5.09548
-5.09467
-5.09206
-5.08841
-5.08819
-5.09114
-5.09714
-5.10366
-5.10939
-5.11149
-5.10898
-5.10143
-5.0876
-5.06916
-5.0475
-5.02486
-5.00499
-4.99253
-4.98769
-4.99142
-5.00371
-5.02364
-5.05006
-5.08083
-5.11098
-5.13742
-5.15839
-5.17366
-5.18149
-5.18401
-5.18437
-5.18053
-5.17007
-5.15179
-5.12607
-5.09454
-5.06188
-5.03173
-5.00836
-4.99235
-4.98365
-4.97979
-4.97763
-4.97585
-4.97402
-4.97441
-4.97917
-4.98851
-5.00502
-5.02637
-5.05381
-5.08323
-5.1101
-5.1333
-5.15023
-5.15919
-5.15919
-5.15297
-5.14424
-5.13449
-5.12753
-5.12493
-5.12103
-5.11772
-5.11048
-5.10011
-5.08667
-5.07303
-5.06188
-5.05646
-5.0564
-5.05912
-5.06247
-5.06359
-5.06461
-5.06308
-5.06056
-5.05498
-5.04598
-5.03209
-5.0145
-4.99428
-4.97438
-4.95791
-4.95019
-4.95131
-4.96074
-4.97556
-4.99658
-5.01875
-5.04084
-5.06015
-5.0762
-5.08941
-5.10011
-5.10812
-5.11652
-5.12586
-5.13664
-5.14965
-5.16513
-5.18126
-5.19668
-5.20735
-5.21129
-5.20697
-5.19554
-5.17663
-5.15553
-5.13656
-5.12193
-5.10985
-5.10168
-5.09353
-5.08265
-5.06972
-5.05402
-5.037
-5.01984
-5.00842
-5.00277
-5.0061
-5.01647
-5.03199
-5.04965
-5.06578
-5.07843
-5.08913
-5.09432
-5.09454
-5.09037
-5.08427
-5.07609
-5.0659
-5.05554
-5.04319
-5.0305
-5.01789
-5.00873
-5.00508
-5.00835
-5.01485
-5.0259
-5.03761
-5.04823
-5.05677
-5.06312
-5.06447
-5.06388
-5.06122
-5.05738
-5.0526
-5.05042
-5.05055
-5.05225
-5.0541
-5.05485
-5.05096
-5.03884
-5.01863
-4.99304
-4.96302
-4.93352
-4.90927
-4.89128
-4.88063
-4.87767
-4.88243
-4.89376
-4.91321
-4.93971
-4.97133
-5.00705
-5.04292
-5.0778
-5.11089
-5.13934
-5.16245
-5.17799
-5.18668
-5.18715
-5.18124
-5.17002
-5.15546
-5.13922
-5.12484
-5.11687
-5.11615
-5.12085
-5.13033
-5.13842
-5.14651
-5.15312
-5.15712
-5.15631
-5.15182
-5.14337
-5.1284
-5.11006
-5.08968
-5.06612
-5.04386
-5.02356
-5.00923
-5.00341
-5.00659
-5.01688
-5.0331
-5.05147
-5.07206
-5.09117
-5.10786
-5.12306
-5.13451
-5.14059
-5.13942
-5.13306
-5.11666
-5.0951
-5.07009
-5.04248
-5.01677
-4.99584
-4.98117
-4.97214
-4.96803
-4.967
-4.96606
-4.96396
-4.96033
-4.95457
-4.95126
-4.94929
-4.95155
-4.95543
-4.95975
-4.96277
-4.96598
-4.97444
-4.99018
-5.01734
-5.05501
-5.09395
-5.12719
-5.15007
-5.16002
-5.159
-5.15042
-5.13639
-5.1207
-5.10211
-5.08078
-5.05373
-5.02112
-4.98749
-4.95826
-4.9365
-4.92574
-4.92807
-4.94024
-4.96044
-4.98789
-5.01733
-5.04807
-5.07593
-5.10073
-5.11886
-5.13067
-5.13793
-5.13909
-5.1349
-5.1267
-5.11494
-5.09978
-5.08304
-5.06178
-5.04082
-5.02235
-5.00852
-5.00162
-5.00239
-5.00883
-5.01822
-5.02779
-5.03511
-5.04106
-5.04204
-5.04042
-5.03831
-5.0366
-5.03703
-5.03637
-5.03479
-5.02977
-5.01934
-5.00591
-4.9901
-4.97595
-4.96667
-4.96116
-4.95929
-4.95959
-4.96106
-4.96311
-4.96516
-4.97084
-4.98085
-4.99973
-5.02526
-5.05455
-5.08339
-5.1082
-5.12658
-5.13583
-5.13508
-5.12566
-5.10584
-5.08283
-5.05813
-5.035
-5.01864
-5.00905
-5.00666
-5.01185
-5.02389
-5.03896
-5.05343
-5.06784
-5.07924
-5.08562
-5.08881
-5.0912
-5.09028
-5.08432
-5.07444
-5.06046
-5.0431
-5.02646
-5.01257
-5.00419
-5.0023
-5.00523
-5.01099
-5.01554
-5.01982
-5.02278
-5.02537
-5.02993
-5.0361
-5.04342
-5.05014
-5.05328
-5.05323
-5.04952
-5.04272
-5.03591
-5.02773
-5.0176
-5.00492
-4.98947
-4.96759
-4.94102
-4.9119
-4.88254
-4.85762
-4.84256
-4.83963
-4.84925
-4.87227
-4.90674
-4.94836
-4.99217
-5.03493
-5.07162
-5.09832
-5.11412
-5.11901
-5.11407
-5.0997
-5.07874
-5.05332
-5.02515
-4.99907
-4.97992
-4.97161
-4.9738
-4.98551
-5.00366
-5.02448
-5.04338
-5.0577
-5.06459
-5.06271
-5.05503
-5.041
-5.02447
-5.00732
-4.99067
-4.97716
-4.96505
-4.95605
-4.95184
-4.95193
-4.95778
-4.97025
-4.98808
-5.00758
-5.02683
-5.04508
-5.05741
-5.06243
-5.05866
-5.046
-5.02134
-4.987
-4.94812
-4.91126
-4.87924
-4.85889
-4.84666
-4.84102
-4.84293
-4.85041
-4.86541
-4.88605
-4.90838
-4.93285
-4.95573
-4.97783
-4.99814
-5.01553
-5.02929
-5.04009
-5.05137
-5.06444
-5.07856
-5.09315
-5.10488
-5.11255
-5.11329
-5.1084
-5.0992
-5.08466
-5.06674
-5.04376
-5.01707
-4.98691
-4.95653
-4.93073
-4.91021
-4.89622
-4.88938
-4.89005
-4.90043
-4.9195
-4.94377
-4.97162
-5.00015
-5.0258
-5.04975
-5.06871
-5.08425
-5.09524
-5.102
-5.10462
-5.10232
-5.09386
-5.08271
-5.06881
-5.05336
-5.03733
-5.02616
-5.01894
-5.01803
-5.0189
-5.02193
-5.02269
-5.01772
-5.00643
-4.99188
-4.976
-4.96067
-4.94986
-4.94287
-4.93847
-4.93655
-4.93868
-4.94916
-4.96696
-4.98854
-5.01094
-5.02731
-5.03517
-5.03269
-5.01878
-4.99467
-4.96204
-4.92298
-4.88025
-4.83888
-4.80356
-4.78034
-4.77312
-4.78216
-4.806
-4.83984
-4.87717
-4.91105
-4.94039
-4.96415
-4.98331
-4.9977
-5.00741
-5.01361
-5.01899
-5.02837
-5.04213
-5.06071
-5.08087
-5.09767
-5.10436
-5.1
-5.08306
-5.05676
-5.0243
-4.99197
-4.96257
-4.93819
-4.92193
-4.91202
-4.90957
-4.91188
-4.91884
-4.92869
-4.93745
-4.9467
-4.95541
-4.96446
-4.97092
-4.97515
-4.97762
-4.97765
-4.97459
-4.9718
-4.96701
-4.96108
-4.95391
-4.94578
-4.93689
-4.9277
-4.91884
-4.90992
-4.90189
-4.89377
-4.88543
-4.8785
-4.86975
-4.86004
-4.85102
-4.84494
-4.84483
-4.85157
-4.86253
-4.87546
-4.8884
-4.90083
-4.9117
-4.92356
-4.93787
-4.95138
-4.96207
-4.96657
-4.96524
-4.96101
-4.95377
-4.95001
-4.95249
-4.96054
-4.97694
-4.9972
-5.02018
-5.04102
-5.05635
-5.06357
-5.06028
-5.04997
-5.03577
-5.01794
-5.00157
-4.98757
-4.97744
-4.97255
-4.97352
-4.97809
-4.98696
-4.99618
-5.00345
-5.00597
-5.00194
-4.98849
-4.96953
-4.94911
-4.9293
-4.91334
-4.9045
-4.89726
-4.89495
-4.89771
-4.90598
-4.92042
-4.93823
-4.9572
-4.9719
-4.97938
-4.97638
-4.96774
-4.953
-4.93506
-4.9145
-4.89536
-4.88001
-4.86948
-4.86487
-4.86507
-4.87333
-4.8878
-4.90971
-4.93445
-4.96129
-4.98493
-4.99925
-5.00261
-4.99683
-4.98664
-4.9757
-4.96547
-4.95548
-4.94759
-4.9418
-4.93665
-4.93509
-4.94024
-4.95034
-4.96309
-4.97534
-4.97843
-4.97248
-4.95683
-4.93591
-4.91731
-4.90768
-4.9118
-4.92953
-4.95059
-4.96886
-4.97993
-4.98181
-4.98025
-4.98165
-4.99007
-5.0068
-5.0276
-5.05018
-5.07101
-5.08764
-5.09504
-5.09332
-5.07975
-5.05618
-5.02577
-4.99191
-4.96027
-4.93904
-4.93253
-4.93556
-4.9467
-4.96286
-4.98145
-5.00098
-5.02202
-5.04456
-5.06482
-5.07997
-5.08907
-5.09073
-5.0865
-5.07939
-5.0723
-5.06741
-5.0641
-5.06291
-5.06171
-5.06009
-5.05893
-5.05959
-5.05873
-5.05751
-5.05482
-5.04818
-5.03398
-5.01648
-4.99234
-4.96665
-4.94098
-4.91948
-4.90275
-4.8934
-4.89081
-4.89328
-4.90049
-4.90751
-4.91472
-4.92078
-4.92713
-4.93677
-4.95149
-4.97184
-4.99341
-5.01279
-5.02673
-5.0343
-5.03697
-5.03917
-5.04214
-5.04821
-5.05574
-5.05997
-5.06272
-5.05918
-5.05056
-5.03877
-5.0263
-5.01504
-5.00516
-4.99929
-4.99599
-4.99475
-4.99589
-4.99419
-4.99249
-4.98765
-4.97954
-4.96636
-4.94979
-4.93173
-4.91352
-4.89706
-4.88305
-4.87297
-4.86898
-4.87474
-4.8879
-4.90925
-4.93574
-4.96275
-4.98725
-5.00344
-5.00844
-5.0037
-4.99294
-4.98145
-4.97502
-4.97839
-4.99175
-5.01375
-5.03929
-5.06606
-5.08731
-5.10189
-5.10869
-5.10691
-5.0985
-5.08619
-5.06994
-5.05262
-5.0349
-5.02148
-5.01474
-5.01579
-5.02294
-5.03268
-5.03831
-5.03643
-5.02539
-5.01222
-4.99973
-4.99364
-4.99568
-5.00258
-5.00775
-5.00961
-5.00511
-4.99579
-4.98208
-4.96859
-4.95883
-4.95488
-4.9584
-4.96953
-4.9865
-5.00502
-5.02335
-5.03732
-5.05031
-5.05758
-5.06136
-5.06031
-5.05558
-5.04956
-5.04204
-5.02992
-5.01204
-4.99059
-4.96443
-4.93231
-4.89317
-4.85497
-4.82259
-4.8015
-4.79237
-4.79499
-4.80437
-4.81929
-4.83891
-4.86284
-4.89056
-4.92273
-4.95584
-4.98492
-5.00914
-5.02587
-5.03447
-5.03741
-5.03706
-5.03352
-5.02887
-5.02416
-5.01963
-5.01696
-5.01423
-5.0141
-5.01492
-5.01573
-5.01645
-5.01649
-5.01171
-5.00788
-5.00159
-4.99421
-4.98437
-4.9709
-4.9535
-4.93791
-4.92673
-4.92658
-4.93813
-4.95844
-4.98311
-5.00939
-5.03322
-5.05269
-5.06876
-5.08247
-5.09605
-5.10621
-5.11606
-5.12149
-5.12614
-5.1323
-5.14123
-5.15613
-5.16987
-5.18181
-5.18583
-5.18068
-5.16453
-5.13869
-5.10834
-5.07859
-5.05567
-5.0429
-5.03858
-5.03968
-5.04271
-5.04652
-5.04909
-5.05139
-5.05357
-5.06024
-5.07327
-5.09222
-5.11299
-5.13348
-5.14741
-5.14979
-5.13996
-5.11566
-5.08107
-5.03561
-4.98636
-4.93961
-4.90396
-4.88234
-4.8791
-4.89403
-4.92014
-4.95333
-4.98947
-5.02665
-5.06126
-5.09176
-5.11538
-5.13245
-5.14267
-5.14588
-5.14428
-5.1366
-5.12583
-5.11369
-5.09977
-5.08386
-5.06367
-5.03793
-5.00778
-4.97335
-4.93768
-4.90509
-4.88129
-4.86923
-4.86914
-4.87825
-4.8898
-4.89969
-4.90117
-4.8914
-4.87058
-4.84701
-4.82726
-4.8181
-4.8214
-4.83181
-4.84858
-4.86928
-4.89433
-4.91814
-4.93741
-4.94878
-4.95009
-4.94286
-4.93167
-4.92154
-4.91665
-4.92283
-4.94036
-4.9681
-5.00224
-5.03685
-5.06825
-5.09709
-5.1193
-5.13607
-5.14604
-5.14975
-5.14764
-5.13802
-5.12377
-5.10712
-5.09149
-5.07549
-5.06292
-5.05221
-5.04379
-5.03803
-5.03284
-5.02523
-5.01867
-5.00927
-4.99886
-4.98821
-4.97771
-4.96856
-4.95975
-4.95329
-4.94802
-4.94163
-4.93199
-4.92235
-4.91047
-4.90231
-4.89917
-4.90495
-4.91663
-4.93327
-4.95022
-4.96347
-4.97299
-4.97772
-4.98072
-4.98026
-4.97901
-4.97725
-4.97678
-4.97885
-4.9818
-4.98545
-4.9869
-4.98467
-4.98096
-4.97701
-4.97285
-4.96893
-4.96902
-4.97192
-4.97656
-4.98171
-4.98504
-4.98758
-4.98901
-4.98923
-4.98716
-4.9845
-4.9799
-4.9767
-4.97578
-4.97755
-4.9819
-4.98898
-4.99532
-5.00297
-5.00914
-5.01392
-5.01795
-5.02059
-5.01969
-5.01719
-5.01286
-5.00923
-5.00851
-5.0118
-5.01754
-5.02405
-5.02913
-5.02888
-5.02304
-5.01089
-4.99442
-4.97884
-4.96429
-4.95244
-4.94289
-4.9355
-4.92821
-4.92104
-4.91433
-4.91046
-4.91307
-4.92178
-4.93545
-4.95394
-4.97405
-4.9933
-5.00972
-5.01738
-5.01454
-5.00065
-4.97613
-4.9436
-4.90649
-4.86885
-4.83917
-4.81998
-4.81507
-4.82346
-4.84229
-4.86685
-4.89255
-4.91725
-4.93707
-4.9528
-4.9626
-4.96886
-4.97388
-4.97792
-4.98257
-4.9873
-4.99134
-4.99538
-4.99609
-4.99475
-4.98926
-4.98303
-4.97874
-4.97803
-4.98306
-4.98872
-4.99554
-5.00033
-5.0041
-5.00509
-5.00038
-4.99171
-4.97785
-4.96282
-4.94824
-4.93651
-4.93356
-4.93982
-4.95346
-4.97141
-4.98671
-4.99585
-4.998
-4.99458
-4.98856
-4.97962
-4.97267
-4.96571
-4.95965
-4.95491
-4.94946
-4.94733
-4.95004
-4.95829
-4.97259
-4.99288
-5.01554
-5.03994
-5.061
-5.07784
-5.08573
-5.08475
-5.07412
-5.05671
-5.03134
-5.00205
-4.97375
-4.94785
-4.92786
-4.91481
-4.90744
-4.90807
-4.91136
-4.91956
-4.92825
-4.94005
-4.9516
-4.96518
-4.97795
-4.98694
-4.99091
-4.98419
-4.96963
-4.9471
-4.92211
-4.89932
-4.88446
-4.88039
-4.88712
-4.90242
-4.92384
-4.95078
-4.98069
-5.01305
-5.044
-5.07161
-5.09121
-5.10347
-5.11095
-5.11226
-5.11154
-5.10759
-5.10006
-5.08874
-5.07295
-5.05451
-5.0374
-5.02399
-5.0164
-5.01975
-5.02951
-5.04567
-5.06439
-5.08133
-5.09628
-5.10913
-5.11914
-5.12568
-5.12843
-5.12681
-5.123
-5.11364
-5.10084
-5.08519
-5.06763
-5.05126
-5.03552
-5.02318
-5.0107
-5.00013
-4.99337
-4.98851
-4.98769
-4.99309
-5.00391
-5.02014
-5.04017
-5.06006
-5.07821
-5.09481
-5.1059
-5.11175
-5.11154
-5.10574
-5.09528
-5.08215
-5.06513
-5.04588
-5.02654
-5.00805
-4.98929
-4.97143
-4.95636
-4.94445
-4.9382
-4.93488
-4.93684
-4.94062
-4.94823
-4.95624
-4.96378
-4.96977
-4.97276
-4.97292
-4.97125
-4.96972
-4.96991
-4.9734
-4.97736
-4.9856
-4.99523
-5.00643
-5.01716
-5.02748
-5.03335
-5.03498
-5.03326
-5.02814
-5.02155
-5.01791
-5.01871
-5.02784
-5.04086
-5.05736
-5.07573
-5.0923
-5.1042
-5.10843
-5.1046
-5.09066
-5.06794
-5.03783
-5.00717
-4.977
-4.95292
-4.93987
-4.93663
-4.94012
-4.94699
-4.95381
-4.95943
-4.95802
-4.95029
-4.93793
-4.92033
-4.90043
-4.88183
-4.86508
-4.85297
-4.84937
-4.85459
-4.8673
-4.88446
-4.90406
-4.92387
-4.9417
-4.95882
-4.9777
-4.99692
-5.01728
-5.04171
-5.06785
-5.09529
-5.12155
-5.14358
-5.16325
-5.17674
-5.18484
-5.18597
-5.18012
-5.1678
-5.14847
-5.12537
-5.09925
-5.0718
-5.04613
-5.02118
-5.00121
-4.98595
-4.97743
-4.97721
-4.98488
-5.00006
-5.01893
-5.03932
-5.05515
-5.06674
-5.07134
-5.07227
-5.06982
-5.06287
-5.05283
-5.03985
-5.02361
-5.00311
-4.97855
-4.94977
-4.92043
-4.89282
-4.8714
-4.85878
-4.85427
-4.85612
-4.86264
-4.86954
-4.88164
-4.89752
-4.91944
-4.94783
-4.97853
-5.00579
-5.02316
-5.02915
-5.02455
-5.01282
-4.99758
-4.97949
-4.96326
-4.94968
-4.93973
-4.93441
-4.93617
-4.94475
-4.96027
-4.98035
-5.00297
-5.02172
-5.03376
-5.03976
-5.03544
-5.02274
-5.00471
-4.98282
-4.96426
-4.9557
-4.95837
-4.9701
-4.98457
-4.99519
-4.99937
-4.99771
-4.99259
-4.98434
-4.97926
-4.97668
-4.97863
-4.98466
-4.99189
-5.00119
-5.01087
-5.0198
-5.02532
-5.02784
-5.02302
-5.01335
-4.99599
-4.97687
-4.95787
-4.94497
-4.94223
-4.9511
-4.97184
-4.99944
-5.03293
-5.06708
-5.09784
-5.12241
-5.13712
-5.14644
-5.14967
-5.147
-5.13841
-5.12284
-5.09965
-5.07045
-5.03936
-5.00854
-4.98194
-4.96309
-4.9504
-4.94507
-4.94566
-4.95041
-4.95974
-4.97274
-4.98731
-5.00053
-5.00912
-5.00926
-5.00454
-4.99682
-4.99054
-4.98949
-4.9965
-5.01098
-5.02847
-5.04464
-5.05739
-5.06555
-5.06688
-5.06228
-5.05378
-5.04193
-5.02948
-5.01696
-5.00963
-5.00801
-5.01075
-5.01699
-5.02297
-5.02774
-5.02901
-5.02616
-5.01871
-5.00438
-4.98324
-4.95786
-4.93137
-4.91042
-4.89632
-4.89022
-4.88924
-4.89021
-4.89179
-4.89502
-4.90155
-4.91379
-4.93026
-4.95026
-4.96979
-4.98586
-4.9953
-5.00053
-5.00108
-4.99833
-4.99458
-4.98921
-4.98438
-4.98012
-4.9761
-4.97075
-4.96648
-4.96225
-4.95954
-4.95875
-4.96002
-4.9629
-4.96668
-4.96795
-4.96901
-4.96803
-4.96903
-4.97499
-4.98684
-5.0027
-5.0213
-5.0391
-5.05258
-5.0564
-5.05437
-5.04379
-5.02879
-5.01423
-5.00349
-4.9964
-4.99039
-4.98385
-4.97906
-4.97499
-4.97205
-4.96884
-4.96739
-4.96451
-4.96145
-4.95777
-4.95566
-4.95351
-4.95025
-4.94832
-4.94919
-4.95017
-4.95741
-4.96933
-4.98514
-5.00306
-5.02137
-5.04104
-5.0613
-5.08049
-5.09771
-5.11052
-5.11664
-5.11531
-5.10441
-5.08694
-5.06561
-5.04084
-5.01698
-4.99454
-4.97706
-4.96281
-4.94832
-4.93474
-4.92384
-4.91307
-4.9046
-4.89816
-4.8957
-4.89851
-4.90485
-4.9154
-4.92934
-4.94463
-4.9604
-4.97524
-4.98809
-4.99745
-5.00209
-5.00095
-4.99821
-4.99307
-4.98834
-4.98206
-4.97504
-4.96728
-4.95826
-4.94799
-4.93714
-4.92641
-4.91826
-4.91165
-4.90947
-4.90973
-4.9175
-4.93091
-4.9516
-4.97759
-5.00698
-5.03714
-5.06283
-5.08088
-5.09188
-5.09675
-5.09587
-5.09131
-5.08511
-5.07716
-5.07192
-5.06846
-5.06997
-5.07224
-5.07589
-5.07765
-5.07318
-5.06451
-5.05234
-5.03589
-5.01832
-5.00209
-4.9871
-4.97449
-4.96258
-4.94777
-4.93201
-4.91307
-4.89465
-4.88131
-4.87178
-4.86649
-4.86627
-4.86697
-4.87073
-4.87702
-4.88345
-4.88848
-4.89257
-4.89449
-4.89357
-4.89304
-4.89574
-4.90246
-4.91392
-4.93027
-4.95104
-4.97511
-5.00152
-5.0294
-5.05412
-5.07535
-5.08867
-5.09336
-5.08999
-5.08259
-5.07532
-5.071
-5.06979
-5.06687
-5.05895
-5.04489
-5.02762
-5.00878
-4.9937
-4.98632
-4.98777
-4.99734
-5.01231
-5.03096
-5.0508
-5.06953
-5.08701
-5.10151
-5.1115
-5.11809
-5.12024
-5.11887
-5.11434
-5.10678
-5.09954
-5.08999
-5.08025
-5.07214
-5.06285
-5.05257
-5.04028
-5.02581
-5.00965
-4.99455
-4.97817
-4.9619
-4.9476
-4.93581
-4.92879
-4.92678
-4.93279
-4.94584
-4.96244
-4.98115
-4.99678
-5.01054
-5.02288
-5.03651
-5.04983
-5.06227
-5.07055
-5.07453
-5.07221
-5.06426
-5.05068
-5.03691
-5.02281
-5.0107
-5.00406
-5.00195
-5.00507
-5.01253
-5.02229
-5.03214
-5.0403
-5.04761
-5.0535
-5.05743
-5.06058
-5.06132
-5.0555
-5.04274
-5.02321
-4.9963
-4.96445
-4.93067
-4.89688
-4.86813
-4.84589
-4.83549
-4.83642
-4.85187
-4.87567
-4.90564
-4.93533
-4.96043
-4.98398
-5.00897
-5.03752
-5.06844
-5.10059
-5.12747
-5.14663
-5.15801
-5.1605
-5.15494
-5.14463
-5.13139
-5.11814
-5.10849
-5.10244
-5.09434
-5.08222
-5.06437
-5.03834
-5.00408
-4.96297
-4.9193
-4.87834
-4.84304
-4.81238
-4.78663
-4.76425
-4.74954
-4.74367
-4.74898
-4.76638
-4.79666
-4.83627
-4.88171
-4.92491
-4.96117
-4.98403
-4.99324
-4.98828
-4.97259
-4.95235
-4.93548
-4.92458
-4.9221
-4.9281
-4.93671
-4.9458
-4.95079
-4.95246
-4.94693
-4.93859
-4.93103
-4.92929
-4.93528
-4.95084
-4.97193
-4.99597
-5.02065
-5.04386
-5.06179
-5.07434
-5.08076
-5.08345
-5.08012
-5.07379
-5.06624
-5.06072
-5.05744
-5.05564
-5.05592
-5.05502
-5.05645
-5.05621
-5.05421
-5.04728
-5.03734
-5.02504
-5.01238
-5.00334
-5.00466
-5.01006
-5.01437
-5.01142
-4.99998
-4.98039
-4.95534
-4.92657
-4.89908
-4.87869
-4.86504
-4.85869
-4.85763
-4.85938
-4.8607
-4.86119
-4.863
-4.86859
-4.87796
-4.89344
-4.91342
-4.93756
-4.96193
-4.98207
-4.9965
-5.00416
-5.00435
-4.99775
-4.9869
-4.97575
-4.96487
-4.95878
-4.95703
-4.96303
-4.97463
-4.99073
-5.00716
-5.02286
-5.03628
-5.04697
-5.05414
-5.05668
-5.057
-5.0572
-5.05707
-5.0602
-5.06794
-5.07955
-5.09442
-5.11144
-5.12617
-5.13625
-5.13947
-5.13592
-5.12632
-5.10998
-5.09001
-5.06627
-5.04266
-5.01905
-4.99735
-4.97619
-4.95464
-4.92893
-4.90179
-4.87641
-4.85091
-4.82702
-4.80652
-4.79222
-4.78877
-4.80001
-4.82681
-4.86382
-4.90448
-4.94109
-4.97031
-4.99081
-5.0049
-5.01754
-5.02999
-5.04548
-5.06242
-5.07818
-5.09095
-5.0976
-5.09855
-5.09298
-5.0827
-5.06525
-5.04106
-5.00944
-4.97381
-4.93984
-4.91471
-4.90275
-4.90671
-4.92311
-4.94705
-4.97396
-4.99806
-5.01959
-5.03791
-5.05076
-5.05727
-5.0553
-5.04466
-5.02663
-5.00286
-4.97623
-4.95009
-4.93042
-4.92314
-4.92827
-4.93985
-4.95332
-4.96145
-4.96214
-4.95551
-4.94482
-4.93072
-4.91902
-4.91205
-4.91108
-4.9155
-4.92711
-4.94609
-4.96827
-4.99301
-5.01649
-5.03776
-5.05737
-5.07459
-5.09146
-5.10814
-5.12373
-5.13777
-5.14982
-5.1564
-5.15739
-5.14926
-5.13187
-5.10483
-5.07064
-5.03212
-4.9933
-4.95982
-4.93413
-4.918
-4.90812
-4.89929
-4.8898
-4.87854
-4.86494
-4.85234
-4.84496
-4.8465
-4.85854
-4.88054
-4.91067
-4.94485
-4.97787
-5.00791
-5.03548
-5.06193
-5.08795
-5.11114
-5.13196
-5.14987
-5.16113
-5.16431
-5.15942
-5.14595
-5.12526
-5.09808
-5.07284
-5.04897
-5.03183
-5.01954
-5.0115
-5.00775
-5.00623
-5.00822
-5.01224
-5.0152
-5.01591
-5.01014
-4.99893
-4.98085
-4.95763
-4.93094
-4.90402
-4.883
-4.87122
-4.87225
-4.88708
-4.91226
-4.94244
-4.96791
-4.98608
-4.99655
-5.00387
-5.01379
-5.02577
-5.0417
-5.05586
-5.06615
-5.0723
-5.07197
-5.06609
-5.05905
-5.05115
-5.04458
-5.03877
-5.03393
-5.02521
-5.01438
-5.00004
-4.98203
-4.96314
-4.94543
-4.93399
-4.93005
-4.93404
-4.94381
-4.95662
-4.96861
-4.97784
-4.98179
-4.97805
-4.96908
-4.95609
-4.93988
-4.92342
-4.90908
-4.89688
-4.88844
-4.88434
-4.8902
-4.90562
-4.93033
-4.96176
-4.99381
-5.02283
-5.04799
-5.06736
-5.07899
-5.08198
-5.0749
-5.05958
-5.03584
-5.00433
-4.97027
-4.93741
-4.90906
-4.88845
-4.87876
-4.87745
-4.88399
-4.89928
-4.91895
-4.94087
-4.96073
-4.97673
-4.98961
-4.99812
-5.00578
-5.011
-5.01406
-5.01763
-5.0181
-5.02021
-5.02207
-5.0257
-5.02749
-5.02404
-5.01418
-4.9946
-4.96459
-4.92885
-4.8929
-4.86547
-4.8533
-4.85561
-4.86731
-4.88222
-4.89918
-4.91578
-4.93482
-4.95153
-4.96764
-4.98331
-4.99672
-5.00712
-5.01468
-5.01947
-5.02202
-5.02344
-5.02391
-5.02803
-5.03791
-5.053
-5.06969
-5.08157
-5.08688
-5.08607
-5.08032
-5.06947
-5.05592
-5.03877
-5.02007
-4.99917
-4.97955
-4.9629
-4.94851
-4.94064
-4.93697
-4.93729
-4.94099
-4.94421
-4.94755
-4.95177
-4.95654
-4.96196
-4.97077
-4.97941
-4.98785
-4.99574
-5.00253
-5.00376
-5.00035
-4.98818
-4.96664
-4.93574
-4.89789
-4.85905
-4.82626
-4.80793
-4.80542
-4.8173
-4.84155
-4.87086
-4.90642
-4.94407
-4.98294
-5.01885
-5.05296
-5.08214
-5.10577
-5.1192
-5.12607
-5.12392
-5.11541
-5.10291
-5.08681
-5.07045
-5.05368
-5.03828
-5.02511
-5.01218
-5.00264
-4.99929
-5.00356
-5.0114
-5.02107
-5.02722
-5.02489
-5.01287
-4.99265
-4.97015
-4.94821
-4.93433
-4.92901
-4.9354
-4.95271
-4.97924
-5.00641
-5.03182
-5.0508
-5.06231
-5.06714
-5.06768
-5.06455
-5.06002
-5.05576
-5.05251
-5.05074
-5.04882
-5.04822
-5.04752
-5.04627
-5.04416
-5.03986
-5.03186
-5.01978
-5.00404
-4.98548
-4.96803
-4.95431
-4.94628
-4.93996
-4.93133
-4.91775
-4.90196
-4.8916
-4.88973
-4.89819
-4.91492
-4.93556
-4.95295
-4.96423
-4.96803
-4.96695
-4.96283
-4.95756
-4.95568
-4.95186
-4.94603
-4.93633
-4.92064
-4.90346
-4.88814
-4.88089
-4.88501
-4.89983
-4.92646
-4.96085
-4.99844
-5.03362
-5.06183
-5.08104
-5.0926
-5.09472
-5.08972
-5.07908
-5.06268
-5.0427
