1.2
1.20001
1.20002
1.20003
1.20005
1.20007
1.2001
1.20013
1.20017
1.20021
1.20025
1.2003
1.20035
1.20041
1.20047
1.20054
1.20061
1.20068
1.20076
1.20085
1.20094
1.20103
1.20113
1.20123
1.20134
1.20146
1.20158
1.20171
1.20184
1.20198
1.20212
1.20227
1.20243
1.20259
1.20276
1.20293
1.20311
1.2033
1.2035
1.2037
1.20391
1.20413
1.20435
1.20458
1.20483
1.20508
1.20534
1.20561
1.20589
1.20617
1.20647
1.20678
1.20711
1.20744
1.20778
1.20814
1.20851
1.2089
1.2093
1.20971
1.21014
1.21059
1.21105
1.21153
1.21203
1.21255
1.2131
1.21366
1.21424
1.21485
1.21549
1.21615
1.21684
1.21756
1.21832
1.2191
1.21992
1.22078
1.22168
1.22262
1.2236
1.22463
1.22571
1.22684
1.22802
1.22926
1.23057
1.23194
1.23337
1.23487
1.23645
1.2381
1.23982
1.24163
1.24351
1.24546
1.24748
1.24956
1.2517
1.25386
1.25604
1.25819
1.26026
1.26221
1.26395
1.26538
1.2664
1.26687
1.26666
1.26568
1.26387
1.26129
1.25815
1.25485
1.25196
1.25007
1.24968
1.25102
1.25401
1.25828
1.26329
1.26842
1.2731
1.2769
1.2796
1.28125
1.2822
1.28305
1.28449
1.28708
1.29107
1.29624
1.30205
1.30779
1.31284
1.31677
1.31935
1.32058
1.32062
1.31974
1.31825
1.31648
1.31469
1.31304
1.31158
1.31029
1.30909
1.30793
1.30672
1.30541
1.30392
1.30233
1.30084
1.29985
1.2998
1.30108
1.30383
1.30795
1.31312
1.3189
1.32485
1.33052
1.33555
1.33968
1.34274
1.34466
1.34552
1.34546
1.34472
1.34358
1.34235
1.34133
1.34078
1.34088
1.34168
1.34315
1.34515
1.34749
1.34996
1.35236
1.35452
1.35634
1.35778
1.35885
1.35964
1.36022
1.36071
1.36115
1.36158
1.36201
1.36241
1.36278
1.36313
1.36347
1.36385
1.3643
1.36483
1.36543
1.36608
1.36674
1.36738
1.36799
1.36858
1.36918
1.36983
1.37058
1.37146
1.3725
1.37372
1.3751
1.3766
1.37819
1.3798
1.38137
1.38283
1.3841
1.38514
1.38588
1.38628
1.38631
1.38595
1.38523
1.38419
1.38293
1.38158
1.38026
1.3791
1.37815
1.37738
1.37668
1.37587
1.37475
1.37316
1.37102
1.3684
1.3655
1.36273
1.36063
1.35978
1.36063
1.36331
1.36759
1.37293
1.37861
1.38389
1.38815
1.3909
1.39176
1.39056
1.38735
1.38255
1.37712
1.37244
1.36991
1.37041
1.37381
1.37913
1.38505
1.3904
1.39429
1.3962
1.39581
1.39302
1.38788
1.38064
1.37187
1.36248
1.35369
1.34688
1.34324
1.34343
1.34733
1.35409
1.36248
1.37119
1.37921
1.38594
1.39113
1.39481
1.39721
1.39861
1.39933
1.39962
1.39971
1.39976
1.39984
1.39999
1.40022
1.40051
1.40083
1.40118
1.40155
1.40191
1.40229
1.40267
1.40307
1.40345
1.40381
1.4041
1.40427
1.40424
1.40388
1.40306
1.40161
1.39937
1.39618
1.39202
1.38699
1.38151
1.37626
1.37206
1.3696
1.36917
1.37046
1.37284
1.37556
1.37806
1.38002
1.38135
1.38212
1.38248
1.38261
1.38267
1.38279
1.38304
1.38342
1.38388
1.38436
1.38474
1.38495
1.38496
1.38477
1.38446
1.38414
1.3839
1.38385
1.38402
1.38438
1.38484
1.3853
1.38565
1.38581
1.38574
1.38544
1.38495
1.38434
1.38371
1.38312
1.38264
1.38231
1.38216
1.38215
1.38227
1.38248
1.38275
1.38305
1.38338
1.38374
1.38413
1.38457
1.38504
1.38555
1.38606
1.38653
1.3869
1.38707
1.38695
1.38642
1.38534
1.38357
1.38096
1.37741
1.37284
1.36734
1.36115
1.35477
1.34894
1.34455
1.34242
1.34306
1.34647
1.35215
1.35926
1.36689
1.37428
1.38088
1.38641
1.39072
1.39381
1.39571
1.39644
1.39605
1.39455
1.392
1.38852
1.38432
1.37976
1.37528
1.37132
1.36822
1.36609
1.36481
1.36417
1.36395
1.364
1.3643
1.36489
1.3658
1.36699
1.3684
1.3699
1.37138
1.37275
1.37397
1.37503
1.37597
1.37681
1.37759
1.37832
1.37902
1.37969
1.38033
1.38092
1.38146
1.38195
1.38238
1.38275
1.38306
1.38333
1.38356
1.38374
1.3839
1.38403
1.38414
1.38422
1.38428
1.3843
1.38428
1.38421
1.38408
1.38386
1.38355
1.38312
1.38256
1.38185
1.38098
1.37995
1.37878
1.3775
1.37616
1.37483
1.3736
1.37256
1.37177
1.37125
1.37101
1.37097
1.37105
1.37115
1.37117
1.37104
1.37071
1.3702
1.36954
1.36881
1.36811
1.36755
1.36723
1.36723
1.36759
1.3683
1.36933
1.37058
1.37194
1.37327
1.37446
1.37544
1.37614
1.37656
1.37672
1.37669
1.37653
1.3763
1.37601
1.37567
1.37523
1.37464
1.37383
1.37278
1.37149
1.37004
1.36852
1.36705
1.36577
1.36479
1.36417
1.36393
1.36402
1.36433
1.36474
1.36512
1.36539
1.36553
1.36561
1.36576
1.36614
1.36685
1.36791
1.36924
1.37072
1.3722
1.37354
1.37465
1.37545
1.37589
1.37595
1.37563
1.37498
1.37412
1.37316
1.37229
1.37162
1.37127
1.37128
1.37168
1.37248
1.37373
1.37548
1.37775
1.3805
1.3836
1.38684
1.39001
1.39291
1.39536
1.39726
1.39854
1.39917
1.39912
1.39842
1.3971
1.39525
1.393
1.39052
1.38799
1.38562
1.38356
1.38191
1.38074
1.38006
1.37985
1.38004
1.38051
1.38104
1.3814
1.38132
1.38061
1.37918
1.37708
1.37452
1.37182
1.36936
1.36748
1.36639
1.36611
1.3665
1.36728
1.36816
1.3689
1.36939
1.36964
1.3698
1.37007
1.37064
1.3716
1.37294
1.37453
1.37621
1.37791
1.37965
1.3815
1.38354
1.3858
1.38818
1.39052
1.39265
1.39439
1.39564
1.39634
1.39648
1.39607
1.39512
1.39368
1.39175
1.38938
1.38661
1.38351
1.3802
1.37688
1.37378
1.37119
1.36937
1.36851
1.36869
1.36982
1.37169
1.37404
1.37661
1.37918
1.38161
1.3838
1.38571
1.38734
1.3887
1.38981
1.3907
1.39138
1.39187
1.39218
1.39231
1.39228
1.39207
1.39173
1.39129
1.39081
1.3904
1.39016
1.39023
1.39069
1.39162
1.39301
1.39476
1.39673
1.39872
1.40049
1.40179
1.40238
1.40199
1.40037
1.39733
1.39278
1.38685
1.37994
1.37274
1.36611
1.36091
1.35798
1.35801
1.36132
1.36747
1.37523
1.38301
1.38946
1.39376
1.39556
1.39476
1.39142
1.38572
1.37817
1.36993
1.36292
1.35935
1.3606
1.3663
1.37457
1.38319
1.39058
1.39607
1.39964
1.40158
1.40224
1.40199
1.4011
1.39978
1.39822
1.39657
1.39499
1.39365
1.39274
1.39241
1.39274
1.39371
1.39519
1.39695
1.39878
1.40043
1.40175
1.40261
1.40293
1.40263
1.40162
1.39979
1.39704
1.39327
1.3885
1.38292
1.37699
1.37148
1.36728
1.3652
1.36557
1.36813
1.37218
1.37684
1.38137
1.3853
1.38841
1.39069
1.39224
1.39321
1.39377
1.39403
1.39411
1.39405
1.39386
1.39352
1.39299
1.39223
1.39124
1.39008
1.38886
1.38774
1.38689
1.38645
1.38647
1.38693
1.38775
1.3888
1.39001
1.39131
1.3926
1.39381
1.3948
1.39541
1.39551
1.39499
1.39384
1.39214
1.39008
1.38792
1.38597
1.38449
1.38364
1.38347
1.38394
1.3849
1.38623
1.38774
1.38926
1.39064
1.39176
1.39255
1.39301
1.39319
1.39318
1.3931
1.39305
1.39314
1.39345
1.39403
1.39488
1.39595
1.39712
1.39825
1.3992
1.39985
1.4001
1.39989
1.39923
1.39814
1.3967
1.39506
1.39336
1.3918
1.39055
1.38976
1.38947
1.38968
1.39034
1.39135
1.39262
1.39407
1.39563
1.39722
1.39876
1.40018
1.4014
1.40235
1.40297
1.40322
1.40306
1.40249
1.40149
1.40007
1.39826
1.3961
1.39364
1.39098
1.3882
1.38541
1.38274
1.38028
1.37814
1.37635
1.37495
1.3739
1.37315
1.37266
1.37242
1.37243
1.37279
1.37356
1.37479
1.37647
1.37848
1.38065
1.38279
1.38474
1.38638
1.38765
1.38854
1.3891
1.38938
1.38945
1.38939
1.38924
1.38908
1.38892
1.38881
1.38875
1.38874
1.38876
1.3888
1.38882
1.38878
1.38866
1.38842
1.38801
1.38741
1.38661
1.38559
1.38438
1.38302
1.38161
1.38027
1.37913
1.37835
1.37806
1.37831
1.3791
1.38032
1.38177
1.38321
1.38433
1.3848
1.38428
1.38246
1.37906
1.37396
1.36729
1.35957
1.35183
1.34549
1.34203
1.34238
1.3464
1.35279
1.35965
1.36521
1.3683
1.36851
1.36617
1.36221
1.35798
1.35491
1.35401
1.35551
1.35886
1.36308
1.36725
1.37075
1.37341
1.37539
1.37705
1.37876
1.38078
1.38317
1.38583
1.3886
1.39132
1.39386
1.39614
1.39813
1.39985
1.40129
1.40246
1.40334
1.40392
1.40415
1.40398
1.40331
1.40206
1.40013
1.39747
1.39406
1.39001
1.38558
1.38111
1.37693
1.37322
1.36983
1.36629
1.36205
1.35684
1.35106
1.34599
1.34341
1.34472
1.35002
1.35806
1.36701
1.37536
1.38225
1.38742
1.39098
1.39316
1.39429
1.39463
1.39446
1.394
1.39349
1.39314
1.39311
1.39352
1.39439
1.39565
1.39716
1.39873
1.4002
1.40142
1.4023
1.40279
1.40284
1.40244
1.40159
1.40024
1.39837
1.39592
1.39282
1.38904
1.38455
1.37943
1.37384
1.36808
1.36255
1.35766
1.3538
1.35114
1.34971
1.34935
1.34985
1.35092
1.35231
1.35375
1.35506
1.35609
1.35682
1.3573
1.35766
1.35808
1.3587
1.35964
1.36092
1.36253
1.36435
1.36627
1.36816
1.36992
1.37146
1.37276
1.37379
1.37456
1.37509
1.37541
1.37555
1.37556
1.37544
1.37524
1.37496
1.37463
1.37423
1.37378
1.37326
1.37265
1.37192
1.37103
1.36995
1.36861
1.36698
1.36502
1.19792
1.19546
1.19281
1.19009
1.18745
1.18509
1.18319
1.1819
1.1813
1.18138
1.18206
1.18318
1.1846
1.18614
1.18769
1.18915
1.19045
1.19158
1.19252
1.19324
1.19376
1.19405
1.19415
1.19409
1.19395
1.19382
1.19381
1.19398
1.19435
1.1949
1.19554
1.19619
1.19678
1.19729
1.19771
1.19809
1.19846
1.19887
1.19939
1.20008
1.20103
1.2023
1.20391
1.20576
1.20767
1.20943
1.2108
1.21159
1.21169
1.21105
1.20966
1.20756
1.20485
1.20161
1.19798
1.19415
1.1904
1.1871
1.18472
1.1837
1.18436
1.18674
1.19059
1.19546
1.20083
1.20626
1.21141
1.21609
1.22022
1.22374
1.22665
1.22895
1.23064
1.23173
1.23223
1.23212
1.23142
1.23015
1.22836
1.22615
1.2237
1.22121
1.21896
1.21718
1.21603
1.21557
1.21568
1.21619
1.21683
1.21743
1.21789
1.21829
1.21885
1.21984
1.22149
1.22385
1.22677
1.22997
1.2331
1.23591
1.23822
1.23999
1.24127
1.24216
1.24279
1.24328
1.24374
1.24425
1.24485
1.24556
1.24635
1.24718
1.24798
1.24868
1.24918
1.2494
1.24926
1.24867
1.24755
1.24583
1.24347
1.24048
1.23693
1.23299
1.22896
1.22524
1.22231
1.22064
1.22055
1.22212
1.22516
1.22923
1.23383
1.23851
1.24294
1.24697
1.2506
1.25387
1.25687
1.25966
1.26226
1.26467
1.26685
1.26875
1.27032
1.27151
1.27227
1.27257
1.27239
1.27172
1.27056
1.26892
1.26686
1.26447
1.26186
1.25923
1.25674
1.25459
1.25289
1.25167
1.25084
1.25019
1.24951
1.2486
1.24743
1.2462
1.24531
1.24525
1.24642
1.24887
1.25232
1.25626
1.26018
1.26366
1.2665
1.26862
1.27002
1.27076
1.27088
1.27038
1.26928
1.26759
1.26535
1.26269
1.25978
1.25686
1.25419
1.2519
1.25003
1.24841
1.2468
1.24498
1.24281
1.24032
1.2377
1.23522
1.23317
1.23181
1.23128
1.23167
1.233
1.23526
1.2384
1.24227
1.24664
1.25124
1.25573
1.25985
1.26337
1.2662
1.26829
1.26967
1.27038
1.27051
1.27013
1.26932
1.26812
1.2666
1.26481
1.26278
1.26055
1.25815
1.25562
1.25298
1.25028
1.24761
1.24508
1.24287
1.24117
1.24019
1.24004
1.24072
1.24211
1.24395
1.24593
1.24774
1.24911
1.24985
1.24983
1.24903
1.24751
1.24545
1.24315
1.24104
1.23956
1.2391
1.23981
1.24162
1.24421
1.24718
1.25012
1.25273
1.25481
1.25626
1.25704
1.25713
1.25653
1.25526
1.25333
1.25081
1.24785
1.24469
1.24167
1.23927
1.23795
1.23807
1.23976
1.24289
1.24708
1.25184
1.25665
1.26106
1.26464
1.26703
1.2679
1.26699
1.26412
1.25931
1.25291
1.2456
1.23832
1.23197
1.227
1.22326
1.22023
1.21742
1.21471
1.21243
1.21109
1.21116
1.21282
1.21592
1.22011
1.22489
1.2298
1.23444
1.23851
1.24186
1.2445
1.24647
1.24791
1.24892
1.24962
1.25009
1.25036
1.25047
1.25044
1.25028
1.24999
1.24958
1.24905
1.24843
1.24772
1.24694
1.24608
1.24517
1.24419
1.24314
1.24201
1.24079
1.23946
1.238
1.23638
1.23459
1.23263
1.23051
1.22829
1.22603
1.22385
1.22188
1.22026
1.2191
1.21846
1.21833
1.21863
1.21923
1.21999
1.22074
1.22136
1.22175
1.22185
1.22165
1.22117
1.22051
1.21977
1.21909
1.21863
1.21847
1.2187
1.2193
1.22022
1.22138
1.22266
1.22397
1.22524
1.22639
1.22738
1.22816
1.2287
1.22899
1.22904
1.22886
1.22851
1.22804
1.22755
1.22712
1.22683
1.22673
1.22684
1.22714
1.2276
1.22815
1.2287
1.22917
1.22945
1.22944
1.22902
1.22808
1.22655
1.22441
1.22171
1.21862
1.21545
1.21258
1.21046
1.20945
1.20975
1.21135
1.21404
1.21746
1.22124
1.22501
1.2285
1.23155
1.23407
1.23604
1.23751
1.23855
1.23924
1.23965
1.23986
1.2399
1.23978
1.23946
1.23888
1.23792
1.23648
1.23445
1.23181
1.22864
1.22522
1.22196
1.21933
1.21771
1.21718
1.21754
1.21834
1.21908
1.2194
1.21913
1.21838
1.2175
1.21702
1.21747
1.21917
1.22209
1.22584
1.22981
1.23343
1.23625
1.23803
1.23871
1.23839
1.2373
1.23579
1.23428
1.23327
1.23315
1.23416
1.23629
1.23933
1.24292
1.24668
1.25033
1.25365
1.25656
1.25901
1.261
1.26256
1.2637
1.26442
1.26473
1.26461
1.264
1.26284
1.26105
1.2585
1.25504
1.25048
1.24466
1.23751
1.2292
1.22029
1.21178
1.20477
1.19991
1.1969
1.19485
1.19333
1.19323
1.19633
1.20363
1.21415
1.22565
1.23612
1.24465
1.25125
1.25634
1.26043
1.26386
1.26684
1.26945
1.27171
1.27355
1.27494
1.27582
1.27614
1.27589
1.27507
1.27372
1.27193
1.26985
1.26766
1.26563
1.264
1.26298
1.26271
1.26319
1.26433
1.26595
1.26781
1.26971
1.27147
1.27298
1.27418
1.27505
1.27558
1.27578
1.27564
1.27513
1.27424
1.27292
1.27116
1.26897
1.26642
1.26363
1.26081
1.25817
1.25594
1.25433
1.25342
1.25323
1.25367
1.25458
1.25577
1.25707
1.25829
1.25929
1.25996
1.26025
1.26016
1.25978
1.25926
1.25879
1.25858
1.2588
1.25955
1.26079
1.26242
1.26425
1.26609
1.26775
1.26909
1.27003
1.2705
1.27052
1.2701
1.26929
1.26814
1.26672
1.2651
1.26336
1.26155
1.25973
1.25792
1.25613
1.25431
1.25238
1.25022
1.2477
1.2447
1.24115
1.23709
1.23269
1.22831
1.22447
1.22175
1.22071
1.22163
1.22447
1.2288
1.23398
1.23929
1.24415
1.24815
1.25109
1.25293
1.25376
1.25373
1.25306
1.25196
1.25066
1.24932
1.24807
1.24695
1.24593
1.24489
1.24369
1.24219
1.24026
1.23784
1.23497
1.2318
1.22859
1.22575
1.22368
1.22276
1.2232
1.22499
1.2279
1.23156
1.23556
1.23953
1.24321
1.24642
1.24908
1.25117
1.2527
1.25367
1.2541
1.25401
1.25339
1.25225
1.25063
1.24855
1.24611
1.2434
1.24058
1.23785
1.23541
1.23346
1.23218
1.23166
1.23194
1.23297
1.23463
1.23677
1.23921
1.24178
1.24434
1.24675
1.24892
1.25075
1.25217
1.25309
1.25339
1.25293
1.25156
1.24909
1.24539
1.2404
1.23421
1.22717
1.21987
1.21312
1.20775
1.20444
1.20352
1.20498
1.20853
1.21372
1.21996
1.22658
1.23289
1.23834
1.24257
1.24541
1.24687
1.24712
1.24647
1.2453
1.24407
1.24319
1.24292
1.2433
1.24418
1.24531
1.24642
1.24738
1.24819
1.249
1.24994
1.25116
1.25268
1.25442
1.25625
1.25802
1.2596
1.26092
1.26195
1.26272
1.26327
1.26365
1.26392
1.26412
1.2643
1.26448
1.26467
1.26487
1.26507
1.26523
1.26528
1.26516
1.26473
1.26381
1.26218
1.25955
1.25564
1.25021
1.24328
1.23525
1.22701
1.21979
1.21471
1.21221
1.21202
1.21355
1.21628
1.22004
1.22477
1.23031
1.23628
1.24213
1.24729
1.25128
1.25375
1.25449
1.25342
1.25064
1.24646
1.24153
1.23685
1.23357
1.2326
1.23422
1.23794
1.24278
1.24776
1.25216
1.2556
1.25794
1.25918
1.25941
1.25876
1.25745
1.25575
1.25404
1.25272
1.25217
1.25257
1.25391
1.25597
1.2584
1.26084
1.26299
1.26464
1.26567
1.266
1.26556
1.2643
1.26215
1.25906
1.25499
1.25004
1.24447
1.23874
1.23345
1.22923
1.22645
1.2251
1.22489
1.22535
1.22613
1.22702
1.22793
1.22887
1.22984
1.23082
1.23184
1.23295
1.23426
1.23586
1.23785
1.24019
1.2428
1.24551
1.24814
1.25057
1.25272
1.25454
1.25603
1.25723
1.25814
1.25878
1.25914
1.2592
1.25893
1.25827
1.25719
1.25566
1.25366
1.25127
1.24862
1.24591
1.24342
1.24144
1.24015
1.23962
1.23972
1.24017
1.24066
1.24083
1.24044
1.23933
1.23745
1.2349
1.23189
1.2288
1.22608
1.22415
1.22331
1.22363
1.22495
1.22692
1.22912
1.23122
1.23297
1.23425
1.23506
1.23548
1.23565
1.23574
1.2359
1.23623
1.23678
1.2375
1.23831
1.23912
1.23986
1.24052
1.24113
1.24179
1.24257
1.24355
1.24474
1.24609
1.2475
1.24882
1.24994
1.25076
1.25119
1.25121
1.25081
1.25002
1.24888
1.24745
1.24582
1.24406
1.24226
1.24049
1.23883
1.23731
1.23594
1.23472
1.23361
1.23255
1.23149
1.2304
1.22928
1.22818
1.22717
1.22639
1.22593
1.22586
1.22614
1.22671
1.22742
1.22816
1.22884
1.22946
1.23004
1.23065
1.23138
1.23229
1.23341
1.23475
1.23627
1.23793
1.23966
1.24142
1.24317
1.24488
1.24657
1.24821
1.24981
1.25138
1.25291
1.25437
1.25576
1.25705
1.25821
1.25923
1.26008
1.26075
1.26121
1.26144
1.26143
1.26115
1.26058
1.25971
1.2585
1.25695
1.25506
1.25282
1.25026
1.24738
1.24424
1.24087
1.23738
1.23396
1.23088
1.22854
1.2274
1.22782
1.22995
1.2336
1.23831
1.24351
1.24864
1.25329
1.25722
1.26035
1.26267
1.26428
1.26526
1.26572
1.26574
1.26538
1.26463
1.26344
1.26168
1.25918
1.25581
1.25161
1.24695
1.2427
1.24
1.23987
1.24254
1.24726
1.25271
1.2576
1.26108
1.26281
1.26281
1.26131
1.25865
1.25522
1.25145
1.24778
1.2446
1.24226
1.24097
1.24079
1.24159
1.24313
1.24506
1.24705
1.24879
1.25009
1.25088
1.25123
1.25131
1.25134
1.25158
1.25218
1.25326
1.25478
1.25667
1.25877
1.26094
1.26304
1.26498
1.26669
1.26812
1.26927
1.27012
1.27066
1.27089
1.2708
1.27039
1.26967
1.26863
1.26729
1.26566
1.26371
1.26144
1.25876
1.25559
1.25182
1.24746
1.24266
1.23792
1.23405
1.23207
1.23273
1.23618
1.24183
1.24863
1.25554
1.20574
1.21083
1.21485
1.21783
1.21988
1.22111
1.22162
1.22153
1.2209
1.21982
1.21836
1.2166
1.21464
1.21257
1.21049
1.20849
1.20664
1.20501
1.20361
1.20246
1.20154
1.20083
1.20031
1.19999
1.19988
1.20001
1.20041
1.20114
1.20218
1.20354
1.20512
1.20684
1.20856
1.21011
1.21136
1.21215
1.21239
1.21201
1.21104
1.20956
1.20778
1.20598
1.20451
1.20367
1.20363
1.2044
1.2058
1.20753
1.2093
1.21087
1.21209
1.21288
1.21326
1.21326
1.21295
1.21239
1.21163
1.21071
1.20968
1.20853
1.20726
1.20584
1.20424
1.20241
1.2003
1.19789
1.19515
1.19213
1.18893
1.18571
1.18274
1.18033
1.17874
1.17817
1.17862
1.17993
1.18184
1.184
1.18615
1.18807
1.18964
1.19082
1.19163
1.19209
1.19228
1.19225
1.19207
1.1918
1.19147
1.19111
1.19074
1.19034
1.18989
1.18938
1.18876
1.18801
1.18711
1.18604
1.1848
1.18342
1.18194
1.18042
1.17895
1.17761
1.17651
1.17575
1.17541
1.17554
1.17616
1.17723
1.17867
1.18039
1.18227
1.18419
1.18606
1.18782
1.18943
1.19086
1.19211
1.19318
1.19409
1.19485
1.19546
1.19592
1.19624
1.19641
1.1964
1.19619
1.19575
1.19505
1.19406
1.19275
1.19108
1.18906
1.18672
1.18411
1.18136
1.17863
1.17617
1.1742
1.17296
1.17261
1.17321
1.17468
1.17685
1.17947
1.18231
1.18513
1.18775
1.19005
1.1919
1.19324
1.19395
1.19395
1.1931
1.19123
1.18822
1.18399
1.17875
1.17308
1.16811
1.16523
1.16557
1.16929
1.17551
1.18281
1.1899
1.19601
1.20083
1.20441
1.20692
1.20853
1.20941
1.20963
1.20921
1.20811
1.20625
1.20348
1.19971
1.19487
1.18902
1.18242
1.17554
1.16908
1.16383
1.16056
1.15986
1.162
1.1668
1.17369
1.18181
1.19019
1.19805
1.20486
1.21035
1.2145
1.2174
1.21921
1.22013
1.22034
1.21999
1.21924
1.21815
1.21678
1.21511
1.21315
1.21093
1.20863
1.20656
1.20508
1.20452
1.20494
1.20614
1.20768
1.20906
1.20986
1.20979
1.20874
1.20673
1.20396
1.2007
1.19732
1.19418
1.19149
1.18933
1.18763
1.18633
1.18546
1.18517
1.18568
1.1871
1.18939
1.19229
1.19538
1.1982
1.20035
1.20162
1.20199
1.20167
1.20098
1.20029
1.19988
1.19991
1.20037
1.20114
1.20204
1.20292
1.20365
1.20417
1.20446
1.20453
1.20448
1.20443
1.20453
1.20489
1.20558
1.20651
1.20748
1.2082
1.20833
1.20759
1.20577
1.20278
1.19863
1.1935
1.18775
1.18186
1.17645
1.17218
1.1696
1.16903
1.17048
1.1736
1.17788
1.18268
1.18746
1.1918
1.19544
1.19828
1.20033
1.20164
1.20231
1.20245
1.20216
1.20153
1.20064
1.19954
1.19828
1.1969
1.19542
1.19386
1.19223
1.19056
1.18885
1.18715
1.1855
1.18396
1.18259
1.18148
1.18068
1.18024
1.18017
1.18044
1.181
1.18177
1.18265
1.18357
1.18443
1.18517
1.18576
1.18615
1.18632
1.18624
1.18592
1.18535
1.18456
1.18356
1.18243
1.18125
1.18012
1.17914
1.17842
1.178
1.17789
1.17802
1.17828
1.17853
1.17866
1.17856
1.17816
1.17746
1.17644
1.17513
1.17353
1.17164
1.16949
1.16716
1.16484
1.16281
1.16143
1.16104
1.16181
1.16371
1.16651
1.1699
1.17357
1.17727
1.18082
1.18412
1.18711
1.18978
1.19212
1.19417
1.19596
1.19752
1.1989
1.20013
1.20124
1.20225
1.20318
1.20402
1.20479
1.20547
1.20605
1.2065
1.2068
1.20694
1.20687
1.20657
1.20599
1.20511
1.20388
1.20227
1.20026
1.19784
1.19503
1.19189
1.18854
1.18513
1.18185
1.17887
1.17634
1.17433
1.17288
1.17197
1.17165
1.17198
1.17309
1.17506
1.17796
1.18168
1.18604
1.19077
1.19557
1.2002
1.20446
1.20824
1.21147
1.21415
1.21627
1.21786
1.21895
1.21959
1.21979
1.21961
1.21907
1.21821
1.21709
1.21575
1.21425
1.21264
1.21098
1.20932
1.2077
1.20611
1.20455
1.20299
1.20139
1.19973
1.19801
1.19629
1.19466
1.19325
1.19223
1.19173
1.19184
1.19257
1.19385
1.19557
1.19756
1.19966
1.20177
1.20378
1.20565
1.20736
1.2089
1.2103
1.2116
1.21281
1.21398
1.21515
1.21633
1.21754
1.21877
1.22002
1.22127
1.22247
1.22358
1.22458
1.22543
1.2261
1.22661
1.22696
1.22717
1.22728
1.22732
1.22733
1.2273
1.22724
1.22708
1.22678
1.22623
1.22536
1.2241
1.22245
1.22051
1.21845
1.21653
1.21503
1.21418
1.21408
1.21465
1.2157
1.21687
1.21781
1.21817
1.21766
1.21619
1.21385
1.21104
1.20845
1.20691
1.20704
1.20902
1.21246
1.21663
1.22079
1.2244
1.22724
1.22929
1.23067
1.23156
1.23217
1.23264
1.23312
1.23369
1.23443
1.23535
1.23646
1.23775
1.23916
1.24065
1.24213
1.24353
1.24476
1.24573
1.24634
1.24652
1.24619
1.24525
1.24362
1.24122
1.23796
1.2338
1.22876
1.22302
1.21699
1.21133
1.2069
1.20445
1.20431
1.20628
1.2097
1.2138
1.21795
1.22173
1.22496
1.2276
1.22964
1.23114
1.23212
1.23262
1.23267
1.2323
1.23154
1.23042
1.22895
1.22716
1.22507
1.2227
1.22008
1.21727
1.21432
1.21134
1.20848
1.20587
1.20365
1.2019
1.20068
1.19993
1.19957
1.1995
1.19963
1.19989
1.20024
1.20067
1.20121
1.20185
1.20259
1.20343
1.20432
1.20521
1.20603
1.20673
1.20725
1.20756
1.20764
1.20748
1.20708
1.20648
1.20569
1.20478
1.20379
1.2028
1.20186
1.20104
1.20036
1.19983
1.19942
1.1991
1.19879
1.19842
1.19791
1.19723
1.19632
1.1952
1.19387
1.19239
1.19082
1.18925
1.18775
1.1864
1.18525
1.18436
1.18377
1.18353
1.18368
1.18429
1.18541
1.18708
1.18926
1.19186
1.19473
1.19768
1.20049
1.20301
1.20509
1.20666
1.20766
1.2081
1.208
1.20737
1.20626
1.20469
1.2027
1.20033
1.19762
1.19464
1.19149
1.1883
1.18523
1.18243
1.18001
1.17803
1.1765
1.17535
1.17446
1.17374
1.17316
1.17275
1.17262
1.17296
1.17394
1.17567
1.17817
1.18128
1.18478
1.18841
1.19195
1.19521
1.19813
1.20065
1.2028
1.20458
1.20602
1.20715
1.20798
1.20854
1.20884
1.20887
1.20867
1.20822
1.20755
1.20667
1.20558
1.20432
1.20288
1.2013
1.1996
1.1978
1.19593
1.19404
1.19217
1.19039
1.18878
1.18742
1.18639
1.18577
1.1856
1.1859
1.18668
1.18791
1.18953
1.19149
1.19371
1.19611
1.19859
1.20107
1.20345
1.20565
1.20759
1.20921
1.21047
1.21134
1.21183
1.21195
1.21176
1.21134
1.21078
1.21016
1.20956
1.20902
1.20855
1.20815
1.20778
1.20744
1.20716
1.207
1.20707
1.20748
1.20833
1.20965
1.21137
1.21339
1.21554
1.21765
1.21958
1.22125
1.22264
1.22379
1.22479
1.22575
1.22677
1.22791
1.22917
1.23046
1.23167
1.23264
1.23322
1.23329
1.23275
1.23158
1.22979
1.22741
1.22455
1.22134
1.2179
1.21439
1.21098
1.20783
1.20516
1.2032
1.20218
1.20227
1.20353
1.20587
1.2091
1.21294
1.21711
1.22135
1.22542
1.22911
1.23224
1.23465
1.23619
1.23676
1.23625
1.23461
1.23186
1.22811
1.22367
1.21904
1.21491
1.21198
1.21077
1.21142
1.21368
1.21702
1.22087
1.22471
1.2282
1.23114
1.23346
1.23517
1.23633
1.23704
1.23745
1.23769
1.23794
1.23835
1.23901
1.23997
1.24118
1.24253
1.24384
1.24491
1.24555
1.24559
1.24491
1.24345
1.24122
1.23831
1.23486
1.23103
1.22697
1.22278
1.21853
1.21435
1.21045
1.2072
1.20505
1.20436
1.20531
1.20778
1.21144
1.21585
1.2206
1.22533
1.22981
1.23384
1.23733
1.24025
1.24263
1.24456
1.24617
1.24756
1.24886
1.25014
1.25144
1.25277
1.25409
1.25535
1.25649
1.25743
1.25812
1.25852
1.25857
1.25828
1.2576
1.25653
1.25504
1.2531
1.25068
1.24776
1.24432
1.2404
1.2361
1.23163
1.22734
1.22368
1.22117
1.22026
1.22112
1.22359
1.22719
1.23126
1.23516
1.2384
1.24068
1.24191
1.24213
1.24147
1.2401
1.23821
1.23593
1.23341
1.23076
1.22811
1.22563
1.22352
1.22199
1.22119
1.2212
1.22196
1.22334
1.22513
1.22711
1.22909
1.23094
1.23258
1.23399
1.23518
1.23616
1.23696
1.23762
1.23816
1.23857
1.23887
1.23906
1.23915
1.23916
1.23911
1.23902
1.23892
1.23882
1.23874
1.23868
1.23862
1.23853
1.23837
1.23805
1.23751
1.23664
1.23536
1.2336
1.23135
1.22869
1.2258
1.22302
1.22078
1.21952
1.21952
1.22083
1.22321
1.22624
1.22948
1.23255
1.23522
1.23735
1.23892
1.23993
1.24041
1.24038
1.2399
1.23902
1.23782
1.23644
1.23499
1.23359
1.23231
1.23116
1.23015
1.22926
1.22857
1.22822
1.22837
1.2292
1.23079
1.23309
1.23593
1.23906
1.2422
1.24513
1.24772
1.24991
1.25172
1.25321
1.25446
1.25552
1.25643
1.25718
1.25774
1.25799
1.25777
1.25678
1.25467
1.25093
1.24506
1.23678
1.22642
1.21546
1.20639
1.20163
1.20183
1.20544
1.21003
1.21388
1.21641
1.21788
1.21877
1.21947
1.22016
1.22089
1.22166
1.22254
1.22363
1.22507
1.22695
1.22923
1.23172
1.23412
1.23611
1.23742
1.23789
1.23746
1.2362
1.23429
1.23193
1.22941
1.22699
1.22488
1.22325
1.22213
1.22147
1.22112
1.22094
1.2208
1.22063
1.22045
1.22035
1.22047
1.22093
1.22179
1.22304
1.22459
1.22626
1.22787
1.22922
1.23014
1.2305
1.23021
1.22926
1.2277
1.22564
1.22329
1.2209
1.21874
1.21706
1.21598
1.21553
1.20009
1.20048
1.20095
1.20134
1.2015
1.20134
1.20083
1.19994
1.19867
1.19707
1.19522
1.19325
1.19135
1.18972
1.18856
1.18799
1.18802
1.18854
1.18936
1.19022
1.19089
1.19115
1.19083
1.18979
1.18794
1.18518
1.18145
1.17672
1.17108
1.16483
1.15854
1.15306
1.1493
1.14785
1.14876
1.15155
1.15548
1.15987
1.16423
1.16832
1.17201
1.17528
1.1781
1.1805
1.18248
1.18404
1.18523
1.18605
1.18656
1.1868
1.18683
1.18669
1.18644
1.18613
1.18579
1.18545
1.18516
1.18492
1.18474
1.18465
1.18465
1.18472
1.18487
1.18505
1.18524
1.18537
1.18537
1.18517
1.18469
1.18386
1.18267
1.1811
1.17923
1.17717
1.17509
1.17319
1.17166
1.17063
1.17019
1.17032
1.17095
1.17198
1.17328
1.17473
1.17623
1.17766
1.17895
1.17999
1.1807
1.18098
1.18073
1.17984
1.17822
1.1758
1.17258
1.16867
1.16435
1.16005
1.15637
1.1539
1.15308
1.15404
1.15657
1.16028
1.16467
1.16932
1.1739
1.17816
1.18192
1.18504
1.18737
1.18876
1.18907
1.18815
1.1859
1.18234
1.17761
1.17212
1.16647
1.16148
1.15791
1.1563
1.15676
1.15894
1.1622
1.16589
1.16948
1.17269
1.17539
1.17756
1.17915
1.18007
1.18026
1.17964
1.17822
1.1761
1.17348
1.1706
1.16772
1.16502
1.16255
1.16029
1.15821
1.15636
1.15494
1.15422
1.15443
1.15563
1.15764
1.16012
1.16269
1.16503
1.16693
1.16829
1.1691
1.16937
1.16915
1.16844
1.16726
1.16561
1.16349
1.16095
1.15806
1.155
1.152
1.14934
1.14729
1.146
1.14543
1.14537
1.14548
1.14542
1.1449
1.14381
1.14224
1.14047
1.13893
1.13806
1.13817
1.13932
1.1413
1.14372
1.14615
1.14824
1.14974
1.15054
1.15062
1.14999
1.14872
1.1469
1.14464
1.14209
1.13946
1.13696
1.13483
1.13331
1.1326
1.13286
1.13418
1.13655
1.13984
1.1438
1.14807
1.15231
1.15623
1.15962
1.1624
1.16453
1.16605
1.16699
1.1674
1.16734
1.16684
1.16594
1.16465
1.163
1.16106
1.15887
1.15655
1.15422
1.15204
1.15018
1.14882
1.14807
1.148
1.14861
1.14983
1.15152
1.15354
1.15574
1.158
1.1602
1.16227
1.16418
1.16588
1.16738
1.16866
1.16972
1.17058
1.17123
1.1717
1.17199
1.17212
1.17213
1.17202
1.17184
1.17162
1.17139
1.17119
1.17105
1.17101
1.17111
1.17136
1.17181
1.17247
1.17335
1.17447
1.1758
1.17733
1.17903
1.18086
1.18276
1.1847
1.18663
1.18852
1.19035
1.19208
1.19372
1.19525
1.1967
1.19807
1.19938
1.20065
1.20192
1.20322
1.20456
1.20596
1.20742
1.20892
1.21044
1.21193
1.21334
1.21461
1.21568
1.21652
1.2171
1.2174
1.21743
1.2172
1.21673
1.21605
1.21516
1.21409
1.21286
1.2115
1.21008
1.20873
1.20757
1.20677
1.20642
1.20658
1.20721
1.20819
1.20933
1.21045
1.21138
1.21202
1.21234
1.21239
1.21223
1.21196
1.21162
1.21122
1.2107
1.20999
1.20906
1.20792
1.20666
1.20542
1.20434
1.20361
1.20334
1.2036
1.20434
1.20545
1.20673
1.208
1.2091
1.20999
1.2107
1.21134
1.21204
1.21291
1.214
1.2153
1.21675
1.21825
1.21972
1.22103
1.22214
1.223
1.22365
1.22415
1.22457
1.22499
1.22543
1.2259
1.22633
1.22659
1.22651
1.22585
1.22434
1.22172
1.21775
1.21227
1.20538
1.19746
1.1893
1.18204
1.17687
1.1747
1.17586
1.17999
1.18622
1.19342
1.20054
1.2067
1.21135
1.21424
1.21529
1.21462
1.21243
1.20903
1.20483
1.20034
1.19613
1.19267
1.19026
1.18896
1.18862
1.18903
1.18996
1.19113
1.19211
1.19234
1.19122
1.18826
1.18333
1.17683
1.16981
1.16385
1.16065
1.16141
1.16624
1.17426
1.18398
1.19393
1.20299
1.2105
1.2162
1.22017
1.22277
1.22459
1.22631
1.22855
1.23165
1.23556
1.23994
1.24432
1.24833
1.25173
1.25443
1.25644
1.25781
1.25858
1.25881
1.25855
1.25783
1.25673
1.25533
1.25371
1.25196
1.25013
1.24826
1.24639
1.2445
1.24262
1.24077
1.23897
1.23724
1.23556
1.23387
1.23206
1.23004
1.22776
1.22527
1.22274
1.22045
1.21876
1.218
1.21843
1.22011
1.22299
1.22687
1.23149
1.23656
1.24181
1.24701
1.25196
1.25652
1.26058
1.26408
1.26698
1.26929
1.27101
1.27218
1.27282
1.27299
1.27273
1.2721
1.27113
1.2699
1.26844
1.2668
1.26504
1.26317
1.26124
1.25927
1.2573
1.25537
1.25354
1.25186
1.25041
1.24923
1.24836
1.2478
1.24752
1.24746
1.24756
1.24773
1.2479
1.24801
1.24803
1.24797
1.24784
1.24771
1.24763
1.24767
1.24787
1.24824
1.24876
1.24938
1.25002
1.25055
1.25087
1.25086
1.25041
1.24943
1.24786
1.24568
1.24294
1.23978
1.23648
1.23339
1.23091
1.22934
1.22879
1.22913
1.23008
1.23126
1.23239
1.23327
1.23382
1.23404
1.23395
1.23359
1.23297
1.23205
1.23075
1.22897
1.2266
1.22355
1.21982
1.21555
1.21106
1.20688
1.2036
1.20169
1.20132
1.20225
1.20401
1.20605
1.20796
1.20951
1.21066
1.21148
1.21206
1.21247
1.21275
1.21282
1.21259
1.21192
1.2107
1.20889
1.20647
1.20351
1.20013
1.19647
1.19268
1.18891
1.18534
1.18217
1.17966
1.17809
1.17767
1.17842
1.18015
1.18251
1.18505
1.18741
1.1893
1.19059
1.19127
1.1914
1.1911
1.19055
1.18991
1.18936
1.18903
1.18903
1.1894
1.19009
1.19104
1.19214
1.19324
1.19424
1.19499
1.19541
1.19539
1.19483
1.19366
1.19179
1.18921
1.18593
1.18213
1.17811
1.1743
1.17122
1.1693
1.16868
1.16921
1.17048
1.172
1.17336
1.17433
1.17489
1.1752
1.1755
1.17608
1.17718
1.17895
1.1814
1.18443
1.18786
1.19146
1.19498
1.19821
1.20099
1.20317
1.20464
1.2053
1.20505
1.2038
1.20149
1.19809
1.1937
1.1886
1.18328
1.1784
1.17464
1.17244
1.17185
1.17252
1.17393
1.17556
1.17708
1.17835
1.17937
1.18023
1.18106
1.18195
1.18298
1.18418
1.18557
1.18713
1.18882
1.19062
1.19248
1.19438
1.19631
1.19831
1.20039
1.20257
1.20486
1.20723
1.20964
1.21201
1.21427
1.21636
1.21823
1.21983
1.22115
1.22217
1.22287
1.22322
1.22319
1.22272
1.22172
1.22009
1.21769
1.2144
1.21014
1.20496
1.19918
1.19338
1.18844
1.18521
1.18411
1.18496
1.18701
1.18934
1.19125
1.19234
1.19259
1.19213
1.19117
1.18986
1.1883
1.18654
1.18473
1.18316
1.18225
1.18246
1.18405
1.18701
1.19101
1.19556
1.20016
1.20441
1.2081
1.21112
1.21349
1.21526
1.21652
1.21736
1.21788
1.21814
1.21823
1.2182
1.21809
1.21793
1.21774
1.21753
1.21728
1.21695
1.2165
1.21585
1.2149
1.21352
1.21158
1.20895
1.20556
1.20148
1.19699
1.19262
1.1891
1.18711
1.187
1.1886
1.19132
1.19442
1.1973
1.1996
1.20124
1.20228
1.20287
1.20318
1.20336
1.20353
1.20376
1.20408
1.2045
1.20503
1.20564
1.20633
1.20707
1.20785
1.20866
1.20948
1.21029
1.21104
1.21168
1.21215
1.21238
1.21231
1.21188
1.21105
1.20985
1.20833
1.20666
1.20503
1.20374
1.20303
1.20312
1.20404
1.2057
1.20784
1.21018
1.2124
1.2143
1.21572
1.2166
1.21692
1.21672
1.21604
1.21496
1.21357
1.21202
1.21043
1.20898
1.20777
1.20684
1.20614
1.20552
1.20479
1.20376
1.20228
1.20026
1.19773
1.19477
1.19154
1.18825
1.18514
1.18241
1.18023
1.17874
1.17799
1.17802
1.17883
1.18039
1.18265
1.18551
1.18881
1.19235
1.19591
1.19927
1.20225
1.20473
1.20665
1.20803
1.2089
1.20933
1.20941
1.2092
1.20878
1.20819
1.20748
1.20667
1.20578
1.20482
1.20379
1.20269
1.20153
1.20032
1.19906
1.19778
1.19648
1.1952
1.19398
1.19284
1.19182
1.19097
1.19032
1.18989
1.18969
1.18971
1.18992
1.19028
1.19072
1.19116
1.19151
1.19168
1.19158
1.19111
1.19022
1.1889
1.18721
1.18531
1.18348
1.18206
1.18141
1.18174
1.18307
1.18522
1.18787
1.19064
1.19326
1.19553
1.19738
1.1988
1.19986
1.20062
1.20115
1.20153
1.20183
1.20208
1.20231
1.20255
1.2028
1.20304
1.20324
1.20336
1.20334
1.20308
1.20247
1.20139
1.1997
1.19728
1.19407
1.19014
1.18574
1.18136
1.17766
1.17538
1.17503
1.17672
1.18013
1.18468
1.18972
1.19473
1.19936
1.20342
1.20684
1.20961
1.21178
1.21341
1.21453
1.21522
1.21548
1.21534
1.21478
1.21378
1.21227
1.21021
1.20754
1.2042
1.20025
1.1958
1.19113
1.18667
1.18295
1.18048
1.17959
1.18034
1.18251
1.18571
1.18951
1.19355
1.19752
1.20125
1.20459
1.20744
1.20972
1.21138
1.21235
1.21259
1.21209
1.21088
1.20901
1.20659
1.20378
1.20076
1.19771
1.19481
1.19214
1.18974
1.18754
1.18549
1.1835
1.18154
1.17959
1.17766
1.17579
1.17409
1.17276
1.1721
1.17247
1.17415
1.17713
1.18111
1.18559
1.19
1.19391
1.19705
1.19934
1.20079
1.20148
1.20149
1.2009
1.19976
1.1981
1.19597
1.1934
1.19047
1.18734
1.18421
1.18135
1.17907
1.17758
1.17697
1.1772
1.17806
1.17929
1.18066
1.18195
1.18307
1.18395
1.18461
1.18505
1.18532
1.18545
1.18546
1.18537
1.18518
1.18491
1.18455
1.18413
1.18364
1.18311
1.18256
1.18203
1.18154
1.18113
1.18084
1.18068
1.18066
1.18077
1.181
1.18132
1.18172
1.18216
1.18262
1.1831
1.18356
1.18401
1.18441
1.18476
1.18504
1.1852
1.18523
1.19984
1.19948
1.19889
1.19806
1.197
1.19572
1.19429
1.19277
1.19129
1.18994
1.18886
1.18813
1.1878
1.18786
1.18825
1.18888
1.18966
1.1905
1.19134
1.19216
1.19296
1.19376
1.19459
1.19547
1.1964
1.19733
1.19824
1.19904
1.19969
1.20014
1.20033
1.20027
1.19993
1.19934
1.19851
1.19749
1.19632
1.19504
1.1937
1.19235
1.19104
1.18981
1.18868
1.18766
1.18677
1.18598
1.18528
1.18462
1.18399
1.18335
1.18272
1.18216
1.18177
1.18169
1.1821
1.18315
1.18493
1.18742
1.19049
1.19392
1.19745
1.20082
1.2038
1.2062
1.2079
1.2088
1.20884
1.20797
1.20617
1.20348
1.19994
1.19571
1.19102
1.18618
1.18163
1.17785
1.17528
1.17427
1.17497
1.17728
1.18089
1.18535
1.1902
1.19502
1.1995
1.20339
1.20657
1.20896
1.21054
1.21137
1.21152
1.21113
1.21036
1.20944
1.2086
1.20804
1.20795
1.2084
1.20939
1.21083
1.21258
1.21448
1.21635
1.21808
1.21955
1.2207
1.22152
1.22203
1.22229
1.2224
1.22249
1.22268
1.22307
1.22373
1.22464
1.22573
1.22687
1.22793
1.22873
1.22914
1.22904
1.22836
1.22704
1.22508
1.22254
1.2195
1.21613
1.21267
1.20938
1.20652
1.2043
1.2028
1.20195
1.20157
1.20139
1.20116
1.20065
1.19977
1.19851
1.19697
1.19529
1.19366
1.19221
1.19104
1.19015
1.18953
1.18913
1.1889
1.18889
1.18914
1.18977
1.19089
1.19262
1.19497
1.19789
1.20124
1.20479
1.20833
1.21165
1.21459
1.21706
1.21901
1.22046
1.22144
1.22201
1.22223
1.22216
1.22185
1.22134
1.22068
1.2199
1.21901
1.21804
1.21699
1.21587
1.21469
1.21344
1.21213
1.21076
1.20931
1.20779
1.20617
1.20444
1.20256
1.20047
1.1981
1.19534
1.19204
1.18806
1.18328
1.1777
1.17162
1.16575
1.16121
1.15923
1.16054
1.16498
1.17156
1.17897
1.18616
1.19248
1.19768
1.20174
1.20475
1.20683
1.20809
1.20864
1.2086
1.20808
1.20722
1.2062
1.20516
1.20425
1.20355
1.20303
1.20259
1.20202
1.20104
1.1994
1.19699
1.19395
1.19074
1.18804
1.18658
1.18671
1.1883
1.19075
1.1934
1.19571
1.19743
1.19852
1.19905
1.19909
1.19866
1.19781
1.1966
1.1952
1.19389
1.19302
1.19294
1.19384
1.19568
1.19823
1.20113
1.20402
1.20662
1.20874
1.21029
1.21125
1.21165
1.21153
1.21096
1.21003
1.20888
1.20764
1.20648
1.20557
1.20505
1.20501
1.20544
1.20629
1.20742
1.20866
1.20982
1.21077
1.21136
1.21152
1.21122
1.21048
1.20934
1.20791
1.20629
1.20457
1.2028
1.20098
1.19903
1.19685
1.19433
1.19148
1.18848
1.18574
1.18381
1.18321
1.1842
1.18661
1.18992
1.19351
1.19681
1.19948
1.20138
1.20252
1.203
1.20298
1.20266
1.20223
1.20191
1.20185
1.20217
1.20289
1.20394
1.2052
1.2065
1.2077
1.20866
1.20931
1.2096
1.20955
1.20918
1.20855
1.2077
1.2067
1.20562
1.2045
1.2034
1.20237
1.20143
1.2006
1.19991
1.19934
1.19886
1.19843
1.198
1.19751
1.19688
1.19604
1.19494
1.19354
1.19184
1.18989
1.18777
1.18562
1.18363
1.18198
1.18087
1.18043
1.18071
1.18165
1.18306
1.18472
1.18634
1.18762
1.18832
1.18824
1.18727
1.18542
1.1828
1.17971
1.17657
1.17389
1.17219
1.17178
1.17277
1.17491
1.17777
1.18083
1.18364
1.18586
1.1873
1.18794
1.18782
1.18708
1.18586
1.18433
1.18267
1.18103
1.17953
1.17829
1.17738
1.17684
1.17668
1.17687
1.17736
1.17809
1.17901
1.18009
1.18131
1.18264
1.18402
1.18541
1.1867
1.18778
1.18852
1.18881
1.18852
1.18761
1.18606
1.18396
1.18151
1.17897
1.1767
1.17507
1.17434
1.17467
1.17603
1.17823
1.18096
1.18388
1.18664
1.18898
1.19067
1.19164
1.19189
1.19152
1.19074
1.1898
1.18898
1.1885
1.1885
1.189
1.18991
1.19111
1.19245
1.19381
1.19514
1.19642
1.19765
1.19884
1.19999
1.20106
1.20204
1.20292
1.20369
1.20436
1.20495
1.20546
1.20584
1.20605
1.20598
1.2055
1.20447
1.2027
1.20006
1.1964
1.19167
1.18597
1.17977
1.17409
1.17049
1.17048
1.17467
1.18225
1.19143
1.20044
1.20813
1.21411
1.21842
1.22135
1.2232
1.22426
1.22474
1.22482
1.22461
1.22422
1.22373
1.22319
1.22267
1.22223
1.2219
1.22173
1.22172
1.22188
1.22221
1.2227
1.22331
1.22401
1.22475
1.22548
1.22613
1.22664
1.22692
1.22689
1.22649
1.22567
1.22441
1.22273
1.22067
1.2183
1.21563
1.21264
1.20926
1.20541
1.20111
1.19652
1.19204
1.18821
1.18567
1.18489
1.18612
1.18926
1.19393
1.19958
1.20561
1.21152
1.21692
1.22161
1.22552
1.22866
1.2311
1.23294
1.23426
1.23517
1.23573
1.236
1.23602
1.23582
1.23542
1.23483
1.23405
1.23309
1.23196
1.23068
1.22925
1.2277
1.22607
1.22436
1.22262
1.22087
1.21912
1.21739
1.21569
1.21404
1.21243
1.21091
1.2095
1.20828
1.20731
1.20669
1.2065
1.2068
1.20758
1.20882
1.21043
1.2123
1.2143
1.21632
1.21827
1.22006
1.22164
1.22298
1.22403
1.22478
1.22517
1.22516
1.22468
1.22364
1.22193
1.21944
1.21605
1.21167
1.2063
1.20013
1.19365
1.18772
1.18342
1.18171
1.1829
1.18647
1.19131
1.19623
1.20037
1.20332
1.20502
1.20564
1.20546
1.20478
1.20388
1.20302
1.20239
1.20211
1.20227
1.20287
1.20389
1.20526
1.20689
1.20868
1.21052
1.21231
1.21398
1.21546
1.21674
1.21778
1.2186
1.21921
1.21963
1.21988
1.21999
1.21996
1.21981
1.21951
1.21907
1.21847
1.21767
1.21667
1.21545
1.21402
1.21238
1.21056
1.20862
1.20659
1.20454
1.20252
1.20055
1.19864
1.19676
1.19485
1.19287
1.19075
1.1885
1.18614
1.18378
1.18152
1.1795
1.17781
1.17646
1.17542
1.17458
1.17387
1.17323
1.17268
1.17231
1.17222
1.17251
1.17324
1.17439
1.1759
1.17764
1.17946
1.18125
1.18291
1.18438
1.18563
1.18668
1.18753
1.18822
1.18878
1.18924
1.18962
1.18994
1.19022
1.19047
1.19067
1.19083
1.19091
1.19089
1.19071
1.19031
1.18962
1.18854
1.18696
1.18477
1.18184
1.1781
1.17351
1.16811
1.1621
1.15582
1.14988
1.14517
1.1427
1.14329
1.1471
1.15346
1.16111
1.16876
1.17549
1.18081
1.18463
1.18704
1.18822
1.18839
1.18774
1.18647
1.18474
1.18273
1.18057
1.17838
1.17626
1.17426
1.17242
1.17075
1.16933
1.16828
1.16781
1.16816
1.16954
1.17205
1.1756
1.17992
1.18465
1.1894
1.19387
1.19781
1.20112
1.20375
1.20571
1.20701
1.20772
1.2079
1.20761
1.20695
1.20603
1.20499
1.204
1.2032
1.20274
1.2027
1.20309
1.20387
1.20491
1.20605
1.20712
1.20796
1.2084
1.20833
1.20765
1.20637
1.20459
1.20251
1.20041
1.19862
1.19733
1.19658
1.1962
1.19594
1.19562
1.19523
1.19496
1.19507
1.19569
1.19675
1.198
1.19912
1.1999
1.2003
1.20038
1.20027
1.20001
1.19959
1.19893
1.19792
1.19652
1.19474
1.1927
1.19055
1.18849
1.18671
1.18535
1.18451
1.18423
1.18452
1.18538
1.18678
1.18867
1.19101
1.19369
1.19662
1.19965
1.20265
1.20554
1.20824
1.21077
1.21314
1.2154
1.2176
1.21976
1.22186
1.22388
1.22576
1.22746
1.22893
1.23013
1.23105
1.23168
1.23204
1.23214
1.23204
1.23177
1.23139
1.23096
1.23055
1.23019
1.22993
1.22978
1.22974
1.22981
1.22995
1.23013
1.23033
1.23053
1.2307
1.23084
1.23094
1.23099
1.23098
1.23089
1.23068
1.23026
1.22953
1.22833
1.22647
1.22375
1.22
1.21516
1.20933
1.20293
1.1967
1.19164
1.18873
1.18857
1.19108
1.19557
1.20106
1.20663
1.21173
1.21612
1.21981
1.22291
1.22556
1.22781
1.22969
1.23115
1.23213
1.23257
1.23243
1.23169
1.23037
1.2285
1.2261
1.22323
1.21997
1.21645
1.21282
1.20929
1.20607
1.20336
1.20126
1.19982
1.19903
1.19888
1.19938
1.20054
1.20236
1.20476
1.20762
1.21073
1.2139
1.21694
1.21971
1.22214
1.2242
1.2259
1.22726
1.22831
1.22909
1.22961
1.22991
1.22998
1.22982
1.22943
1.22879
1.22792
1.22682
1.22552
1.2241
1.22265
1.22128
1.22012
1.21926
1.21877
1.21864
1.21881
1.2192
1.21968
1.22016
1.22055
1.2208
1.22085
1.22068
1.22025
1.21952
1.21844
1.21694
1.21499
1.21256
1.20968
1.20645
1.20308
1.19986
1.19716
1.19533
1.19463
1.19513
1.19668
1.19894
1.20152
1.20405
1.2063
1.20818
1.20972
1.21102
1.21221
1.2134
1.21467
1.21605
1.21752
1.21904
1.22055
1.22197
1.22324
1.22432
1.22517
1.22578
1.22612
1.22618
1.22592
1.22529
1.2242
1.22253
1.22013
1.21682
1.21254
1.20735
1.20167
1.19633
1.1924
1.19085
1.192
1.19532
1.19973
1.20411
1.20765
1.20995
1.21093
1.21068
1.20935
1.20712
1.20418
1.20073
1.197
1.19322
1.18965
1.18656
1.18414
1.18252
1.18175
1.18178
1.18249
1.18372
1.18533
1.18717
1.1891
1.19105
1.19293
1.19472
1.19638
1.19789
1.19926
1.20048
1.20155
1.20248
1.20327
1.20391
1.20442
1.20479
1.20502
1.20512
1.2051
1.20497
1.20473
1.20441
1.20403
1.20362
1.2032
1.2028
1.20244
1.20216
1.20196
1.20184
1.2018
1.20183
1.20192
1.20204
1.2022
1.20238
1.20258
1.2028
1.20304
1.20327
1.20349
1.20369
1.20384
1.20397
1.20409
1.20426
1.20454
1.20501
1.20571
1.20669
1.20791
1.20932
