1.64872
1.64428
1.63654
1.62521
1.60987
1.58995
1.56478
1.5336
1.49556
1.44996
1.39634
1.33471
1.2658
1.19122
1.11359
1.03645
0.963795
0.899562
0.84687
0.807565
0.78205
0.769412
0.767802
0.774817
0.787875
0.804503
0.822508
0.840109
0.856008
0.869406
0.879966
0.887787
0.893251
0.896916
0.899319
0.900872
0.901729
0.901814
0.9008
0.898208
0.893547
0.886447
0.876805
0.864815
0.851031
0.836292
0.821587
0.807899
0.796118
0.786931
0.780828
0.778066
0.778627
0.782259
0.788469
0.796586
0.805825
0.815342
0.824318
0.83201
0.837854
0.841537
0.843065
0.842701
0.84091
0.838294
0.835451
0.832922
0.831151
0.830529
0.831386
0.833936
0.838204
0.843927
0.850595
0.857577
0.864226
0.870082
0.874914
0.878713
0.88168
0.884133
0.886407
0.88879
0.891449
0.89442
0.897598
0.900774
0.903682
0.906017
0.907506
0.907921
0.907136
0.905166
0.902186
0.898547
0.894707
0.891138
0.88824
0.886247
0.885185
0.884814
0.884756
0.884543
0.88374
0.882073
0.879461
0.876018
0.871905
0.867198
0.861776
0.855339
0.847543
0.838171
0.827286
0.815212
0.802579
0.790194
0.778927
0.769576
0.762766
0.758819
0.757716
0.759079
0.762246
0.766447
0.771006
0.775488
0.779721
0.783763
0.787842
0.792238
0.797202
0.802887
0.809296
0.816242
0.823382
0.83033
0.836702
0.842312
0.847216
0.851612
0.855717
0.859593
0.863064
0.865781
0.867383
0.867637
0.866492
0.864071
0.860641
0.856661
0.852733
0.849619
0.848166
0.849209
0.853442
0.861217
0.872373
0.886189
0.901459
0.916719
0.930535
0.941747
0.949637
0.953944
0.954807
0.952611
0.947922
0.941443
0.933887
0.925954
0.918297
0.911452
0.905839
0.901677
0.899036
0.897818
0.897754
0.898451
0.899454
0.900324
0.900726
0.900458
0.899484
0.897894
0.895878
0.893695
0.891705
0.890328
0.889991
0.891082
0.893825
0.89817
0.903746
0.909921
0.915977
0.921266
0.925333
0.927996
0.929289
0.929427
0.928732
0.927578
0.926321
0.925268
0.924633
0.924548
0.925026
0.925948
0.927107
0.928225
0.92902
0.929252
0.928747
0.927433
0.925325
0.922537
0.919259
0.915702
0.91206
0.908433
0.904784
0.900901
0.89644
0.89103
0.884425
0.876685
0.868336
0.86032
0.853734
0.849393
0.847504
0.847668
0.849162
0.851367
0.854003
0.85721
0.861504
0.867531
0.875826
0.886606
0.899588
0.913987
0.928622
0.942174
0.953399
0.961355
0.965501
0.965691
0.962142
0.955387
0.946176
0.935422
0.924091
0.913071
0.903034
0.894378
0.887188
0.881379
0.876817
0.873449
0.871378
0.870756
0.871656
0.873911
0.877098
0.880611
0.88383
0.886305
0.887924
0.888974
0.890055
0.891893
0.895167
0.900224
0.906965
0.914835
0.923026
0.930728
0.93734
0.942456
0.945901
0.947629
0.947661
0.946028
0.942765
0.9379
0.931502
0.923669
0.914596
0.904558
0.893953
0.883276
0.873051
0.863739
0.855667
0.849004
0.843727
0.839706
0.836792
0.834907
0.834137
0.83466
0.836703
0.840364
0.845463
0.85149
0.857672
0.863221
0.867608
0.870868
0.873685
0.877179
0.882399
0.889573
0.897699
0.904891
0.9093
0.90997
0.907105
0.901814
0.895617
0.890037
0.886243
0.88488
0.886042
0.88937
0.894154
0.899428
0.904174
0.907501
0.908768
0.907692
0.904337
0.899042
0.892382
0.885051
0.877787
0.871269
0.866089
0.862642
0.861122
0.861546
0.863781
0.867602
0.872739
0.878896
0.885741
0.892898
0.899925
0.906379
0.911845
0.916026
0.918801
0.920228
0.92049
0.919888
0.918733
0.917328
0.915978
0.914874
0.914036
0.913327
0.912424
0.910911
0.908382
0.904543
0.899275
0.892661
0.884942
0.876431
0.86738
0.857977
0.848301
0.838334
0.827943
0.816873
0.80481
0.791499
0.776993
0.76189
0.747435
0.735376
0.727499
0.725099
0.728608
0.737556
0.750831
0.767033
0.784764
0.802736
0.819815
0.835022
0.84759
0.857087
0.86345
0.866971
0.868217
0.867854
0.866535
0.864744
0.86275
0.86059
0.858147
0.855217
0.851647
0.847388
0.842587
0.83759
0.832907
0.829114
0.826707
0.82591
0.826557
0.828111
0.829814
0.830972
0.831173
0.830387
0.829012
0.82773
0.827316
0.828388
0.831195
0.835516
0.840767
0.846159
0.8508
0.853897
0.854857
0.853341
0.849277
0.842853
0.834522
0.824944
0.814979
0.805653
0.798106
0.793454
0.792594
0.795948
0.803351
0.81409
0.827072
0.841024
0.854706
0.86707
0.877322
0.884919
0.889556
0.891079
0.88949
0.884881
0.877424
0.867466
0.855557
0.842533
0.829532
0.817843
0.808643
0.802713
0.800251
0.8009
0.803982
0.808725
0.814428
0.820532
0.826681
0.832671
0.838413
0.843906
0.849163
0.854157
0.858824
0.863063
0.866725
0.869679
0.871798
0.872998
0.873299
0.872762
0.871475
0.869488
0.866817
0.86342
0.859221
0.854178
0.848334
0.84186
0.835124
0.828641
0.822988
0.818723
0.81623
0.815624
0.816738
0.819167
0.82235
0.82562
0.828305
0.829751
0.829417
0.827004
0.822572
0.816619
0.810158
0.804499
0.800974
0.800553
0.803568
0.809721
0.818279
0.828325
0.838965
0.849433
0.859116
0.867484
0.874077
0.878478
0.880294
0.879174
0.874895
0.867397
0.856793
0.843399
0.827728
0.810465
0.792476
0.774797
0.758561
0.74491
0.734835
0.729037
0.727844
0.731177
0.738663
0.749694
0.763485
0.779172
0.795817
0.812482
0.828291
0.842523
0.854585
0.864052
0.87067
0.874315
0.875038
0.873026
0.868621
0.862394
0.855093
0.847592
0.8408
0.835573
0.832637
0.832432
0.835066
0.84028
0.847445
0.855717
0.864212
0.872111
0.878803
0.883867
0.887135
0.888678
0.888736
0.887748
0.886258
0.884836
0.883999
0.88413
0.885387
0.88769
0.890749
0.894072
0.897062
0.899105
0.899585
0.89798
0.893895
0.887127
0.877662
0.865692
0.851621
0.83607
0.81985
0.803918
0.789261
0.776738
0.766907
0.759936
0.755622
0.753522
0.753073
0.753707
0.754963
0.756512
0.75815
0.759781
0.761407
0.763103
0.764966
0.767033
0.769275
0.77157
0.773731
0.775558
0.776872
0.777587
0.777719
0.777354
0.776637
0.775705
0.774684
0.773711
0.773
0.772883
0.773831
0.776377
0.780944
0.787699
0.796465
0.806709
0.817696
0.828649
0.838945
0.848222
0.856407
0.863657
0.870251
0.876477
0.88253
0.888473
0.89422
0.899552
0.904188
0.90792
0.910685
0.912557
0.913624
0.91383
0.912954
0.910629
0.906564
0.900696
0.893251
0.884754
0.875878
0.867326
0.859686
0.853328
0.848461
0.845179
0.843491
0.843359
0.844691
0.847305
0.850906
0.855104
0.85938
0.863176
0.865964
0.86737
0.867275
0.865892
0.863775
0.861735
0.86062
0.86104
0.863118
0.866488
0.870436
0.874123
0.876771
0.877778
0.876709
0.873373
0.86782
0.860432
0.851978
0.843648
0.83689
0.832968
0.832467
0.834907
0.838746
0.84173
0.841541
0.836483
0.825955
0.810737
0.792906
0.77532
0.760721
0.750948
0.746572
0.747153
0.75179
0.759526
0.76951
0.780982
0.793169
0.80516
0.815951
0.82449
0.829886
0.831659
0.829984
0.825717
0.820233
0.814955
0.810859
0.808201
0.806655
0.805674
0.804841
0.803998
0.803199
0.802528
0.801975
0.801308
0.800157
0.798103
0.794822
0.790175
0.784341
0.77779
0.771264
0.765623
0.761682
0.760064
0.761056
0.764561
0.770129
0.777099
0.784805
0.792744
0.800709
0.808776
0.817211
0.826264
0.836018
0.84627
0.856582
0.86637
0.875011
0.881914
0.886641
0.888886
0.888464
0.885355
0.879722
0.871923
0.862554
0.852403
0.84236
0.833337
0.826181
0.821602
0.820117
0.821964
0.827006
0.834776
0.844529
0.855319
0.866149
0.876078
0.884286
0.890145
0.893262
0.893472
0.890828
0.885586
0.878226
0.869482
0.860311
0.851789
0.84494
0.840553
0.839018
0.840166
0.843175
0.846663
0.849001
0.848706
0.844907
0.837576
0.82749
0.816001
0.804684
0.794865
0.787331
0.782238
0.779212
0.777688
0.777193
0.777389
0.777935
0.778288
0.777652
0.77525
0.770701
0.764325
0.757144
0.750625
0.74621
0.744877
0.746762
0.751193
0.756943
0.762632
0.767073
0.769533
0.769814
0.768308
0.7659
0.763785
0.763173
0.765038
0.769958
0.778116
0.789354
0.803329
0.819561
0.837433
0.85622
0.875117
0.893192
0.909514
0.92318
0.933408
0.939642
0.941614
0.939357
0.933239
0.923952
0.912456
0.899895
0.887447
0.876131
0.866643
0.859224
0.85367
0.849447
0.845823
0.84207
0.837627
0.832214
0.825867
0.818909
0.811882
0.80543
0.800141
0.796461
0.794648
0.794721
0.796536
0.799825
0.804303
0.809739
0.815952
0.822898
0.830617
0.839206
0.848755
0.859204
0.870279
0.881418
0.891787
0.90042
0.906489
0.909524
0.909462
0.906611
0.901504
0.894726
0.886823
0.878323
0.869753
0.861642
0.85447
0.848611
0.844258
0.841393
0.839761
0.838898
0.838234
0.837153
0.835134
0.831981
0.828054
0.824404
0.822573
0.824011
0.829343
0.837945
0.848226
0.858357
0.866947
0.873291
0.877251
0.87911
0.87939
0.878708
0.877676
0.876859
0.876634
0.877164
0.878328
0.87976
0.880968
0.881378
0.880457
0.877732
0.872775
0.865238
0.854874
0.841685
0.826034
0.80878
0.791316
0.775437
0.763034
0.755627
0.753995
0.757914
0.766297
0.777516
0.789816
0.801698
0.812163
0.820745
0.827554
0.833113
0.838144
0.843315
0.849004
0.85518
0.861437
0.867181
0.871867
0.875105
0.876737
0.876815
0.875473
0.872894
0.869179
0.864327
0.85823
0.850859
0.842317
0.832995
0.823641
0.815272
0.80899
0.805758
0.806161
0.810284
0.817676
0.82746
0.838484
0.849487
0.859334
0.867106
0.872217
0.874408
0.873776
0.8707
0.865794
0.859844
0.853629
0.847792
0.842677
0.83828
0.834229
0.829897
0.824586
0.817675
0.808857
0.798285
0.786622
0.774916
0.764342
0.755793
0.749689
0.746021
0.74465
0.745559
0.748929
0.755112
0.764455
0.777078
0.792737
0.810705
0.829835
0.848748
0.866123
1.6655
1.67016
1.66361
1.64715
1.6223
1.59063
1.55371
1.51315
1.47076
1.42871
1.38959
1.35625
1.33125
1.3161
1.31063
1.31281
1.31923
1.32612
1.33018
1.32926
1.32267
1.31094
1.29575
1.27989
1.26717
1.26183
1.26693
1.28285
1.30695
1.33481
1.36201
1.385
1.40134
1.40947
1.4088
1.39963
1.38334
1.36227
1.33941
1.31786
1.30024
1.28827
1.28271
1.28343
1.28945
1.29907
1.31012
1.32019
1.32712
1.32948
1.3271
1.32139
1.31502
1.31056
1.3092
1.31071
1.31446
1.32013
1.32753
1.33624
1.34541
1.35407
1.36141
1.36703
1.37087
1.37295
1.37311
1.37076
1.3649
1.35448
1.33889
1.31864
1.29583
1.27394
1.25678
1.24685
1.24434
1.24733
1.25308
1.25912
1.26372
1.26579
1.26458
1.25939
1.24947
1.2343
1.21407
1.19025
1.16582
1.14494
1.1322
1.13135
1.14383
1.16782
1.1986
1.23031
1.25787
1.27796
1.28928
1.29217
1.28826
1.28017
1.27125
1.26506
1.26458
1.27147
1.28559
1.30516
1.3275
1.34955
1.36839
1.38152
1.38728
1.38514
1.37585
1.36126
1.34372
1.32564
1.30905
1.29528
1.28488
1.27766
1.27292
1.26975
1.26727
1.26484
1.2621
1.25903
1.25585
1.25317
1.25174
1.25254
1.25644
1.26367
1.27348
1.28418
1.29375
1.30065
1.30433
1.30513
1.30371
1.30056
1.2959
1.29002
1.28369
1.27816
1.27485
1.27491
1.2789
1.28679
1.29811
1.31199
1.32717
1.34184
1.35354
1.35958
1.35761
1.34658
1.3276
1.30413
1.28139
1.26466
1.25721
1.25875
1.26565
1.27278
1.27573
1.27197
1.26094
1.24364
1.2221
1.19893
1.17692
1.1588
1.14676
1.14214
1.14526
1.15544
1.17126
1.19095
1.2126
1.2342
1.25371
1.26939
1.28026
1.28631
1.28853
1.28857
1.28829
1.2892
1.29215
1.29725
1.30388
1.31101
1.31755
1.32268
1.32613
1.32805
1.32886
1.32905
1.32901
1.32926
1.33014
1.3316
1.33291
1.33292
1.33068
1.32601
1.31981
1.31387
1.31019
1.30999
1.31292
1.31707
1.31967
1.31823
1.3113
1.29871
1.2816
1.26203
1.24269
1.22653
1.21616
1.2134
1.21881
1.2317
1.25038
1.27246
1.29531
1.31645
1.33374
1.34563
1.35128
1.35054
1.34398
1.33271
1.31824
1.30223
1.2865
1.27308
1.26424
1.26217
1.26837
1.28279
1.30332
1.32607
1.3466
1.3614
1.36899
1.37005
1.36692
1.36272
1.36064
1.36318
1.37152
1.38506
1.40138
1.4169
1.42805
1.43233
1.42881
1.41811
1.40213
1.38352
1.36507
1.34915
1.33718
1.32949
1.32541
1.32394
1.32425
1.32619
1.32981
1.33459
1.33863
1.33889
1.33236
1.31723
1.29359
1.26352
1.23061
1.19918
1.17331
1.1562
1.14968
1.15434
1.16936
1.1926
1.22072
1.24984
1.27638
1.29775
1.3127
1.3211
1.32356
1.32106
1.31474
1.30588
1.29588
1.28637
1.27905
1.27531
1.27582
1.28034
1.28799
1.29776
1.30883
1.32051
1.332
1.3422
1.34979
1.35355
1.35262
1.34662
1.33574
1.3207
1.30244
1.28189
1.25984
1.23707
1.21492
1.19544
1.18106
1.17382
1.17466
1.18338
1.19882
1.21923
1.24246
1.26617
1.28798
1.30566
1.31755
1.32283
1.32171
1.31554
1.30649
1.29715
1.2899
1.28625
1.28676
1.29103
1.29806
1.30652
1.31494
1.32175
1.32537
1.32465
1.31918
1.30944
1.29671
1.28275
1.26923
1.25745
1.24825
1.24228
1.24011
1.24197
1.24731
1.25477
1.26274
1.26996
1.27587
1.28061
1.28465
1.2885
1.29246
1.29662
1.3006
1.30346
1.30375
1.29988
1.29086
1.27684
1.2592
1.24015
1.22216
1.20738
1.19754
1.19414
1.19842
1.21095
1.2309
1.25573
1.28172
1.30525
1.32372
1.33603
1.34247
1.34429
1.34325
1.34119
1.33979
1.34042
1.34393
1.35038
1.35909
1.3688
1.378
1.38514
1.38893
1.38861
1.3843
1.37709
1.36869
1.36062
1.35341
1.34652
1.33911
1.33089
1.32224
1.31381
1.30593
1.29849
1.29148
1.28527
1.28052
1.27757
1.27614
1.27534
1.27408
1.27158
1.26762
1.26269
1.25783
1.25426
1.25285
1.25381
1.2565
1.25967
1.26199
1.26241
1.2606
1.25724
1.2543
1.25472
1.26139
1.27574
1.29692
1.32231
1.34874
1.37343
1.39457
1.41114
1.42273
1.4293
1.43112
1.42857
1.42217
1.41251
1.40028
1.3864
1.37215
1.35912
1.34895
1.3428
1.34102
1.34313
1.34821
1.35508
1.36245
1.36904
1.37399
1.37705
1.37854
1.37892
1.3785
1.37733
1.37526
1.3722
1.3682
1.36343
1.35809
1.3522
1.34558
1.33801
1.3295
1.32036
1.31106
1.30191
1.29285
1.28345
1.27316
1.26165
1.24901
1.23585
1.22331
1.21296
1.20656
1.20571
1.21129
1.22301
1.23933
1.25772
1.27512
1.2887
1.29674
1.29942
1.29905
1.29917
1.30231
1.30801
1.3131
1.31386
1.30802
1.29548
1.27853
1.2616
1.24989
1.24674
1.25146
1.25993
1.26744
1.27104
1.2702
1.26626
1.26156
1.25842
1.25832
1.26152
1.26711
1.2735
1.2792
1.28327
1.28568
1.28699
1.28786
1.28865
1.28943
1.29041
1.29203
1.29451
1.29729
1.29927
1.29979
1.29939
1.29965
1.3022
1.30794
1.31675
1.32777
1.34003
1.35273
1.36527
1.3771
1.38762
1.39623
1.40251
1.40637
1.40818
1.40868
1.40875
1.40904
1.40986
1.41119
1.41284
1.41466
1.41653
1.41816
1.41889
1.41767
1.41313
1.40391
1.3889
1.36761
1.34046
1.30896
1.27575
1.24415
1.21754
1.19862
1.1888
1.18793
1.19443
1.20586
1.21957
1.23343
1.24611
1.2569
1.26545
1.27148
1.27462
1.27453
1.27108
1.26442
1.25503
1.24361
1.23111
1.21869
1.2075
1.19861
1.19283
1.19076
1.19285
1.19927
1.20956
1.22215
1.23467
1.24476
1.25128
1.25465
1.25646
1.25829
1.2608
1.26354
1.26547
1.26575
1.26429
1.26157
1.2583
1.25491
1.25132
1.24702
1.24135
1.23389
1.22474
1.2146
1.20488
1.19755
1.19469
1.19776
1.20687
1.22061
1.23642
1.25149
1.26354
1.27135
1.27491
1.27541
1.27484
1.2754
1.27876
1.28537
1.29433
1.30361
1.31073
1.31344
1.31036
1.30132
1.2875
1.27136
1.25613
1.2449
1.23973
1.24101
1.24745
1.25685
1.26689
1.27579
1.28264
1.28732
1.29035
1.2923
1.29329
1.29278
1.28977
1.28326
1.27292
1.25931
1.24399
1.22938
1.2184
1.21376
1.21692
1.22751
1.24332
1.26109
1.27765
1.29082
1.29988
1.3055
1.30933
1.31323
1.31863
1.32599
1.3347
1.34331
1.35
1.3532
1.3519
1.34595
1.33605
1.32365
1.3107
1.2993
1.29102
1.28655
1.28552
1.28688
1.28943
1.29243
1.29567
1.29923
1.30324
1.30785
1.31355
1.32085
1.3297
1.33925
1.34825
1.35561
1.36057
1.36263
1.36174
1.35868
1.35506
1.35289
1.35375
1.35802
1.36479
1.37244
1.3795
1.385
1.38866
1.39068
1.39152
1.39158
1.39091
1.3891
1.38552
1.37973
1.37195
1.36308
1.35456
1.3478
1.34354
1.34153
1.34058
1.33912
1.33569
1.32927
1.31924
1.30538
1.28784
1.26727
1.24487
1.22211
1.20051
1.1815
1.16644
1.1567
1.15371
1.15862
1.1719
1.19291
1.21969
1.24918
1.27785
1.30243
1.3205
1.33064
1.33248
1.32663
1.31471
1.29917
1.28304
1.26941
1.26076
1.25838
1.26221
1.27105
1.28305
1.29618
1.30876
1.31993
1.32979
1.33917
1.3488
1.3584
1.36664
1.37181
1.37272
1.36921
1.36214
1.35299
1.34336
1.33444
1.32671
1.31999
1.31374
1.30747
1.30099
1.29443
1.28804
1.28198
1.27617
1.2702
1.26342
1.255
1.2441
1.23002
1.21257
1.19244
1.1715
1.15279
1.13992
1.13579
1.14132
1.15486
1.17274
1.19089
1.20612
1.21665
1.22197
1.22252
1.21946
1.21437
1.20901
1.20525
1.20512
1.21049
1.22239
1.24037
1.26227
1.28488
1.30509
1.32056
1.32998
1.33304
1.33035
1.32351
1.31488
1.30727
1.30338
1.30535
1.31454
1.33156
1.35582
1.38527
1.41642
1.44507
1.46736
1.48068
1.484
1.47784
1.46397
1.4449
1.42351
1.40254
1.3844
1.37103
1.36371
1.3627
1.367
1.37445
1.38239
1.38855
1.39162
1.39139
1.38864
1.38486
1.38179
1.38107
1.38392
1.39097
1.40229
1.41722
1.43419
1.45097
1.46526
1.47535
1.48036
1.48018
1.47523
1.46648
1.45529
1.44332
1.43195
1.42179
1.41243
1.40294
1.39255
1.38133
1.37021
1.36066
1.35404
1.35088
1.35072
1.35233
1.35422
1.35522
1.35487
1.35361
1.35255
1.3531
1.35633
1.3625
1.37105
1.38064
1.38974
1.39698
1.40153
1.40311
1.40196
1.39871
1.39401
1.38823
1.38134
1.37296
1.36272
1.35048
1.33656
1.32198
1.3083
1.29718
1.28965
1.28575
1.2848
1.28592
1.28835
1.29159
1.29537
1.29979
1.30538
1.31277
1.32233
1.33379
1.34614
1.35786
1.36713
1.37221
1.37188
1.36565
1.35392
1.33793
1.31933
1.29968
1.27993
1.2603
1.24076
1.22148
1.2033
1.18759
1.17599
1.16977
1.16936
1.17408
1.18226
1.19169
1.20014
1.20587
1.20791
1.20616
1.20127
1.19446
1.18726
1.18126
1.17796
1.17855
1.1838
1.19389
1.20831
1.226
1.24556
1.26565
1.28515
1.30324
1.31927
1.33276
1.34331
1.35066
1.35467
1.35538
1.35305
1.34817
1.34144
1.3337
1.32581
1.31834
1.31145
1.30495
1.29839
1.29129
1.2832
1.27369
1.26234
1.24908
1.2348
1.22203
1.21454
1.21589
1.2272
1.24622
1.26857
1.2898
1.30691
1.31857
1.32478
1.32641
1.32465
1.32075
1.31566
1.30985
1.30336
1.29587
1.28687
1.27591
1.26304
1.249
1.23545
1.63624
1.62255
1.6122
1.6069
1.60711
1.61198
1.61962
1.62763
1.63374
1.63639
1.6349
1.62945
1.62105
1.61132
1.60217
1.59552
1.59295
1.59553
1.60383
1.61774
1.63606
1.6562
1.67457
1.68766
1.69291
1.68911
1.67628
1.65557
1.62901
1.59944
1.57032
1.5453
1.52756
1.51917
1.52059
1.53042
1.54565
1.56264
1.57861
1.59269
1.60554
1.61808
1.63038
1.64204
1.65292
1.66294
1.67139
1.67676
1.67733
1.672
1.66034
1.64257
1.61988
1.5948
1.57114
1.55325
1.54471
1.54717
1.55983
1.57987
1.60326
1.6258
1.64381
1.65456
1.65622
1.64804
1.63028
1.60433
1.57278
1.53923
1.50789
1.4829
1.46731
1.46226
1.46678
1.47831
1.49346
1.50882
1.52133
1.52862
1.52962
1.52507
1.5177
1.51142
1.50972
1.51408
1.52367
1.53627
1.54898
1.55898
1.56398
1.56294
1.55661
1.54739
1.53828
1.53152
1.52761
1.52586
1.52543
1.52595
1.52735
1.52907
1.52967
1.52703
1.51914
1.50501
1.48538
1.46275
1.4409
1.4237
1.41374
1.41139
1.41514
1.42265
1.43191
1.44192
1.45292
1.46611
1.48314
1.50543
1.53354
1.56679
1.60316
1.63997
1.67466
1.70534
1.73083
1.7506
1.76459
1.77324
1.77726
1.77734
1.77377
1.76612
1.75343
1.73472
1.70963
1.67924
1.64631
1.61494
1.58942
1.57254
1.56407
1.56062
1.55719
1.54951
1.53598
1.5183
1.50058
1.48779
1.48381
1.48993
1.50467
1.52474
1.54656
1.56741
1.58601
1.6024
1.6173
1.63119
1.64337
1.65166
1.65333
1.64636
1.63064
1.60815
1.58244
1.55778
1.53812
1.52605
1.52215
1.52488
1.53134
1.53846
1.5441
1.54779
1.55075
1.55518
1.56289
1.57412
1.58714
1.5989
1.60614
1.6066
1.59968
1.58658
1.56976
1.55214
1.53643
1.52489
1.51957
1.52233
1.53423
1.55482
1.58147
1.60981
1.63497
1.65293
1.66137
1.65986
1.64951
1.63244
1.61108
1.58771
1.56425
1.54229
1.52334
1.5088
1.49963
1.49617
1.49792
1.5038
1.5124
1.52241
1.53281
1.54285
1.55179
1.55869
1.56258
1.56283
1.55943
1.55316
1.54528
1.5372
1.53013
1.52461
1.52034
1.51652
1.51276
1.51017
1.51142
1.51886
1.53209
1.54749
1.56038
1.56742
1.56735
1.56076
1.54961
1.53673
1.5251
1.51705
1.51387
1.51613
1.52439
1.53912
1.55947
1.58252
1.6043
1.62176
1.63361
1.63983
1.64093
1.63772
1.63135
1.62348
1.61561
1.60854
1.6019
1.59445
1.58457
1.57064
1.55131
1.52608
1.49597
1.4636
1.43226
1.40486
1.38318
1.3682
1.36087
1.3622
1.37303
1.39329
1.42176
1.45601
1.49293
1.52917
1.56168
1.58813
1.60717
1.61857
1.62334
1.62355
1.62186
1.62076
1.62184
1.62528
1.62983
1.63317
1.6327
1.62644
1.61356
1.59464
1.57136
1.54613
1.5217
1.50071
1.48504
1.47534
1.47097
1.47074
1.47403
1.48116
1.49233
1.50631
1.52025
1.53081
1.53538
1.53259
1.52242
1.50602
1.48554
1.46396
1.44513
1.43322
1.43117
1.43899
1.45373
1.47166
1.49029
1.5087
1.52649
1.54284
1.55675
1.56787
1.57695
1.58493
1.5918
1.59649
1.59767
1.59464
1.5876
1.5772
1.564
1.5481
1.52947
1.50841
1.48625
1.46542
1.44891
1.43888
1.43554
1.43695
1.4403
1.44325
1.44466
1.44439
1.44299
1.44128
1.44036
1.44195
1.44828
1.46136
1.4816
1.50713
1.53441
1.55985
1.58106
1.59729
1.609
1.61692
1.62101
1.62063
1.61543
1.60626
1.59533
1.58549
1.57912
1.57734
1.5798
1.58492
1.59023
1.59294
1.59072
1.58245
1.569
1.55367
1.54163
1.53738
1.54175
1.55145
1.56192
1.57019
1.57552
1.57864
1.58059
1.58228
1.58467
1.58895
1.59651
1.60805
1.62274
1.63822
1.65191
1.66206
1.66795
1.66981
1.66852
1.66549
1.66205
1.65893
1.65594
1.65208
1.64632
1.63846
1.62944
1.62111
1.61554
1.61387
1.61565
1.61889
1.62061
1.61785
1.60847
1.59165
1.56799
1.53959
1.51018
1.48505
1.46958
1.4669
1.47624
1.49378
1.51506
1.53671
1.55666
1.57373
1.58712
1.5965
1.60219
1.60538
1.60789
1.61148
1.61708
1.62432
1.63165
1.63714
1.63955
1.63902
1.63708
1.63586
1.63707
1.64118
1.64729
1.65363
1.65829
1.65974
1.65723
1.65093
1.64178
1.63102
1.61976
1.60856
1.59741
1.5859
1.57352
1.55968
1.54367
1.52498
1.50402
1.48264
1.46402
1.45127
1.44573
1.44613
1.44937
1.45238
1.45335
1.45213
1.45012
1.44991
1.45463
1.46668
1.48655
1.5124
1.54101
1.56909
1.59426
1.61547
1.63298
1.64802
1.66233
1.67754
1.69427
1.71167
1.72763
1.73965
1.74577
1.74491
1.73677
1.72172
1.70064
1.67522
1.64792
1.62202
1.60117
1.58863
1.58629
1.59405
1.60971
1.62951
1.64916
1.66492
1.67437
1.67661
1.67212
1.66241
1.64952
1.6355
1.62192
1.60959
1.59865
1.5889
1.58022
1.57309
1.56903
1.57003
1.57711
1.58906
1.60273
1.61443
1.62119
1.62131
1.61458
1.60224
1.58663
1.57032
1.55509
1.54122
1.52783
1.51401
1.50012
1.48852
1.48322
1.48831
1.50563
1.53342
1.56704
1.60082
1.63011
1.65209
1.66561
1.67057
1.66739
1.65672
1.63949
1.61725
1.59261
1.56945
1.55263
1.54605
1.55011
1.56116
1.57373
1.58344
1.58826
1.58816
1.58409
1.57724
1.56858
1.55874
1.54823
1.53762
1.52766
1.5192
1.51338
1.51151
1.51471
1.52367
1.53844
1.55859
1.58304
1.60998
1.63699
1.66148
1.68122
1.69466
1.70118
1.70121
1.6963
1.68869
1.68064
1.67368
1.66817
1.66357
1.65873
1.65229
1.64297
1.62964
1.61162
1.58885
1.56225
1.53413
1.5078
1.48667
1.47313
1.46871
1.47488
1.49223
1.518
1.54585
1.56924
1.58462
1.5917
1.59199
1.58743
1.57976
1.57058
1.5614
1.5532
1.54622
1.5401
1.53454
1.52976
1.52621
1.52393
1.52225
1.51972
1.51434
1.50394
1.48668
1.46168
1.43005
1.39561
1.3646
1.34394
1.3383
1.3483
1.37086
1.40096
1.43362
1.46493
1.49217
1.51363
1.52828
1.53578
1.5368
1.53335
1.52859
1.52616
1.52888
1.53768
1.55141
1.56761
1.58356
1.59715
1.60712
1.61269
1.61313
1.60787
1.59693
1.58151
1.5639
1.54711
1.53398
1.52665
1.5262
1.5328
1.54599
1.56496
1.58847
1.61475
1.64151
1.66627
1.68667
1.70081
1.70736
1.70565
1.69593
1.67933
1.65779
1.63353
1.60858
1.58462
1.56303
1.54512
1.53198
1.52382
1.51956
1.51683
1.51285
1.50546
1.49388
1.47885
1.46231
1.44661
1.4336
1.42415
1.41825
1.41568
1.41665
1.42202
1.43298
1.45041
1.47423
1.50298
1.53391
1.56369
1.58954
1.60995
1.62439
1.63253
1.63353
1.62657
1.61171
1.59058
1.56577
1.54011
1.51651
1.49804
1.48713
1.48358
1.48373
1.48242
1.47652
1.46702
1.45845
1.45621
1.46437
1.4848
1.5169
1.55765
1.60257
1.64696
1.68682
1.71931
1.74299
1.75757
1.76331
1.76053
1.74982
1.73257
1.71108
1.68755
1.66323
1.63862
1.61426
1.5914
1.57181
1.55753
1.55041
1.55097
1.55725
1.56491
1.56935
1.56788
1.56051
1.54939
1.53794
1.52991
1.52864
1.53643
1.55389
1.57966
1.61062
1.64266
1.67176
1.69481
1.71018
1.71758
1.71769
1.71183
1.70148
1.68812
1.67313
1.65763
1.64244
1.62802
1.61464
1.60281
1.59339
1.58751
1.58581
1.58774
1.5914
1.5942
1.59417
1.59129
1.58796
1.58735
1.59083
1.59713
1.60386
1.6092
1.61193
1.61079
1.60443
1.59197
1.57373
1.55156
1.52851
1.50818
1.49378
1.48746
1.49013
1.50171
1.52136
1.54742
1.57724
1.6074
1.63446
1.65591
1.67078
1.67948
1.68318
1.68287
1.67844
1.66861
1.65183
1.6277
1.59779
1.56558
1.53545
1.5112
1.49471
1.4854
1.48091
1.47852
1.47643
1.47453
1.4742
1.47757
1.48658
1.50213
1.52384
1.55018
1.57877
1.60664
1.63068
1.64823
1.65758
1.65865
1.6531
1.64406
1.63506
1.62842
1.62441
1.62156
1.61771
1.61097
1.60052
1.58711
1.57332
1.5626
1.55723
1.55678
1.55893
1.5613
1.56268
1.56291
1.56196
1.55935
1.5541
1.54508
1.53163
1.51409
1.49399
1.47417
1.45819
1.44919
1.44896
1.45743
1.47302
1.49327
1.51552
1.53745
1.55733
1.57417
1.5877
1.59834
1.60708
1.61517
1.62392
1.63448
1.64753
1.66296
1.67967
1.69535
1.70717
1.71247
1.70961
1.69849
1.68082
1.65998
1.63997
1.62382
1.61224
1.60375
1.59582
1.58612
1.57323
1.55719
1.53945
1.52264
1.50989
1.50404
1.50653
1.5167
1.53204
1.54935
1.56597
1.58002
1.59023
1.5959
1.59687
1.59367
1.58737
1.57905
1.56942
1.55859
1.54638
1.53312
1.52034
1.51046
1.50575
1.50721
1.51415
1.52467
1.53651
1.54773
1.55685
1.56293
1.56554
1.5648
1.56144
1.55674
1.5523
1.54958
1.54931
1.55116
1.55368
1.55444
1.5507
1.54011
1.52158
1.49597
1.46616
1.43628
1.41039
1.3912
1.37976
1.37605
1.37978
1.39082
1.40912
1.43422
1.46506
1.49976
1.53604
1.5717
1.60483
1.63379
1.65708
1.67351
1.68237
1.6837
1.67826
1.66734
1.65273
1.6369
1.62317
1.61496
1.61399
1.61913
1.62754
1.6367
1.64521
1.65217
1.6565
1.65704
1.65289
1.64372
1.62981
1.61182
1.59077
1.56804
1.5455
1.52554
1.51085
1.50373
1.50529
1.51501
1.5309
1.55028
1.57059
1.59001
1.6074
1.62201
1.63298
1.63915
1.63926
1.63227
1.61795
1.5971
1.57166
1.54437
1.51836
1.49657
1.48119
1.6415
1.63688
1.63494
1.63359
1.63119
1.62711
1.62199
1.61746
1.61532
1.6165
1.62049
1.62555
1.63003
1.63407
1.64078
1.65533
1.68133
1.71725
1.75647
1.79099
1.8151
1.82647
1.82603
1.8169
1.80288
1.7866
1.76841
1.74691
1.72053
1.68935
1.65601
1.62531
1.60252
1.59114
1.59186
1.60336
1.62357
1.65008
1.68009
1.71063
1.73912
1.76364
1.78293
1.7964
1.80393
1.80592
1.80307
1.79615
1.78565
1.77173
1.75454
1.73482
1.71426
1.69546
1.6812
1.67345
1.67265
1.67771
1.68641
1.69617
1.70463
1.71017
1.71223
1.71143
1.70922
1.70727
1.70639
1.70593
1.70401
1.69865
1.68894
1.67563
1.66086
1.64737
1.63723
1.6313
1.62913
1.62928
1.63027
1.63139
1.6334
1.63847
1.6493
1.66757
1.69283
1.72222
1.7516
1.77698
1.79542
1.80514
1.80536
1.79609
1.7785
1.75512
1.72978
1.70668
1.68918
1.6791
1.67685
1.68184
1.69265
1.70705
1.72233
1.73609
1.7469
1.7545
1.75917
1.76109
1.75992
1.75484
1.74526
1.73149
1.71503
1.6984
1.68453
1.67586
1.67336
1.67605
1.6814
1.68681
1.69079
1.69351
1.69619
1.70012
1.70583
1.71266
1.71906
1.72327
1.72403
1.72113
1.71518
1.70729
1.69856
1.68914
1.6777
1.66202
1.64071
1.61425
1.58494
1.55622
1.532
1.51608
1.51144
1.51987
1.54148
1.57465
1.61599
1.66092
1.7044
1.74189
1.77009
1.78732
1.79343
1.7893
1.77621
1.7556
1.72952
1.70119
1.67496
1.65526
1.64527
1.64597
1.65625
1.67344
1.69385
1.71337
1.72818
1.73572
1.7351
1.72702
1.71328
1.69632
1.67867
1.66227
1.64808
1.63632
1.62731
1.62191
1.62145
1.62696
1.63869
1.65565
1.67574
1.69617
1.71406
1.72699
1.73309
1.7307
1.71836
1.69521
1.66228
1.62353
1.5852
1.55336
1.53099
1.51764
1.51189
1.51311
1.52127
1.53585
1.55547
1.57821
1.60206
1.62537
1.64694
1.66602
1.68219
1.69558
1.70722
1.71886
1.73191
1.7464
1.76081
1.7729
1.78064
1.78273
1.77887
1.76969
1.75616
1.73852
1.7162
1.68903
1.65871
1.62857
1.60197
1.58111
1.56689
1.55976
1.56037
1.56942
1.58695
1.6113
1.63929
1.6675
1.69358
1.71651
1.73598
1.75176
1.76348
1.77071
1.77307
1.7705
1.76337
1.7524
1.73869
1.72373
1.70934
1.69764
1.69037
1.68822
1.69016
1.69353
1.69497
1.69162
1.68229
1.66782
1.65093
1.63517
1.62316
1.61535
1.61056
1.6082
1.61004
1.61908
1.63619
1.65829
1.68011
1.69675
1.70496
1.70308
1.69067
1.66813
1.6366
1.59809
1.55581
1.51425
1.47864
1.4542
1.44501
1.45283
1.47585
1.50876
1.5449
1.57901
1.60856
1.63297
1.65233
1.66675
1.67657
1.68313
1.689
1.69738
1.7106
1.72866
1.74858
1.76538
1.7739
1.77064
1.75501
1.72934
1.69795
1.6655
1.63569
1.61088
1.59255
1.58158
1.57798
1.58067
1.58762
1.59662
1.606
1.615
1.62347
1.63125
1.63786
1.64261
1.64503
1.64512
1.64328
1.64001
1.63562
1.63012
1.62338
1.61549
1.60681
1.59778
1.58875
1.57995
1.57157
1.56371
1.55612
1.5482
1.53941
1.52986
1.52084
1.5145
1.51319
1.51824
1.52891
1.54249
1.55599
1.56809
1.57967
1.59241
1.60665
1.6205
1.63107
1.63616
1.6355
1.63065
1.62442
1.62013
1.62079
1.62826
1.64281
1.66282
1.68516
1.70594
1.72135
1.72885
1.72761
1.71858
1.70403
1.68676
1.66951
1.65457
1.64366
1.63792
1.63774
1.64262
1.6511
1.6608
1.66872
1.67186
1.668
1.65647
1.63874
1.61809
1.59856
1.58317
1.57267
1.56627
1.56356
1.56547
1.57353
1.58801
1.6068
1.62584
1.64071
1.64825
1.64743
1.63901
1.62475
1.60663
1.58673
1.56739
1.55116
1.54005
1.53498
1.53593
1.54296
1.55659
1.57697
1.60244
1.629
1.65149
1.66572
1.67004
1.66573
1.65603
1.6445
1.63368
1.62444
1.61645
1.60936
1.6038
1.60189
1.60592
1.61626
1.62986
1.6414
1.64585
1.64047
1.62562
1.60496
1.58522
1.57447
1.57801
1.59448
1.61641
1.6352
1.64593
1.64886
1.64824
1.64988
1.65814
1.6739
1.69496
1.71772
1.73862
1.75453
1.76282
1.76141
1.74909
1.72618
1.69515
1.66082
1.62971
1.60792
1.59862
1.60096
1.61149
1.62672
1.64463
1.66458
1.68624
1.70852
1.72912
1.74516
1.75453
1.75684
1.75363
1.74756
1.74128
1.7365
1.73362
1.73205
1.73098
1.7301
1.72963
1.72991
1.73071
1.73085
1.72851
1.7218
1.70941
1.6911
1.66782
1.64167
1.61552
1.5925
1.57511
1.56473
1.56134
1.56365
1.56957
1.57686
1.58385
1.59022
1.59729
1.60728
1.62194
1.64119
1.66258
1.68233
1.69705
1.70538
1.70857
1.70972
1.712
1.71691
1.72363
1.72961
1.73207
1.72924
1.72109
1.70924
1.69628
1.68463
1.6758
1.6701
1.66702
1.6658
1.66554
1.66513
1.66321
1.65841
1.64979
1.63728
1.62157
1.60393
1.58571
1.56819
1.55308
1.54256
1.53885
1.54343
1.55666
1.57764
1.60407
1.63222
1.6573
1.67461
1.68119
1.67709
1.6657
1.65294
1.64512
1.6468
1.65929
1.6806
1.70668
1.73279
1.75478
1.76984
1.77685
1.77622
1.76926
1.7575
1.74229
1.72494
1.7074
1.69273
1.68457
1.68507
1.69278
1.70266
1.70852
1.7063
1.69593
1.68135
1.66865
1.66268
1.66424
1.6702
1.67592
1.6777
1.67379
1.66435
1.65116
1.63725
1.62625
1.62141
1.62443
1.63491
1.65074
1.66915
1.68747
1.70356
1.71605
1.72422
1.7281
1.72828
1.72548
1.72004
1.71164
1.69962
1.68339
1.66257
1.63666
1.6051
1.56858
1.53054
1.49704
1.47407
1.46413
1.46551
1.47473
1.48919
1.50807
1.53165
1.56013
1.59223
1.62501
1.65487
1.67888
1.6956
1.70503
1.70834
1.70739
1.70414
1.70012
1.69614
1.69247
1.68929
1.68691
1.68573
1.68597
1.68718
1.68829
1.68793
1.68535
1.68077
1.67489
1.66768
1.65802
1.64465
1.62803
1.61155
1.60058
1.59974
1.61023
1.62984
1.65453
1.68016
1.70357
1.72327
1.73961
1.75378
1.76659
1.77785
1.78676
1.79302
1.79772
1.80321
1.81189
1.82437
1.83846
1.84999
1.85472
1.84985
1.83469
1.81064
1.78117
1.75156
1.72766
1.71327
1.7083
1.70959
1.71344
1.71733
1.72015
1.72218
1.72491
1.73094
1.74273
1.76082
1.7828
1.80383
1.81851
1.82257
1.81363
1.79125
1.75656
1.71242
1.6636
1.61671
1.57903
1.55631
1.55116
1.56263
1.5871
1.61973
1.65601
1.69256
1.72689
1.75713
1.78183
1.80003
1.81125
1.81558
1.81378
1.80711
1.79706
1.78479
1.77076
1.75451
1.7349
1.71059
1.68094
1.64684
1.61111
1.57826
1.55328
1.53982
1.53861
1.54688
1.55926
1.56941
1.57174
1.56311
1.54416
1.5202
1.49966
1.48945
1.49081
1.50084
1.51679
1.53752
1.56162
1.58594
1.60615
1.61845
1.62104
1.61483
1.60342
1.59234
1.58733
1.59252
1.60923
1.63599
1.66926
1.70465
1.73808
1.76687
1.78983
1.80675
1.81751
1.82174
1.81923
1.81061
1.79732
1.78142
1.76499
1.74972
1.7366
1.72595
1.71749
1.71056
1.7043
1.69781
1.69046
1.68193
1.67223
1.66165
1.65081
1.64064
1.63196
1.62491
1.61872
1.61201
1.60362
1.59337
1.58249
1.57364
1.57011
1.57419
1.58569
1.60179
1.61844
1.63237
1.64217
1.64801
1.65068
1.65101
1.64998
1.6489
1.64903
1.6508
1.65356
1.65609
1.65727
1.65646
1.65368
1.64951
1.64513
1.64207
1.64156
1.6439
1.64827
1.65314
1.65733
1.66031
1.66201
1.66238
1.6611
1.65799
1.65373
1.64994
1.64841
1.65016
1.65486
1.66138
1.66848
1.67527
1.68137
1.68656
1.69058
1.69295
1.6932
1.69108
1.68715
1.68311
1.68129
1.68341
1.68919
1.69621
1.7012
1.70151
1.69596
1.68477
1.66948
1.65268
1.63726
1.62506
1.61589
1.60815
1.60044
1.59262
1.58599
1.58259
1.58431
1.59211
1.60558
1.6233
1.64318
1.6625
1.67799
1.68623
1.68461
1.67198
1.64887
1.61733
1.58078
1.54405
1.5129
1.49257
1.48595
1.49268
1.50979
1.53307
1.55844
1.58265
1.60336
1.61929
1.6303
1.63734
1.64204
1.64608
1.65051
1.65551
1.66038
1.66388
1.66475
1.66236
1.65722
1.65111
1.64666
1.64598
1.64931
1.65513
1.66165
1.66762
1.67181
1.67261
1.66871
1.65989
1.6471
1.6319
1.61656
1.6047
1.60063
1.60667
1.62082
1.63775
1.65215
1.661
1.66373
1.66122
1.65488
1.6465
1.63796
1.63068
1.62508
1.6207
1.61724
1.61559
1.61779
1.62585
1.64043
1.66057
1.68422
1.7087
1.73092
1.7477
1.75649
1.75587
1.74583
1.72762
1.70333
1.67559
1.64732
1.62149
1.60072
1.58679
1.58009
1.5796
1.58346
1.58995
1.59817
1.60812
1.62008
1.63357
1.64682
1.65691
1.66061
1.65558
1.64129
1.6196
1.59466
1.57194
1.55659
1.55158
1.55704
1.57115
1.59185
1.61772
1.64774
1.68016
1.71185
1.73915
1.75951
1.77246
1.77925
1.78167
1.78094
1.7773
1.77029
1.75937
1.74467
1.72743
1.71014
1.69621
1.68887
1.69013
1.69976
1.71548
1.73395
1.75211
1.76796
1.78068
1.79024
1.79678
1.80016
1.79999
1.79571
1.78707
1.77448
1.75903
1.74227
1.72566
1.71023
1.6965
1.68459
1.67445
1.66625
1.66075
1.65929
1.66333
1.67354
1.6893
1.70878
1.72958
1.74932
1.76601
1.77821
1.78495
1.78579
1.78084
1.7707
1.7564
1.73929
1.72059
1.70127
1.682
1.6633
1.64587
1.63066
1.61882
1.61121
1.64741
1.6484
1.65265
1.65933
1.66716
1.67441
1.67947
1.68154
1.681
1.67909
1.67731
1.677
1.67901
1.68388
1.69169
1.70202
1.71389
1.72577
1.73578
1.74223
1.74416
1.74177
1.73638
1.73032
1.72632
1.72687
1.73341
1.74589
1.76283
1.78164
1.79913
1.81209
1.81777
1.81431
1.80103
1.77868
1.74952
1.71726
1.68653
1.6618
1.64623
1.64068
1.6435
1.65118
1.65938
1.66428
1.6635
1.65638
1.64361
1.62664
1.60731
1.58783
1.57083
1.55911
1.55497
1.55936
1.57141
1.5888
1.60861
1.62849
1.64735
1.66527
1.68318
1.70223
1.7234
1.74713
1.77309
1.8002
1.82676
1.85094
1.8711
1.88593
1.89453
1.89636
1.8912
1.87924
1.8612
1.83835
1.8123
1.78489
1.75801
1.73348
1.71289
1.69763
1.68886
1.68755
1.69414
1.70795
1.72666
1.74668
1.76428
1.77689
1.7836
1.78473
1.78131
1.7745
1.76501
1.75292
1.73765
1.71834
1.69453
1.6668
1.63731
1.60961
1.58759
1.5738
1.56838
1.56955
1.575
1.58304
1.59348
1.60792
1.62867
1.65608
1.68651
1.71367
1.7321
1.73937
1.73615
1.72503
1.70933
1.69201
1.67532
1.66084
1.64999
1.64436
1.64553
1.65428
1.66982
1.68979
1.71083
1.72952
1.74297
1.74917
1.74693
1.73598
1.71762
1.69563
1.67628
1.66597
1.66751
1.67832
1.69235
1.70378
1.70923
1.70829
1.70272
1.69552
1.68971
1.68734
1.68892
1.69378
1.70084
1.70915
1.71792
1.72609
1.73208
1.73404
1.73044
1.72061
1.70524
1.68643
1.66778
1.65385
1.6491
1.65628
1.67533
1.70359
1.73683
1.77055
1.8009
1.82526
1.8425
1.85279
1.85676
1.85484
1.84675
1.83189
1.81011
1.78244
1.75136
1.72046
1.69345
1.67296
1.65986
1.65359
1.65319
1.65791
1.66727
1.68029
1.69499
1.70838
1.71726
1.71959
1.71555
1.70783
1.7009
1.69928
1.70549
1.71894
1.7364
1.75371
1.7674
1.77556
1.77764
1.77402
1.76563
1.75386
1.74067
1.72864
1.72049
1.71798
1.72088
1.72709
1.73389
1.7392
1.74158
1.73983
1.73255
1.71861
1.69793
1.6724
1.64601
1.6238
1.60944
1.60312
1.60197
1.60258
1.60351
1.60586
1.61204
1.62384
1.64094
1.66086
1.68016
1.69595
1.70655
1.71169
1.7123
1.71004
1.70651
1.70266
1.69861
1.69423
1.68962
1.68502
1.68057
1.67644
1.67327
1.67209
1.67342
1.67665
1.68019
1.6824
1.68272
1.68216
1.68303
1.68787
1.69825
1.71384
1.73233
1.75012
1.76333
1.76905
1.76619
1.75603
1.74196
1.72796
1.71673
1.70863
1.70236
1.6967
1.6914
1.68692
1.68358
1.68107
1.67873
1.67605
1.67301
1.66992
1.66691
1.66386
1.66074
1.6581
1.65719
1.65971
1.66691
1.67885
1.69452
1.71257
1.73199
1.75221
1.77264
1.79229
1.80955
1.82245
1.82901
1.82774
1.81824
1.8014
1.77938
1.755
1.73085
1.70875
1.6896
1.67342
1.65964
1.64745
1.63618
1.62575
1.61678
1.61033
1.60746
1.60891
1.61495
1.62527
1.63894
1.65457
1.67067
1.68584
1.69869
1.70799
1.71294
1.71355
1.71077
1.70606
1.7006
1.69482
1.68835
1.68059
1.67128
1.66078
1.64991
1.63954
1.63047
1.62345
1.61953
1.62003
1.62638
1.63967
1.66013
1.68669
1.71669
1.74635
1.77186
1.79078
1.80248
1.80764
1.80751
1.80356
1.79734
1.79055
1.78497
1.78195
1.7821
1.78468
1.78767
1.78843
1.78477
1.77586
1.76239
1.74612
1.72899
1.71262
1.69791
1.68462
1.67143
1.65669
1.63962
1.62117
1.60358
1.58922
1.57937
1.57398
1.57223
1.57342
1.5771
1.58278
1.58949
1.59572
1.60005
1.60189
1.60197
1.60208
1.60431
1.61029
1.62084
1.63611
1.65598
1.67999
1.70696
1.73475
1.76058
1.78154
1.79522
1.80045
1.79789
1.79057
1.78321
1.77927
1.77799
1.77529
1.76753
1.75385
1.73593
1.71711
1.70149
1.69281
1.69306
1.70174
1.71668
1.73525
1.75521
1.77481
1.79268
1.80767
1.81897
1.82601
1.8286
1.82688
1.82146
1.81335
1.8039
1.79431
1.78527
1.77669
1.7678
1.75755
1.74531
1.73115
1.71569
1.69956
1.68331
1.66756
1.65321
1.64152
1.63413
1.63279
1.63867
1.6513
1.66813
1.68559
1.70117
1.71449
1.72684
1.73963
1.75309
1.76586
1.77564
1.78022
1.77852
1.77095
1.75904
1.74493
1.73085
1.71888
1.71073
1.70762
1.70992
1.71673
1.72606
1.7358
1.74456
1.75186
1.75787
1.76268
1.7659
1.76626
1.76192
1.75109
1.73277
1.70726
1.67628
1.64247
1.60893
1.57889
1.55576
1.54309
1.54354
1.55745
1.58184
1.61131
1.64049
1.66652
1.69016
1.71459
1.74257
1.77403
1.80592
1.83412
1.85531
1.86763
1.8707
1.86556
1.85448
1.8407
1.82768
1.81756
1.81001
1.8024
1.7914
1.77427
1.74936
1.71619
1.67607
1.63262
1.59067
1.55373
1.52241
1.49577
1.47376
1.45813
1.45139
1.4558
1.47268
1.50195
1.54149
1.58671
1.63099
1.66757
1.69155
1.70099
1.69693
1.68288
1.66402
1.64615
1.63429
1.63108
1.63584
1.64514
1.65446
1.65997
1.65981
1.65439
1.64627
1.63928
1.63745
1.6435
1.65785
1.67873
1.70318
1.72813
1.75091
1.76963
1.78305
1.79065
1.79266
1.79002
1.78435
1.77755
1.77157
1.76773
1.76645
1.76718
1.76883
1.77019
1.77028
1.76811
1.76262
1.75308
1.74023
1.72719
1.71867
1.71773
1.72267
1.72764
1.72646
1.71584
1.69613
1.67014
1.64183
1.61531
1.5941
1.58027
1.57387
1.57287
1.57425
1.5755
1.57601
1.57718
1.5813
1.59027
1.60489
1.62472
1.64804
1.67207
1.69342
1.70901
1.71701
1.71731
1.71136
1.70151
1.69023
1.67976
1.67233
1.67024
1.67495
1.68602
1.70112
1.7174
1.73282
1.74618
1.75674
1.76383
1.76718
1.76744
1.76629
1.76609
1.76897
1.77624
1.78804
1.80328
1.81973
1.83448
1.84482
1.84889
1.84589
1.83603
1.82022
1.79985
1.77674
1.75281
1.72967
1.70786
1.68658
1.66429
1.63999
1.61402
1.58756
1.56179
1.53767
1.51672
1.50177
1.49679
1.50561
1.52961
1.56563
1.60641
1.64424
1.67434
1.69592
1.71108
1.72322
1.73553
1.74988
1.76624
1.78275
1.79642
1.80448
1.80566
1.80051
1.79
1.7738
1.7504
1.71944
1.68382
1.6495
1.62324
1.61024
1.6123
1.62721
1.65004
1.67569
1.70059
1.7229
1.7415
1.75509
1.76205
1.76106
1.75182
1.73508
1.71227
1.68568
1.65948
1.63961
1.6312
1.63498
1.64659
1.65938
1.66783
1.66927
1.66371
1.65308
1.64023
1.62829
1.61992
1.61724
1.62153
1.63319
1.65144
1.67435
1.69921
1.72333
1.74503
1.76411
1.78144
1.79817
1.81486
1.83115
1.84601
1.85798
1.86541
1.86653
1.85959
1.84331
1.81748
1.78352
1.74464
1.70555
1.67122
1.64508
1.62771
1.61678
1.6085
1.59938
1.58764
1.57382
1.56078
1.55267
1.55334
1.56486
1.58698
1.61699
1.6506
1.68382
1.71445
1.74239
1.76865
1.794
1.81826
1.84017
1.85785
1.86937
1.87322
1.86859
1.8556
1.83551
1.81086
1.78522
1.76214
1.74399
1.73133
1.72347
1.71939
1.71835
1.71995
1.72341
1.72696
1.72792
1.72369
1.71272
1.69497
1.67173
1.64534
1.61909
1.59723
1.58446
1.58453
1.59853
1.62339
1.65238
1.67805
1.69598
1.70682
1.71476
1.72422
1.73708
1.75231
1.76713
1.77851
1.78436
1.78427
1.7795
1.77228
1.76478
1.75824
1.75267
1.74703
1.73963
1.72902
1.7146
1.69697
1.67819
1.66131
1.64953
1.64497
1.64795
1.65708
1.66959
1.68207
1.69132
1.69499
1.69207
1.6829
1.66906
1.6528
1.63641
1.62142
1.60866
1.59906
1.59471
1.59882
1.61361
1.63826
1.66903
1.70131
1.73131
1.75658
1.77572
1.78767
1.79139
1.78587
1.77074
1.74674
1.71603
1.68208
1.64905
1.62081
1.6001
1.5884
1.58616
1.59292
1.60713
1.62632
1.64746
1.66768
1.68495
1.6985
1.70867
1.71625
1.72181
1.7255
1.72755
1.72865
1.72994
1.73216
1.73491
1.73636
1.73365
1.72375
1.70441
1.67542
1.63962
1.60328
1.57466
1.56004
1.56016
1.57067
1.5862
1.60352
1.62158
1.64
1.65814
1.67517
1.69043
1.70361
1.71442
1.72256
1.72779
1.73028
1.73102
1.73219
1.73674
1.7468
1.76184
1.77834
1.79167
1.79859
1.79857
1.79285
1.78284
1.76918
1.75219
1.73262
1.71189
1.69181
1.67421
1.66069
1.6523
1.64894
1.64941
1.65208
1.65556
1.65919
1.66306
1.66772
1.67375
1.68122
1.68966
1.69814
1.70572
1.71141
1.71381
1.71092
1.70026
1.67989
1.64959
1.61192
1.57254
1.53918
1.51884
1.51484
1.526
1.54844
1.57824
1.61269
1.65
1.68841
1.7259
1.76027
1.7896
1.8123
1.82729
1.83407
1.83297
1.82518
1.81259
1.79727
1.78093
1.76459
1.74868
1.73357
1.72036
1.71093
1.70737
1.71055
1.71895
1.72873
1.73504
1.73376
1.72311
1.70441
1.68174
1.66029
1.64485
1.63889
1.64441
1.66117
1.68609
1.71389
1.73918
1.75841
1.77047
1.77602
1.77666
1.77419
1.77032
1.76633
1.76299
1.76053
1.75885
1.75775
1.7569
1.75573
1.75334
1.74872
1.7408
1.72883
1.71284
1.69425
1.67623
1.66241
1.65382
1.64726
1.63815
1.62477
1.60977
1.59845
1.5957
1.60346
1.61972
1.63969
1.65796
1.67054
1.67594
1.67519
1.67095
1.66622
1.66268
1.65982
1.6551
1.64566
1.63074
1.61298
1.59745
1.589
1.59077
1.6045
1.63019
1.66499
1.70347
1.73961
1.76908
1.78981
1.8015
1.80472
1.80041
1.78974
1.77406
1.75505
