-5.31676
-5.28056
-5.22016
-5.13494
-5.02218
-4.88057
-4.70858
-4.50538
-4.27223
-4.00797
-3.71189
-3.38589
-3.03945
-2.6751
-2.3058
-1.94474
-1.60965
-1.31255
-1.06421
-0.87149
-0.734219
-0.652195
-0.616544
-0.615632
-0.646677
-0.695299
-0.753782
-0.81673
-0.877008
-0.932095
-0.979449
-1.01897
-1.05138
-1.07634
-1.09525
-1.10867
-1.11671
-1.1188
-1.11539
-1.10591
-1.08483
-1.05555
-1.01353
-0.963257
-0.906573
-0.845477
-0.785566
-0.727114
-0.676283
-0.635686
-0.607659
-0.590761
-0.58644
-0.59377
-0.611457
-0.635879
-0.664436
-0.694333
-0.722849
-0.746388
-0.762015
-0.772017
-0.775387
-0.772285
-0.763121
-0.751634
-0.738254
-0.726616
-0.718158
-0.713879
-0.715705
-0.723189
-0.739224
-0.759741
-0.783932
-0.810074
-0.835289
-0.85701
-0.877743
-0.893294
-0.906346
-0.917786
-0.928593
-0.937895
-0.949288
-0.958729
-0.970171
-0.980516
-0.989611
-0.996027
-0.998682
-0.997898
-0.992682
-0.983242
-0.972497
-0.961933
-0.947787
-0.93474
-0.923777
-0.916031
-0.911153
-0.908722
-0.906821
-0.903757
-0.897035
-0.887573
-0.875275
-0.855806
-0.834399
-0.808572
-0.77964
-0.748244
-0.709482
-0.665706
-0.616301
-0.565696
-0.512459
-0.461928
-0.415705
-0.379179
-0.352492
-0.335478
-0.330628
-0.33466
-0.345567
-0.360567
-0.377683
-0.395689
-0.41325
-0.432906
-0.454576
-0.476682
-0.501904
-0.529701
-0.560703
-0.594479
-0.629158
-0.663643
-0.695753
-0.724325
-0.752939
-0.779325
-0.80359
-0.828207
-0.84918
-0.866662
-0.87823
-0.885791
-0.887348
-0.883463
-0.87769
-0.865511
-0.855209
-0.848788
-0.845591
-0.852762
-0.868386
-0.896767
-0.935443
-0.981076
-1.03026
-1.08124
-1.1262
-1.16116
-1.1855
-1.19691
-1.19726
-1.18668
-1.16739
-1.14107
-1.10924
-1.0768
-1.04529
-1.01687
-0.993226
-0.974717
-0.963522
-0.956155
-0.95071
-0.94969
-0.9501
-0.949025
-0.947723
-0.943341
-0.938831
-0.930366
-0.92171
-0.91188
-0.901871
-0.894791
-0.890888
-0.893322
-0.90057
-0.911887
-0.928146
-0.94583
-0.964281
-0.980187
-0.991854
-0.999354
-1.00205
-1.00133
-0.997237
-0.99215
-0.983826
-0.976362
-0.971425
-0.968925
-0.966193
-0.964503
-0.963113
-0.96112
-0.957143
-0.9519
-0.942758
-0.930786
-0.91642
-0.899946
-0.881901
-0.863839
-0.846964
-0.829711
-0.812669
-0.796845
-0.780953
-0.760308
-0.736985
-0.711935
-0.68609
-0.662807
-0.645968
-0.63818
-0.638421
-0.644809
-0.65656
-0.670369
-0.688108
-0.711035
-0.735869
-0.767101
-0.806822
-0.855972
-0.91122
-0.96885
-1.0259
-1.07737
-1.12054
-1.15181
-1.16771
-1.17092
-1.15917
-1.13507
-1.10253
-1.06283
-1.0198
-0.978187
-0.939638
-0.905824
-0.876756
-0.851397
-0.830737
-0.814582
-0.80407
-0.798957
-0.798155
-0.802939
-0.810407
-0.819296
-0.830327
-0.836925
-0.842306
-0.846323
-0.853372
-0.861229
-0.873835
-0.895217
-0.922608
-0.951822
-0.982728
-1.01184
-1.03722
-1.05766
-1.07111
-1.07721
-1.07872
-1.07394
-1.06179
-1.04078
-1.01441
-0.983966
-0.947445
-0.908969
-0.868705
-0.82733
-0.78868
-0.753462
-0.725022
-0.700588
-0.68162
-0.667801
-0.659711
-0.654777
-0.654913
-0.659673
-0.671986
-0.688519
-0.711034
-0.737605
-0.764394
-0.788109
-0.807397
-0.823631
-0.839649
-0.856611
-0.877799
-0.903313
-0.932478
-0.955533
-0.969533
-0.968689
-0.957301
-0.940225
-0.919665
-0.90176
-0.891674
-0.888773
-0.894735
-0.906821
-0.925913
-0.945387
-0.963537
-0.976667
-0.982697
-0.980219
-0.970891
-0.954197
-0.933261
-0.911146
-0.890605
-0.869914
-0.85637
-0.846785
-0.846445
-0.851106
-0.862536
-0.880738
-0.903835
-0.928364
-0.957937
-0.988298
-1.01718
-1.0447
-1.06942
-1.08986
-1.10505
-1.11675
-1.12495
-1.12898
-1.13042
-1.12992
-1.12708
-1.12499
-1.12193
-1.11828
-1.11081
-1.10111
-1.08848
-1.06904
-1.04506
-1.01584
-0.981141
-0.942855
-0.903673
-0.86434
-0.823316
-0.782064
-0.74094
-0.696337
-0.650055
-0.600647
-0.549205
-0.497394
-0.447417
-0.407909
-0.385237
-0.38328
-0.401383
-0.43773
-0.490682
-0.551684
-0.617644
-0.685028
-0.750019
-0.8079
-0.856433
-0.894015
-0.920786
-0.937353
-0.945438
-0.946192
-0.941651
-0.9353
-0.925159
-0.915569
-0.903174
-0.888256
-0.870044
-0.848628
-0.825655
-0.801936
-0.780915
-0.760419
-0.744435
-0.734611
-0.729689
-0.727306
-0.726
-0.723606
-0.72007
-0.714163
-0.706866
-0.701895
-0.701166
-0.706188
-0.718144
-0.734331
-0.754476
-0.775932
-0.792753
-0.80415
-0.808813
-0.804881
-0.791469
-0.770585
-0.74419
-0.714053
-0.683618
-0.656149
-0.635678
-0.625283
-0.62976
-0.649125
-0.68332
-0.729238
-0.783915
-0.841412
-0.897099
-0.947645
-0.990032
-1.02281
-1.04414
-1.05376
-1.05156
-1.03759
-1.01386
-0.977184
-0.932431
-0.883985
-0.834481
-0.790074
-0.753054
-0.725291
-0.709884
-0.70603
-0.710178
-0.719642
-0.733836
-0.749024
-0.765889
-0.78223
-0.797192
-0.812097
-0.824478
-0.837323
-0.846991
-0.856443
-0.863699
-0.868244
-0.870108
-0.869018
-0.862555
-0.854
-0.843368
-0.828687
-0.810796
-0.790166
-0.768437
-0.742102
-0.71398
-0.684712
-0.654534
-0.62748
-0.605099
-0.587299
-0.57769
-0.573425
-0.576718
-0.583914
-0.595162
-0.607677
-0.618636
-0.626064
-0.626982
-0.619977
-0.609206
-0.5936
-0.576713
-0.562492
-0.556932
-0.559694
-0.574913
-0.598014
-0.628855
-0.663632
-0.701496
-0.736677
-0.766964
-0.791184
-0.809377
-0.817428
-0.814043
-0.800146
-0.774986
-0.737942
-0.690985
-0.635101
-0.569525
-0.500605
-0.431178
-0.362164
-0.301234
-0.249706
-0.212648
-0.191687
-0.190039
-0.205507
-0.235313
-0.279719
-0.33503
-0.396226
-0.462363
-0.530072
-0.597657
-0.658573
-0.712318
-0.758242
-0.794076
-0.821918
-0.838197
-0.844738
-0.842577
-0.835644
-0.825097
-0.813701
-0.804332
-0.800136
-0.805147
-0.818108
-0.839953
-0.869621
-0.905856
-0.94695
-0.987177
-1.02495
-1.05666
-1.08259
-1.10142
-1.11409
-1.12101
-1.12316
-1.12384
-1.12253
-1.1226
-1.12497
-1.13008
-1.13853
-1.14755
-1.15588
-1.16169
-1.16233
-1.15787
-1.14418
-1.12151
-1.08593
-1.04098
-0.988041
-0.926387
-0.860108
-0.792742
-0.727025
-0.665694
-0.612132
-0.567712
-0.534659
-0.51062
-0.493619
-0.483698
-0.476823
-0.47263
-0.471658
-0.471721
-0.470061
-0.469049
-0.472004
-0.474124
-0.475758
-0.480165
-0.483581
-0.48685
-0.490038
-0.491151
-0.492538
-0.489624
-0.486971
-0.48184
-0.476809
-0.471832
-0.466959
-0.46397
-0.464322
-0.466492
-0.474603
-0.490227
-0.514314
-0.545004
-0.579112
-0.617654
-0.655824
-0.693182
-0.726735
-0.75772
-0.787325
-0.814192
-0.840571
-0.867684
-0.894347
-0.919102
-0.941557
-0.961906
-0.978908
-0.992935
-1.00472
-1.01233
-1.01347
-1.01014
-1.00171
-0.988804
-0.967099
-0.940254
-0.908038
-0.873842
-0.841588
-0.812401
-0.786786
-0.767819
-0.755246
-0.747304
-0.746092
-0.748392
-0.75737
-0.77025
-0.785784
-0.802618
-0.818106
-0.829295
-0.835708
-0.837743
-0.837636
-0.83366
-0.831801
-0.832975
-0.838894
-0.849242
-0.864589
-0.880615
-0.895059
-0.906374
-0.91068
-0.908592
-0.899816
-0.8842
-0.860517
-0.834335
-0.810058
-0.790492
-0.778583
-0.77804
-0.783141
-0.794338
-0.799349
-0.791822
-0.769054
-0.729389
-0.675109
-0.61389
-0.553382
-0.50302
-0.472571
-0.458472
-0.45988
-0.478343
-0.506959
-0.54479
-0.586933
-0.631447
-0.675535
-0.71418
-0.747165
-0.766519
-0.776555
-0.77313
-0.760794
-0.744638
-0.729038
-0.717392
-0.709961
-0.703158
-0.696927
-0.692345
-0.687893
-0.684521
-0.678863
-0.674878
-0.669659
-0.664208
-0.654391
-0.641222
-0.623291
-0.602354
-0.581603
-0.559713
-0.543371
-0.533504
-0.5327
-0.540743
-0.556402
-0.579547
-0.608734
-0.638219
-0.670793
-0.70175
-0.734724
-0.770717
-0.808921
-0.847184
-0.886781
-0.925097
-0.96316
-0.995422
-1.02258
-1.04024
-1.04906
-1.04831
-1.03757
-1.01783
-0.992472
-0.961072
-0.925952
-0.892396
-0.862577
-0.840814
-0.827065
-0.827759
-0.836997
-0.857773
-0.887823
-0.922985
-0.961862
-1.00145
-1.03507
-1.06302
-1.08243
-1.09218
-1.09052
-1.07912
-1.05824
-1.02921
-0.995369
-0.959056
-0.924295
-0.895519
-0.873621
-0.860244
-0.853721
-0.851767
-0.848277
-0.838708
-0.821008
-0.789924
-0.747712
-0.696277
-0.638061
-0.582059
-0.532092
-0.488059
-0.452402
-0.424069
-0.399497
-0.378219
-0.361065
-0.346339
-0.330496
-0.312268
-0.28801
-0.259144
-0.223066
-0.187739
-0.157526
-0.136289
-0.125251
-0.126131
-0.136663
-0.154856
-0.173962
-0.189389
-0.201095
-0.207917
-0.211013
-0.212103
-0.219053
-0.23244
-0.254601
-0.289686
-0.335468
-0.391559
-0.457617
-0.529213
-0.606343
-0.685555
-0.761913
-0.83457
-0.900022
-0.952811
-0.993752
-1.01894
-1.02834
-1.02278
-1.003
-0.97394
-0.934421
-0.892982
-0.85073
-0.811334
-0.777108
-0.749864
-0.729761
-0.712035
-0.696434
-0.681074
-0.664165
-0.647226
-0.626284
-0.604775
-0.584381
-0.56872
-0.558074
-0.553155
-0.555887
-0.567655
-0.585903
-0.610093
-0.638869
-0.671471
-0.706642
-0.745674
-0.787023
-0.830513
-0.875881
-0.924818
-0.975151
-1.02452
-1.06879
-1.10647
-1.13322
-1.14949
-1.15276
-1.14697
-1.1317
-1.11013
-1.08151
-1.05255
-1.02203
-0.991612
-0.963305
-0.939656
-0.920188
-0.906578
-0.895902
-0.887508
-0.879645
-0.87121
-0.859364
-0.84599
-0.829219
-0.817409
-0.810597
-0.816895
-0.835106
-0.864788
-0.900108
-0.935697
-0.965627
-0.98818
-1.00435
-1.0152
-1.02056
-1.02223
-1.023
-1.02469
-1.02882
-1.03546
-1.04187
-1.04751
-1.05258
-1.05353
-1.04859
-1.03666
-1.01689
-0.986067
-0.945616
-0.896636
-0.841283
-0.780238
-0.718736
-0.665326
-0.624992
-0.601539
-0.596876
-0.612595
-0.642223
-0.680279
-0.723608
-0.765344
-0.801645
-0.832904
-0.858159
-0.878251
-0.8956
-0.91316
-0.933914
-0.95285
-0.97133
-0.98758
-0.999011
-1.00598
-1.0064
-1.0012
-0.991344
-0.975704
-0.957281
-0.935415
-0.909746
-0.88086
-0.847973
-0.812691
-0.779603
-0.749701
-0.72798
-0.718081
-0.719443
-0.733422
-0.757948
-0.788595
-0.823188
-0.857601
-0.886172
-0.906926
-0.917791
-0.917864
-0.904757
-0.883319
-0.853179
-0.819037
-0.781797
-0.745292
-0.708824
-0.672015
-0.636733
-0.598827
-0.557105
-0.510059
-0.45725
-0.401168
-0.341797
-0.284855
-0.231717
-0.188139
-0.154543
-0.132043
-0.121358
-0.120623
-0.132579
-0.158822
-0.197546
-0.2499
-0.313727
-0.388856
-0.46751
-0.546773
-0.619671
-0.281134
-0.308199
-0.293249
-0.238518
-0.150712
-0.0348705
0.102661
0.255839
0.414651
0.573238
0.722696
0.852034
0.952249
1.01892
1.05309
1.06193
1.05547
1.0441
1.04479
1.05794
1.0872
1.13067
1.18235
1.23272
1.26969
1.27995
1.25598
1.19747
1.11533
1.02178
0.932967
0.859074
0.807864
0.785437
0.793075
0.82734
0.88464
0.957586
1.03639
1.10967
1.17012
1.20969
1.22827
1.22613
1.20629
1.17361
1.13602
1.10145
1.07429
1.06226
1.06489
1.07751
1.09102
1.09654
1.09206
1.07997
1.06018
1.03349
1.00361
0.967063
0.927834
0.891311
0.860371
0.834339
0.815696
0.803889
0.798497
0.805106
0.823518
0.857496
0.909441
0.977238
1.05389
1.12481
1.18111
1.21144
1.22172
1.21458
1.19863
1.18344
1.17235
1.16994
1.18003
1.20237
1.2403
1.29609
1.36763
1.44839
1.52547
1.5898
1.62347
1.61735
1.56677
1.48011
1.37399
1.26328
1.16615
1.09773
1.05556
1.03817
1.04376
1.06146
1.08109
1.09326
1.08489
1.05532
0.999983
0.930825
0.853587
0.778442
0.714225
0.671661
0.653625
0.662305
0.694749
0.746144
0.80852
0.870472
0.929554
0.980425
1.01999
1.05011
1.07209
1.08952
1.10365
1.11718
1.12953
1.14222
1.15349
1.1616
1.16345
1.15827
1.13875
1.10884
1.07062
1.03162
0.995791
0.968959
0.952684
0.9452
0.947901
0.957037
0.972232
0.993039
1.01308
1.03225
1.04386
1.04272
1.02727
1.00011
0.963051
0.916623
0.86867
0.824828
0.790781
0.777006
0.790781
0.835486
0.90467
0.987906
1.06734
1.1291
1.16076
1.16757
1.16078
1.1557
1.16451
1.19756
1.25258
1.32464
1.4104
1.50062
1.58561
1.65552
1.70295
1.72484
1.72014
1.69057
1.64308
1.58151
1.51371
1.44427
1.38205
1.33442
1.30068
1.28186
1.27539
1.27565
1.27817
1.27764
1.27013
1.25515
1.23482
1.21369
1.19377
1.17682
1.16639
1.15768
1.15217
1.14552
1.13876
1.12949
1.11754
1.10421
1.0903
1.07957
1.07777
1.08091
1.08754
1.09233
1.08852
1.07341
1.04873
1.02333
1.0036
0.99835
1.01005
1.0403
1.08313
1.13387
1.1811
1.21768
1.23532
1.22956
1.1934
1.13639
1.05816
0.971049
0.881165
0.798826
0.73141
0.682674
0.654562
0.650854
0.667646
0.698125
0.741399
0.791222
0.839771
0.878988
0.902742
0.901732
0.872618
0.816422
0.7415
0.659849
0.58522
0.531578
0.501082
0.491617
0.495088
0.502911
0.505355
0.492136
0.464324
0.421743
0.373104
0.33148
0.306789
0.304195
0.329141
0.377259
0.443875
0.517975
0.592117
0.656628
0.707068
0.743029
0.768226
0.784467
0.79669
0.803112
0.806109
0.806188
0.810582
0.82992
0.873381
0.9454
1.04225
1.15862
1.28219
1.3956
1.48947
1.55262
1.57821
1.56526
1.51926
1.44693
1.35525
1.26243
1.18086
1.11694
1.07431
1.05258
1.05209
1.06992
1.0976
1.13676
1.17833
1.21963
1.25195
1.27354
1.28012
1.27512
1.26152
1.24118
1.21742
1.19176
1.16938
1.15223
1.14514
1.15124
1.17705
1.22059
1.28015
1.35248
1.43729
1.52898
1.62542
1.72189
1.8129
1.89304
1.95349
1.98792
1.99335
1.96989
1.92263
1.85959
1.78497
1.70652
1.63492
1.5755
1.53375
1.51353
1.51173
1.52413
1.54481
1.56731
1.57941
1.57825
1.56238
1.53311
1.49544
1.44943
1.40487
1.36587
1.3396
1.32767
1.33088
1.34877
1.37883
1.41213
1.44626
1.47477
1.49494
1.50463
1.50403
1.49151
1.46935
1.4426
1.41575
1.39199
1.37255
1.35763
1.34722
1.33479
1.32425
1.3132
1.30429
1.30051
1.30746
1.32951
1.36618
1.41977
1.48197
1.54894
1.60904
1.65497
1.68333
1.68929
1.66676
1.61577
1.53777
1.44419
1.34802
1.25552
1.18223
1.12736
1.09009
1.06799
1.05532
1.04696
1.03484
1.01536
0.989157
0.952185
0.909097
0.864378
0.822828
0.78968
0.767926
0.759229
0.764117
0.780758
0.804407
0.827872
0.852613
0.87646
0.905967
0.93801
0.973889
1.0105
1.04674
1.08185
1.1145
1.14673
1.17191
1.19201
1.21001
1.22383
1.24023
1.26133
1.28371
1.30854
1.33131
1.34903
1.35843
1.35989
1.35178
1.34087
1.33009
1.32087
1.31665
1.3147
1.30757
1.28576
1.23968
1.16869
1.07764
0.973008
0.866521
0.766655
0.67952
0.60718
0.555332
0.522048
0.505422
0.504341
0.518932
0.545379
0.580369
0.621709
0.667047
0.707586
0.738813
0.758664
0.76271
0.759382
0.747757
0.730115
0.712489
0.700215
0.693632
0.694662
0.704082
0.716659
0.733388
0.754324
0.779978
0.810481
0.844785
0.883874
0.925223
0.968275
1.01594
1.0687
1.12482
1.18256
1.24146
1.2994
1.35493
1.41286
1.47362
1.5366
1.60003
1.66174
1.71706
1.76131
1.78872
1.79353
1.77428
1.7317
1.67311
1.60505
1.54119
1.48834
1.45178
1.43049
1.41779
1.40255
1.38093
1.3541
1.33083
1.32355
1.33843
1.37441
1.42209
1.46977
1.49974
1.50491
1.48581
1.45876
1.4347
1.42399
1.42797
1.44048
1.45042
1.45557
1.45068
1.43467
1.40859
1.38219
1.35415
1.3297
1.31157
1.29503
1.28024
1.2676
1.25519
1.24444
1.23344
1.22153
1.20926
1.19854
1.19528
1.19283
1.18686
1.17246
1.14613
1.11147
1.0681
1.01995
0.970948
0.921827
0.875346
0.833349
0.797786
0.77188
0.755018
0.744213
0.737849
0.732859
0.727617
0.721419
0.713645
0.708002
0.702151
0.700279
0.700607
0.707955
0.723969
0.753159
0.799823
0.86825
0.956614
1.06427
1.18334
1.30721
1.42154
1.51513
1.58156
1.6147
1.61668
1.59226
1.55132
1.49944
1.44646
1.39576
1.35048
1.31243
1.28393
1.26559
1.25886
1.26512
1.28319
1.30912
1.3445
1.38242
1.41711
1.45039
1.4752
1.48796
1.48854
1.47173
1.44303
1.40049
1.35058
1.30145
1.25894
1.22745
1.20588
1.19164
1.17768
1.16318
1.14808
1.13927
1.13668
1.14043
1.14748
1.15548
1.16331
1.17404
1.18716
1.20223
1.22181
1.24751
1.2732
1.29572
1.30804
1.30576
1.28203
1.23729
1.17848
1.11368
1.0518
0.999792
0.962904
0.940481
0.929424
0.921048
0.909363
0.889614
0.862604
0.829786
0.797572
0.775708
0.771003
0.785969
0.821791
0.870748
0.929286
0.983545
1.02757
1.05245
1.058
1.04969
1.03429
1.01847
1.00619
1.0034
1.00746
1.01998
1.0347
1.0543
1.07881
1.11419
1.15842
1.21487
1.2779
1.34156
1.4017
1.44341
1.46233
1.44948
1.41135
1.35481
1.29
1.22924
1.17823
1.13933
1.10985
1.08673
1.0642
1.03922
1.0117
0.982553
0.958114
0.945929
0.947687
0.966763
1.00205
1.04936
1.10668
1.16205
1.21307
1.24919
1.27279
1.28344
1.28291
1.27473
1.25983
1.2417
1.21808
1.19046
1.15719
1.11902
1.0745
1.02172
0.969289
0.921373
0.878601
0.845104
0.821527
0.810846
0.805666
0.802733
0.795641
0.779174
0.754298
0.721689
0.685604
0.654039
0.625437
0.605264
0.589176
0.576777
0.565619
0.561106
0.560255
0.566747
0.584763
0.606361
0.632477
0.660456
0.683658
0.699809
0.709164
0.717847
0.7309
0.750934
0.782857
0.830951
0.889338
0.962821
1.04651
1.13654
1.22829
1.31576
1.39345
1.45761
1.50249
1.52491
1.51961
1.48535
1.42547
1.3457
1.25837
1.17384
1.10239
1.05302
1.03028
1.03595
1.06666
1.1155
1.17634
1.23623
1.28551
1.31676
1.32914
1.3197
1.29219
1.2537
1.20887
1.16815
1.13007
1.09784
1.06675
1.03415
1.00622
0.982487
0.96948
0.972047
0.990558
1.02326
1.06099
1.10131
1.13942
1.17628
1.20918
1.2419
1.26957
1.29898
1.3255
1.34964
1.37113
1.39046
1.40699
1.42548
1.45096
1.48168
1.52188
1.57089
1.62636
1.68218
1.72759
1.75333
1.75114
1.71903
1.65998
1.58978
1.52045
1.45962
1.41274
1.38354
1.36647
1.36117
1.36045
1.35701
1.3485
1.32492
1.2851
1.22341
1.14332
1.05301
0.96012
0.875637
0.809201
0.763043
0.740216
0.735992
0.745923
0.761811
0.774501
0.778019
0.761835
0.722768
0.65882
0.573839
0.475546
0.374845
0.287076
0.224592
0.192505
0.196507
0.232206
0.296009
0.378403
0.465263
0.553403
0.631876
0.694522
0.733488
0.753309
0.755211
0.744619
0.730158
0.71769
0.713866
0.720437
0.732319
0.741945
0.74849
0.743262
0.725349
0.69451
0.646644
0.589482
0.526074
0.465957
0.413254
0.37752
0.35885
0.35904
0.373889
0.403556
0.440774
0.481744
0.52169
0.560108
0.597012
0.635313
0.677319
0.720881
0.763209
0.802054
0.830887
0.84908
0.857616
0.860678
0.864411
0.871868
0.88158
0.894192
0.904506
0.908424
0.903308
0.887584
0.864874
0.838032
0.812975
0.794905
0.783329
0.782203
0.78974
0.804562
0.822793
0.844288
0.872031
0.901708
0.937134
0.977371
1.02182
1.06625
1.10723
1.13919
1.15699
1.16247
1.15711
1.14531
1.12694
1.1058
1.08228
1.05607
1.02437
0.985605
0.941023
0.890814
0.840312
0.793577
0.757455
0.739718
0.740421
0.762115
0.80561
0.864602
0.931488
1.00517
1.08083
1.15783
1.23693
1.31342
1.38673
1.45009
1.50013
1.53275
1.54428
1.54057
1.52665
1.5087
1.49374
1.49028
1.49679
1.51305
1.54097
1.57198
1.60229
1.62628
1.63927
1.63804
1.6193
1.5842
1.53178
1.47083
1.4024
1.3303
1.25957
1.19279
1.13285
1.08273
1.04352
1.01567
1.00125
0.997581
1.00618
1.02319
1.04781
1.07561
1.10588
1.13493
1.1635
1.19069
1.21907
1.24812
1.27986
1.31574
1.35639
1.40318
1.44927
1.49002
1.50925
1.49733
1.45352
1.38487
1.30563
1.22943
1.16477
1.11653
1.08557
1.06928
1.06269
1.0628
1.0682
1.07667
1.08854
1.10516
1.12831
1.15779
1.19464
1.23439
1.26994
1.53681
1.57605
1.60811
1.62448
1.62645
1.61524
1.59567
1.57703
1.56607
1.56772
1.58259
1.6099
1.64463
1.68426
1.71822
1.74224
1.75069
1.74263
1.7155
1.66895
1.60871
1.54449
1.48837
1.44889
1.43621
1.45275
1.49832
1.56875
1.65667
1.74877
1.8396
1.91381
1.96202
1.98113
1.96663
1.92749
1.86684
1.80304
1.74159
1.68365
1.63031
1.57881
1.53121
1.4849
1.44234
1.40506
1.37315
1.35636
1.35675
1.38015
1.42278
1.48715
1.5664
1.65275
1.73369
1.79382
1.8213
1.81205
1.77334
1.71118
1.63919
1.57217
1.5202
1.49502
1.50145
1.54345
1.61837
1.71941
1.83678
1.96015
2.07624
2.16984
2.22817
2.25341
2.24579
2.21598
2.17181
2.12444
2.08579
2.06377
2.06177
2.07528
2.09717
2.11485
2.11655
2.0995
2.06868
2.02822
1.99085
1.96065
1.94591
1.95022
1.9699
1.99689
2.02084
2.03327
2.03837
2.0364
2.03015
2.02232
2.01033
2.0006
1.99568
2.00327
2.0276
2.07444
2.13881
2.2114
2.2791
2.33022
2.35804
2.36095
2.34634
2.32016
2.28349
2.24288
2.19572
2.13805
2.0644
1.97342
1.86243
1.73505
1.59838
1.45924
1.32963
1.21205
1.11306
1.03487
0.978216
0.9416
0.922207
0.919509
0.933094
0.961344
1.01029
1.08148
1.17754
1.29167
1.41314
1.5285
1.62756
1.69902
1.74421
1.77688
1.80864
1.8529
1.91266
1.9822
2.04798
2.09197
2.10538
2.08012
2.02625
1.95224
1.86922
1.7873
1.71157
1.64081
1.57599
1.51463
1.46364
1.42865
1.41532
1.43287
1.47969
1.54843
1.62918
1.70937
1.7725
1.81158
1.82425
1.81816
1.79961
1.77976
1.7657
1.75623
1.7487
1.73625
1.71308
1.67964
1.64175
1.6082
1.58885
1.59148
1.61544
1.65561
1.70408
1.75399
1.79492
1.82138
1.82569
1.80203
1.7502
1.6722
1.5784
1.48217
1.40123
1.34792
1.32821
1.34264
1.38865
1.45666
1.53906
1.62866
1.72033
1.80292
1.87398
1.92676
1.96141
1.97303
1.96486
1.94215
1.90924
1.86981
1.82803
1.78691
1.75147
1.723
1.70647
1.70545
1.71561
1.73845
1.76859
1.79877
1.82979
1.85506
1.87771
1.90093
1.92456
1.94214
1.94718
1.93061
1.89858
1.86287
1.83535
1.82687
1.8394
1.87193
1.91682
1.96358
2.00461
2.03523
2.04423
2.03532
2.00647
1.95353
1.88388
1.80884
1.73923
1.68391
1.6452
1.6253
1.62474
1.63944
1.66662
1.69892
1.73432
1.76679
1.80219
1.84211
1.89357
1.95982
2.04313
2.14606
2.26191
2.38336
2.49905
2.59879
2.67794
2.73218
2.75681
2.74983
2.70799
2.63382
2.52879
2.40506
2.27172
2.13966
2.01937
1.91607
1.83797
1.78702
1.75735
1.74574
1.74113
1.73492
1.72385
1.70644
1.68886
1.67935
1.6842
1.71089
1.75719
1.82375
1.9031
1.98597
2.06398
2.12662
2.17164
2.19647
2.20095
2.19192
2.16826
2.13338
2.0865
2.03238
1.98266
1.94534
1.93098
1.94029
1.97664
2.03273
2.10371
2.17677
2.24179
2.2853
2.29592
2.27538
2.23418
2.18261
2.12908
2.0738
2.01991
1.97289
1.93437
1.90446
1.88217
1.86465
1.85238
1.84644
1.85445
1.87968
1.91649
1.96229
2.01812
2.08179
2.15436
2.23167
2.31203
2.38185
2.43635
2.46847
2.48065
2.47606
2.463
2.45061
2.44234
2.43632
2.43003
2.42334
2.41118
2.38825
2.34904
2.2862
2.20196
2.10112
1.99685
1.89965
1.81898
1.75986
1.7161
1.68903
1.67848
1.68614
1.71028
1.75006
1.79253
1.83001
1.85763
1.87173
1.87157
1.86389
1.85367
1.85222
1.86338
1.8912
1.93439
1.97974
2.00947
2.01454
1.99224
1.9554
1.91484
1.8796
1.8535
1.83254
1.81318
1.79457
1.77455
1.74728
1.7085
1.65798
1.60095
1.54307
1.49411
1.45847
1.43893
1.43396
1.43966
1.45387
1.47252
1.49126
1.51241
1.53784
1.56912
1.60803
1.64881
1.68614
1.71454
1.73053
1.73442
1.73328
1.73777
1.75692
1.79642
1.85845
1.94151
2.03783
2.13379
2.2116
2.25502
2.25642
2.21922
2.15955
2.08566
2.00977
1.93833
1.87893
1.82928
1.79269
1.76963
1.756
1.74187
1.72811
1.70943
1.68319
1.66231
1.64736
1.64416
1.65007
1.66087
1.66766
1.66838
1.6611
1.64731
1.63408
1.62637
1.62855
1.64591
1.67324
1.70994
1.75572
1.80319
1.85233
1.90507
1.95783
2.01473
2.07739
2.14951
2.23066
2.31714
2.4041
2.48015
2.53582
2.56847
2.58312
2.58477
2.58798
2.59384
2.60476
2.61483
2.61309
2.59202
2.54386
2.46622
2.36837
2.25938
2.1511
2.0494
1.95823
1.8776
1.80335
1.73395
1.66244
1.58888
1.51755
1.45409
1.40727
1.38074
1.38199
1.40984
1.45941
1.52756
1.60812
1.69131
1.76769
1.82286
1.84828
1.83718
1.79249
1.71976
1.63562
1.55107
1.48067
1.43235
1.40665
1.40705
1.42697
1.45832
1.49349
1.52989
1.56561
1.6002
1.62966
1.65885
1.68265
1.69762
1.697
1.68115
1.65116
1.61666
1.59187
1.58402
1.5993
1.63811
1.69502
1.76297
1.83344
1.90067
1.96233
2.02211
2.08179
2.13946
2.18378
2.2024
2.18752
2.12924
2.03685
1.9243
1.81212
1.71155
1.63687
1.58793
1.56816
1.5775
1.61022
1.6648
1.73178
1.80893
1.88
1.92975
1.94649
1.93375
1.9019
1.86836
1.84549
1.83831
1.84698
1.86844
1.90035
1.9368
1.9768
2.01857
2.05911
2.09681
2.12526
2.14128
2.14265
2.12297
2.08123
2.01824
1.93709
1.84158
1.73822
1.63596
1.54375
1.4699
1.41959
1.39457
1.39156
1.40638
1.43326
1.46584
1.49553
1.52324
1.54976
1.58131
1.61795
1.66561
1.72576
1.80206
1.89302
1.99358
2.0962
2.18878
2.26106
2.30638
2.32096
2.30001
2.2418
2.15837
2.06783
1.99495
1.94722
1.92588
1.92598
1.94174
1.96811
2.00154
2.03702
2.06689
2.09337
2.11744
2.14052
2.16216
2.18203
2.19513
2.20913
2.22715
2.25877
2.30488
2.37314
2.46656
2.57935
2.69589
2.79625
2.85834
2.86874
2.82783
2.74318
2.63366
2.51538
2.39891
2.29631
2.21223
2.14864
2.10926
2.09041
2.08522
2.08331
2.07338
2.04761
2.00546
1.952
1.89511
1.83901
1.79385
1.7622
1.74802
1.75139
1.77488
1.81962
1.87648
1.9376
1.99351
2.03398
2.0514
2.04218
2.00846
1.95092
1.8703
1.77405
1.66603
1.55725
1.45502
1.37011
1.30579
1.26841
1.26142
1.28452
1.33247
1.40157
1.48158
1.56833
1.65818
1.73954
1.81357
1.87573
1.92387
1.96218
1.99746
2.03765
2.09131
2.15366
2.22701
2.30086
2.36918
2.42473
2.46529
2.49121
2.50032
2.49252
2.46815
2.4198
2.34781
2.25464
2.14491
2.02767
1.91574
1.81439
1.73361
1.67215
1.63343
1.61954
1.63544
1.67813
1.74256
1.82135
1.90454
1.98083
2.03921
2.07626
2.08947
2.09184
2.09759
2.11537
2.1386
2.15551
2.14357
2.09763
2.01097
1.88385
1.72883
1.55931
1.39311
1.24418
1.12125
1.02921
0.971267
0.945599
0.952655
0.989835
1.05234
1.1316
1.22179
1.31766
1.41425
1.51501
1.60827
1.69197
1.7566
1.79822
1.81347
1.80985
1.80089
1.80462
1.82523
1.85949
1.90249
1.94042
1.96593
1.96384
1.9312
1.86392
1.76979
1.65868
1.54359
1.43875
1.35492
1.29664
1.26412
1.25629
1.26984
1.29781
1.33774
1.38382
1.43291
1.47948
1.52532
1.5683
1.60569
1.63271
1.64937
1.65253
1.64338
1.63088
1.61899
1.6187
1.6253
1.6343
1.63471
1.62589
1.61043
1.59592
1.58721
1.59077
1.6099
1.64678
1.70368
1.7762
1.8581
1.94015
2.01027
2.05589
2.07339
2.05998
2.01618
1.9454
1.85286
1.74698
1.64179
1.54812
1.47314
1.41932
1.38948
1.3792
1.38262
1.40348
1.44735
1.51758
1.61294
1.7271
1.84625
1.95723
2.04709
2.11183
2.15212
2.17501
2.18907
2.19847
2.20366
2.19892
2.17783
2.13776
2.07394
1.99148
1.89162
1.78544
1.68545
1.59877
1.53395
1.49619
1.487
1.49915
1.52181
1.5474
1.56659
1.57675
1.58915
1.60384
1.63054
1.66883
1.71696
1.76613
1.80698
1.83135
1.84062
1.84214
1.84242
1.84755
1.85447
1.86733
1.88452
1.91084
1.94828
1.99968
2.062
2.13037
2.19519
2.24573
2.26849
2.26055
2.22284
2.16247
2.08205
1.99395
1.90417
1.82032
1.7454
1.67986
1.62318
1.57489
1.52879
1.48268
1.43466
1.38307
1.32825
1.2755
1.23066
1.20451
1.20382
1.23277
1.28878
1.36888
1.45885
1.54545
1.62054
1.68585
1.74105
1.7955
1.85626
1.92338
1.99693
2.07132
2.13982
2.18775
2.21067
2.2016
2.16535
2.10955
2.0447
1.98172
1.92767
1.88307
1.8555
1.84491
1.8499
1.86521
1.88942
1.92123
1.95706
1.9992
2.04335
2.08558
2.11627
2.12856
2.11886
2.09451
2.05658
2.01508
1.9763
1.94448
1.92165
1.9131
1.91376
1.92253
1.93589
1.95093
1.95996
1.96258
1.96093
1.95999
1.96571
1.988
2.03595
2.11033
2.20464
2.31212
2.41781
2.5074
2.57446
2.61488
2.62723
2.61119
2.56847
2.49673
2.39872
2.27991
2.14559
2.00646
1.86876
1.73783
1.62179
1.52493
1.45325
1.40694
1.38809
1.3923
1.41538
1.45074
1.49118
1.5255
1.5414
1.53549
1.51276
1.47862
1.44695
1.41818
1.39675
1.38664
1.39345
1.41675
1.45718
1.5181
1.59283
1.67681
1.76873
1.85747
1.93735
1.99715
2.02903
2.03047
2.00541
1.95896
1.90155
1.83736
1.77575
1.72071
1.67286
1.63789
1.62069
1.62637
1.65305
1.70836
1.78256
1.86912
1.96162
2.04746
2.11705
2.16465
2.28517
2.29793
2.3014
2.30357
2.30887
2.31862
2.33254
2.34073
2.34219
2.33078
2.31119
2.28727
2.26324
2.23547
2.19066
2.11858
2.00904
1.86787
1.72102
1.59218
1.49794
1.44628
1.43326
1.44921
1.48558
1.53279
1.5922
1.66497
1.75691
1.86613
1.98001
2.08161
2.15768
2.19727
2.19589
2.16063
2.09785
2.01312
1.91988
1.82443
1.73809
1.66463
1.61209
1.58114
1.56914
1.57785
1.60477
1.64622
1.70023
1.76562
1.83826
1.92062
2.00145
2.07266
2.12644
2.15633
2.1609
2.14562
2.11876
2.08927
2.06519
2.04808
2.04503
2.05183
2.06336
2.07642
2.08765
2.10358
2.12663
2.16316
2.21684
2.28175
2.35286
2.41906
2.47152
2.51015
2.53533
2.55087
2.55993
2.56382
2.56196
2.54529
2.50918
2.44479
2.3576
2.25754
2.15831
2.07237
2.00853
1.97427
1.97232
2.00026
2.05857
2.13118
2.2093
2.28099
2.33265
2.36139
2.36581
2.34621
2.30619
2.25559
2.20457
2.15616
2.11749
2.09265
2.07885
2.0725
2.07848
2.10072
2.13793
2.18931
2.25073
2.31117
2.3625
2.39637
2.40973
2.40668
2.39395
2.38163
2.37015
2.36099
2.35108
2.33526
2.31382
2.28889
2.26587
2.25231
2.24963
2.25922
2.27978
2.30531
2.33726
2.37703
2.4279
2.49307
2.57934
2.6819
2.79253
2.90092
2.99227
3.05106
3.06826
3.04016
2.96529
2.84993
2.70695
2.55233
2.39995
2.26573
2.16183
2.09296
2.05987
2.05983
2.09024
2.14393
2.21352
2.29056
2.36016
2.40775
2.42245
2.40354
2.35467
2.28533
2.20771
2.13598
2.08049
2.04986
2.04756
2.06771
2.10819
2.1589
2.21272
2.26462
2.30843
2.34594
2.37328
2.38599
2.38283
2.36016
2.31683
2.25709
2.19084
2.12615
2.06918
2.03203
2.02023
2.03881
2.08984
2.17864
2.29858
2.43433
2.56525
2.67755
2.75569
2.80493
2.82863
2.82538
2.79821
2.74489
2.67079
2.58546
2.4917
2.39854
2.30716
2.22116
2.14372
2.07633
2.01694
1.95818
1.89665
1.83421
1.77445
1.72619
1.69452
1.68602
1.69907
1.73071
1.78118
1.84677
1.9303
2.02866
2.13776
2.24664
2.34194
2.4187
2.47271
2.50156
2.50323
2.47305
2.41309
2.33202
2.23768
2.14015
2.04907
1.96483
1.89398
1.83515
1.79134
1.76326
1.75151
1.7575
1.78257
1.81973
1.86697
1.91961
1.97278
2.01429
2.04272
2.05345
2.05547
2.05222
2.05563
2.07512
2.113
2.16277
2.21709
2.26792
2.3055
2.33047
2.34624
2.35317
2.34583
2.31352
2.25775
2.18962
2.12207
2.07358
2.05325
2.06673
2.1164
2.19932
2.31038
2.44198
2.58351
2.71889
2.83172
2.90389
2.92293
2.88637
2.80001
2.68015
2.54739
2.42087
2.3067
2.20824
2.12456
2.05624
2.00264
1.95989
1.92001
1.87117
1.81044
1.73848
1.66598
1.60892
1.58585
1.60308
1.66327
1.75714
1.87242
1.99146
2.10355
2.20092
2.27557
2.32848
2.35756
2.36865
2.36474
2.35178
2.33856
2.3238
2.30965
2.29529
2.28642
2.28353
2.28655
2.29649
2.31378
2.33237
2.35557
2.38202
2.41203
2.445
2.48004
2.51574
2.55049
2.5844
2.61545
2.64484
2.67289
2.69751
2.72414
2.75062
2.77205
2.7816
2.7713
2.73857
2.6896
2.63249
2.57513
2.52056
2.46982
2.41749
2.36188
2.31148
2.27366
2.25626
2.25821
2.27165
2.29184
2.30299
2.29603
2.26945
2.219
2.15491
2.08431
2.02131
1.97702
1.95914
1.97227
2.00866
2.05922
2.11852
2.17358
2.21901
2.24952
2.2614
2.25359
2.23129
2.19668
2.16077
2.1326
2.12179
2.13482
2.17709
2.23989
2.31142
2.38209
2.44202
2.48439
2.51827
2.53803
2.54156
2.52625
2.49149
2.44582
2.39953
2.3682
2.36125
2.38517
2.43064
2.49522
2.57042
2.65111
2.72628
2.78769
2.83035
2.85104
2.85154
2.8268
2.77968
2.70923
2.62677
2.54052
2.46705
2.42228
2.41087
2.42757
2.45974
2.49599
2.52997
2.56071
2.585
2.6027
2.61453
2.61264
2.58929
2.54799
2.49788
2.45222
2.43208
2.4408
2.47823
2.53114
2.57716
2.59442
2.56909
2.50492
2.42969
2.36513
2.32457
2.31021
2.30638
2.29463
2.26264
2.20752
2.13954
2.06788
2.00376
1.95609
1.93705
1.94953
1.99909
2.08127
2.18612
2.29988
2.4032
2.47408
2.50157
2.49556
2.46352
2.41553
2.35896
2.29771
2.23222
2.16503
2.10612
2.06437
2.04405
2.04731
2.06881
2.09934
2.1301
2.1549
2.17399
2.18717
2.19884
2.21017
2.21961
2.22493
2.23233
2.24214
2.25911
2.28996
2.3422
2.40906
2.49389
2.58493
2.67475
2.75165
2.81046
2.8447
2.85522
2.84648
2.82198
2.79281
2.76061
2.72782
2.69038
2.64078
2.57454
2.49211
2.40509
2.32505
2.26239
2.22069
2.19578
2.17636
2.15621
2.12985
2.10124
2.08137
2.07096
2.07955
2.10465
2.1403
2.17852
2.21256
2.23997
2.25613
2.26409
2.2659
2.26272
2.26485
2.27011
2.28571
2.31316
2.35535
2.40825
2.46668
2.52609
2.58079
2.62643
2.65686
2.6651
2.64317
2.59467
2.5204
2.42958
2.33618
2.25287
2.19607
2.17437
2.18466
2.21515
2.24824
2.26528
2.25235
2.2077
2.13686
2.05441
1.97134
1.90484
1.86102
1.84322
1.85195
1.88183
1.92576
1.98113
2.0405
2.09904
2.14415
2.1668
2.16285
2.13811
2.10602
2.08601
2.08881
2.11642
2.15146
2.18078
2.18901
2.1731
2.1433
2.11688
2.10167
2.1051
2.12435
2.15596
2.18796
2.20938
2.21237
2.19225
2.14989
2.0916
2.0288
1.9687
1.92161
1.88474
1.86701
1.86504
1.88029
1.90995
1.94981
2.00054
2.06772
2.15351
2.25436
2.37204
2.50796
2.66093
2.81124
2.94087
3.03196
3.07982
3.08701
3.06604
3.02253
2.95944
2.87796
2.78014
2.66838
2.55403
2.45128
2.36638
2.30614
2.27175
2.25751
2.25672
2.26605
2.2796
2.29405
2.30806
2.31824
2.32692
2.32917
2.32754
2.32442
2.32173
2.3223
2.33359
2.34584
2.3634
2.38412
2.41157
2.44867
2.49413
2.53301
2.55302
2.53743
2.48404
2.40138
2.30282
2.19928
2.1024
2.01773
1.94375
1.87754
1.81484
1.76148
1.71356
1.67786
1.64691
1.61394
1.5743
1.52312
1.47593
1.44031
1.43225
1.45738
1.51881
1.61114
1.71951
1.82658
1.91306
1.96783
1.99364
1.99959
1.99631
1.98935
1.98379
1.97812
1.97039
1.95036
1.91278
1.85916
1.80098
1.7496
1.72319
1.73572
1.79095
1.89193
2.02852
2.19521
2.37116
2.53438
2.65909
2.73164
2.74157
2.69127
2.59834
2.47778
2.3444
2.20816
2.08034
1.96784
1.8784
1.81382
1.77563
1.76391
1.77378
1.80492
1.84995
1.90394
1.96642
2.03785
2.12283
2.22435
2.34027
2.4677
2.59645
2.71217
2.79827
2.84502
2.85182
2.82802
2.79305
2.76329
2.75788
2.78577
2.84509
2.91427
2.97066
2.9943
2.98083
2.94251
2.88393
2.81084
2.72546
2.64214
2.57272
2.52785
2.51292
2.52325
2.54519
2.56185
2.55781
2.51786
2.44015
2.32949
2.19812
2.06298
1.9367
1.82309
1.73122
1.66035
1.61345
1.59045
1.59075
1.61584
1.65855
1.71198
1.76737
1.8242
1.87473
1.92087
1.96226
1.99921
2.03625
2.07933
2.12369
2.17576
2.23224
2.29106
2.35029
2.40632
2.45946
2.50634
2.54993
2.59561
2.64791
2.70114
2.75619
2.79894
2.8223
2.81698
2.78872
2.74375
2.69581
2.65644
2.62812
2.61284
2.6049
2.60588
2.60989
2.61436
2.61462
2.60816
2.59854
2.58772
2.5818
2.58374
2.58971
2.59647
2.60194
2.60307
2.59221
2.5711
2.54311
2.51251
2.48499
2.45992
2.43833
2.42093
2.41015
2.40358
2.40241
2.39913
2.39005
2.37348
2.35022
2.3217
2.29523
2.26871
2.24721
2.23104
2.21977
2.21512
2.22117
2.23484
2.25514
2.2751
2.28761
2.28858
2.28116
2.27159
2.26802
2.28019
2.31011
2.35837
2.41943
2.48108
2.53891
2.5878
2.62862
2.66353
2.69729
2.72947
2.75737
2.77424
2.77179
2.74986
2.71149
2.65982
2.60403
2.55309
2.5158
2.50695
2.5329
2.59529
2.69136
2.81209
2.9449
3.07419
3.17646
3.23932
3.25251
3.21866
3.14756
3.05382
2.95188
2.85113
2.76232
2.68696
2.62883
2.58322
2.54456
2.51047
2.4773
2.44599
2.41896
2.39684
2.38641
2.38596
2.39733
2.41168
2.42042
2.41771
2.39987
2.37721
2.35157
2.33032
2.31431
2.30905
2.32103
2.34741
2.38828
2.43422
2.47852
2.51147
2.51757
2.49383
2.44715
2.39046
2.34253
2.31323
2.30479
2.31375
2.33306
2.3603
2.38462
2.40681
2.42448
2.43713
2.44782
2.44823
2.43286
2.39812
2.34304
2.27009
2.18916
2.10644
2.03588
1.98455
1.96434
1.97717
2.02383
2.09709
2.19442
2.304
2.41207
2.51046
2.58847
2.64107
2.66925
2.67066
2.65656
2.6262
2.58861
2.54062
2.48862
2.43111
2.37657
2.33508
2.31381
2.32515
2.36463
2.42875
2.50143
2.56628
2.60604
2.6116
2.58266
2.5253
2.44657
2.34986
2.24162
2.12632
2.01555
1.91825
1.84575
1.79787
1.76906
1.75938
1.76076
1.77484
1.80259
1.84442
1.90026
1.96415
2.02483
2.07262
2.09875
2.09218
2.06079
2.00857
1.94708
1.88848
1.8368
1.79424
1.76279
1.74394
1.73864
1.74851
1.77054
1.80991
1.86192
1.92331
1.98967
2.05336
2.1132
2.1636
2.20962
2.24764
2.27404
2.29042
2.29134
2.27153
2.23183
2.17385
2.10354
2.03142
1.96427
1.90543
1.86411
1.84182
1.84085
1.86045
1.89805
1.94857
2.01163
2.08217
2.15477
2.22633
2.29719
2.36387
2.42148
2.46762
2.49706
2.5364
2.53842
2.53233
2.51647
2.49856
2.48257
2.47248
2.47148
2.4784
2.4895
2.49907
2.50226
2.49482
2.4802
2.45198
2.41527
2.37132
2.3259
2.28188
2.24841
2.22671
2.21523
2.21223
2.21144
2.20218
2.17904
2.13447
2.07639
2.00845
1.93779
1.87551
1.83131
1.81411
1.82705
1.87384
1.95041
2.05019
2.15581
2.25807
2.34106
2.39236
2.41297
2.41056
2.39604
2.38144
2.37429
2.38729
2.42014
2.46889
2.53194
2.60119
2.6668
2.7231
2.76088
2.77034
2.74965
2.70241
2.6373
2.56211
2.48427
2.40934
2.33566
2.25852
2.17903
2.09503
2.00175
1.90401
1.8047
1.71084
1.63058
1.56387
1.51909
1.49653
1.49962
1.52858
1.5818
1.65849
1.75079
1.85417
1.96218
2.06596
2.16348
2.24447
2.30646
2.34371
2.35207
2.33183
2.28551
2.22385
2.1569
2.10087
2.05993
2.04063
2.03781
2.04994
2.07749
2.11722
2.16871
2.2331
2.3127
2.40706
2.51453
2.62499
2.7286
2.81202
2.86705
2.89418
2.89821
2.88469
2.86249
2.82402
2.76965
2.69374
2.5971
2.49337
2.40167
2.34042
2.31556
2.32488
2.35891
2.40689
2.46301
2.5159
2.56121
2.59456
2.6115
2.60585
2.57734
2.52767
2.46487
2.39778
2.34224
2.30733
2.29509
2.31388
2.36024
2.42622
2.50249
2.56759
2.60168
2.59951
2.56888
2.52873
2.49791
2.48532
2.49064
2.50746
2.53103
2.54703
2.55373
2.54724
2.52933
2.50621
2.47796
2.44876
2.42226
2.40532
2.40004
2.41537
2.44776
2.50004
2.55884
2.61506
2.65184
2.65602
2.62154
2.54853
2.44931
2.33197
2.21184
2.10149
2.00959
1.944
1.8978
1.87158
1.86489
1.87839
1.91458
1.97447
2.05362
2.14146
2.22914
2.30495
2.35955
2.39423
2.4078
2.40382
2.38617
2.35527
2.31452
2.27077
2.23333
2.21184
2.21469
2.2349
2.26455
2.28943
2.2968
2.27874
2.2375
2.18524
2.13515
2.09577
2.07205
2.06861
2.08376
2.11295
2.15319
2.19696
2.23956
2.26883
2.28189
2.28188
2.27361
2.26711
2.26712
2.27942
2.30677
2.35149
2.41799
2.50498
2.6043
2.70414
2.78611
2.843
2.87281
2.88398
2.88556
2.88093
2.86641
2.83594
2.7839
2.71421
2.63268
2.5517
2.4812
2.4295
2.39369
2.37362
2.36502
2.36208
2.36459
2.36877
2.37447
2.38181
2.39269
2.40282
2.41312
2.4199
2.42095
2.41528
2.40452
2.39198
2.38506
2.38039
2.379
2.371
2.34831
2.30785
2.25397
2.1929
2.13628
2.09572
2.08398
2.09612
2.13392
2.18538
2.23661
2.2782
2.30975
2.33681
2.36327
2.3857
2.40529
2.42123
2.43645
2.44873
2.46378
2.47958
2.49636
2.51021
2.52351
2.53744
2.54677
2.54677
2.53896
2.51166
2.46727
2.40852
2.34025
2.26695
2.18853
2.1079
2.03018
1.9602
1.90576
1.87409
1.86899
1.89459
1.94462
2.01129
2.08946
2.16793
2.24273
2.30646
2.36124
2.41293
2.46048
2.50154
2.53994
2.57102
2.59354
2.60281
2.59571
2.57481
2.53978
2.4937
2.4422
2.38929
2.33979
2.29778
2.26771
2.25269
2.25424
2.26408
2.28122
2.2994
2.32106
2.34523
2.37243
2.40337
2.43707
2.47077
2.50142
2.52328
2.5361
2.53311
2.5151
2.47207
2.40609
2.3154
2.20624
2.08715
1.96941
1.86786
1.79179
1.74166
1.71519
1.70979
1.7196
1.73845
1.7633
1.78392
1.79941
1.80379
1.80494
1.80486
1.81247
1.83752
1.87744
1.92957
1.99227
2.05747
2.11885
2.17555
2.2264
2.27637
2.3337
2.39628
2.46623
2.53452
2.59077
2.63525
2.66723
2.6861
2.69912
2.70307
2.69919
2.69249
2.68723
2.68428
2.68586
2.69158
2.69345
2.68386
2.65933
2.6178
2.55906
2.4845
2.3973
2.30166
2.20295
2.11352
2.03874
1.98941
1.96836
1.9734
1.99336
2.015
2.02963
2.03863
2.05516
2.08866
2.14114
2.20446
2.27028
2.32337
2.35164
2.35044
2.32173
2.27323
2.21179
2.14517
2.0803
2.0202
1.9699
1.93363
1.9107
1.90322
1.9094
1.92757
1.95568
1.98625
2.02147
2.05678
2.0894
2.12479
2.16392
2.20902
2.25998
2.31496
2.36834
2.4227
2.47455
2.51916
2.55342
2.57125
2.56996
2.54366
2.49549
2.43559
2.3718
2.31617
2.26754
2.2239
2.17956
2.1373
2.10031
2.07715
2.07085
2.08558
2.11911
2.16869
2.22198
2.27556
2.32242
2.35434
2.3711
2.37129
2.35791
2.33718
2.31567
2.29818
2.28418
2.27472
2.27093
2.27214
2.28325
2.31385
2.36705
2.44361
2.54326
2.65873
2.78024
2.89904
3.00111
3.07798
3.11539
3.11027
3.05778
2.97293
2.86764
2.76017
2.66164
2.56644
2.46611
2.35461
2.2354
2.11574
2.01259
1.93521
1.88674
1.8696
1.88079
1.91146
1.95374
1.998
2.0357
2.06772
2.1069
2.16097
2.23624
2.3386
2.46802
2.61938
2.77971
2.93296
3.06891
3.18737
3.28765
3.37036
3.42478
3.44443
3.42203
3.35455
3.24195
3.09483
2.92772
2.76513
2.62596
2.52863
2.47687
2.46981
2.49639
2.5384
2.57397
2.5912
2.5823
2.54832
2.50383
2.45898
2.42664
2.40832
2.40945
2.41929
2.42644
2.4173
2.38533
2.32747
2.25309
2.17082
2.08909
2.01529
1.95855
1.92092
1.90432
1.90436
1.92289
1.95231
1.98636
2.01663
2.04052
2.05845
2.07014
2.08241
2.09145
2.10536
2.12591
2.15975
2.20454
2.2576
2.31073
2.35103
2.3642
2.36354
2.36584
2.38927
2.43984
2.516
2.60892
2.70959
2.80366
2.87655
2.92588
2.95092
2.95806
2.95568
2.95229
2.94906
2.94038
2.91907
2.88266
2.8267
2.755
2.67111
2.5859
2.51169
2.45536
2.42116
2.41012
2.41884
2.43971
2.46272
2.48344
2.49119
2.48341
2.45283
2.40399
2.34223
2.2783
2.21697
2.16265
2.11741
2.08344
2.06267
2.04995
2.03913
2.027
2.00471
1.96846
1.91968
1.86164
1.80018
1.74722
1.71097
1.69805
1.70966
1.74436
1.80178
1.87458
1.95994
2.04842
2.13766
2.22363
2.30938
2.39798
2.496
2.59779
2.6958
2.79046
2.87652
2.94771
2.99444
3.00312
2.96246
2.87033
2.74134
2.59736
2.46217
2.34806
2.25865
2.18766
2.1229
2.05854
1.98772
1.91402
1.84532
1.78951
1.75599
1.74614
1.76088
1.79642
1.85719
1.94367
2.05552
2.18076
2.29989
2.39045
2.43757
2.43443
2.39033
2.32084
2.2414
2.16732
2.10216
2.04988
2.01699
2.00783
2.02768
2.07692
2.15177
2.24664
2.35231
2.45618
2.53949
2.58583
2.59482
2.58254
2.56551
2.56251
2.58004
2.61722
2.6653
2.71826
2.76156
2.78684
2.7886
2.76576
2.71521
2.63845
2.54574
2.44295
2.34079
2.24388
2.15253
2.06752
1.98502
1.90504
1.83054
1.76483
1.71155
1.67935
1.6715
1.69633
1.75569
1.84978
1.97155
2.11065
2.25278
2.38109
2.48638
2.56495
2.62518
2.68027
2.73705
2.7988
2.86448
2.9236
2.96268
2.96988
2.9396
2.87337
2.77859
2.66831
2.55702
2.45116
2.35078
2.25328
2.15748
2.06859
1.98869
1.92216
1.87824
1.86165
1.87336
1.91356
1.97739
2.05901
2.13895
2.21236
2.26693
2.3045
2.32682
2.33519
2.33401
2.32244
2.30476
2.28939
2.28277
2.29564
2.32849
2.38308
2.45397
2.53389
2.6115
2.66957
2.69533
2.67774
2.61468
2.51758
2.40595
2.30683
2.23092
2.17842
2.13685
2.09178
2.04218
1.98686
1.93894
1.9058
1.89038
1.89632
1.91972
1.94993
1.98311
2.01382
2.04297
2.07184
2.11056
2.15826
2.21787
2.2883
2.36175
2.4301
2.4805
2.50801
2.51163
2.49715
2.47314
2.45087
2.43816
2.44225
2.4681
2.51072
2.56524
2.62638
2.68538
2.73554
2.77489
2.79871
2.80237
2.77244
2.70741
2.6103
2.49185
2.36953
2.25578
2.15661
2.07833
2.02658
2.00496
2.01725
2.06066
2.13359
2.23084
2.33787
2.44169
2.53059
2.59489
2.62705
2.63044
2.60711
2.55853
2.49603
2.42801
2.36602
2.31612
2.2785
2.25474
2.23807
2.22996
2.22908
2.23006
2.23684
2.23978
2.24084
2.23786
2.2399
2.25706
2.29591
2.3646
2.46375
2.58063
2.69634
2.78491
2.82713
2.82388
2.78951
2.74109
2.68488
2.62646
2.56231
2.50119
2.44156
2.38404
2.33204
2.28721
2.24992
2.22053
2.19815
2.17974
2.16216
2.13451
2.09145
2.03574
1.97889
1.93789
1.91986
1.92463
1.94845
1.98951
2.04278
2.10865
2.18211
2.26145
2.33791
2.40559
2.46277
2.50088
2.52352
2.53256
2.53114
2.52736
2.52113
2.51128
2.49786
2.48045
2.45516
2.42906
2.40417
2.3831
2.36896
2.37152
2.39264
2.44221
2.52315
2.63419
2.76581
2.89823
3.00766
3.06997
3.07811
3.03615
2.95303
2.84643
2.71919
2.58186
2.43985
2.30423
2.17759
2.06885
1.98218
1.92714
1.89879
1.9004
1.92558
1.96722
2.02103
2.07863
2.13806
2.1951
2.24682
2.29404
2.32848
2.34279
2.33407
2.31182
2.28509
2.26984
2.27987
2.3191
2.3824
2.45364
2.52004
2.56209
2.57355
2.54669
2.48385
2.39319
2.29691
2.20728
2.13731
2.09071
2.06555
2.05594
2.05833
2.06662
2.07617
2.08459
2.09065
2.09701
2.10174
2.10775
2.11686
2.1311
2.1543
2.1903
2.24041
2.30331
2.37476
2.44322
2.49928
2.5388
2.57268
2.61289
2.66481
2.71934
2.75641
2.76452
2.7388
2.68619
2.62114
2.56316
2.52268
2.50411
2.50202
2.50983
2.52073
2.52554
2.53387
2.54948
2.5786
2.62443
2.67475
2.71613
2.73129
2.71005
2.65096
2.55289
2.42746
2.29096
2.16194
2.05503
1.97755
1.92891
1.91193
1.92197
1.95506
2.00896
2.07707
