-0.0318404
-0.03185
-0.0318659
-0.0318881
-0.0319166
-0.0319515
-0.0319926
-0.03204
-0.0320938
-0.0321539
-0.0322204
-0.0322932
-0.0323749
-0.0324679
-0.0325677
-0.0326742
-0.0328018
-0.0329271
-0.033069
-0.033223
-0.0333749
-0.0335414
-0.0337059
-0.0338899
-0.0340914
-0.0342915
-0.0345044
-0.034721
-0.0349459
-0.03517
-0.0354122
-0.0356611
-0.0359072
-0.0361745
-0.036449
-0.0367333
-0.0370205
-0.0373158
-0.0376193
-0.0379384
-0.0382546
-0.0385869
-0.038936
-0.039314
-0.039681
-0.0400634
-0.0404642
-0.0408767
-0.0413061
-0.0417411
-0.0421918
-0.0426683
-0.0431522
-0.0436632
-0.0441996
-0.044748
-0.0453163
-0.0459007
-0.0465138
-0.0471495
-0.0478065
-0.0484811
-0.0491839
-0.0499161
-0.0506815
-0.0514696
-0.0522891
-0.0531367
-0.0540285
-0.0549426
-0.0559046
-0.0569095
-0.0579452
-0.0590449
-0.0601923
-0.0613828
-0.0626217
-0.0639143
-0.0652615
-0.0666737
-0.0681571
-0.069713
-0.0713478
-0.0730513
-0.0748469
-0.0767153
-0.0786822
-0.08075
-0.0829134
-0.0851816
-0.0875607
-0.0900493
-0.0926496
-0.095365
-0.0981992
-0.101139
-0.104182
-0.107317
-0.110533
-0.113791
-0.117051
-0.120263
-0.123368
-0.126272
-0.128837
-0.130939
-0.13239
-0.133
-0.13258
-0.130997
-0.12815
-0.124176
-0.119416
-0.114495
-0.110264
-0.107627
-0.107293
-0.109565
-0.114275
-0.120844
-0.128413
-0.136078
-0.142988
-0.148534
-0.152413
-0.154753
-0.156123
-0.157439
-0.159726
-0.163821
-0.170005
-0.177906
-0.186657
-0.195208
-0.202644
-0.208333
-0.211995
-0.213644
-0.213532
-0.212086
-0.209797
-0.207124
-0.204456
-0.202007
-0.199857
-0.197946
-0.196165
-0.194419
-0.192601
-0.190606
-0.18836
-0.185966
-0.183784
-0.1824
-0.182506
-0.184639
-0.188975
-0.195341
-0.203219
-0.21195
-0.220852
-0.229283
-0.236715
-0.242757
-0.247181
-0.249905
-0.25104
-0.250837
-0.249644
-0.247895
-0.246066
-0.244592
-0.243868
-0.244116
-0.245429
-0.24772
-0.250791
-0.254334
-0.258041
-0.26161
-0.264808
-0.267489
-0.269591
-0.271166
-0.27231
-0.273172
-0.273885
-0.274549
-0.275201
-0.275839
-0.276441
-0.276986
-0.277492
-0.278015
-0.278587
-0.279273
-0.280074
-0.280988
-0.28196
-0.282941
-0.283894
-0.284816
-0.285706
-0.286601
-0.287582
-0.288724
-0.290073
-0.291666
-0.29352
-0.295614
-0.297898
-0.300284
-0.302697
-0.305035
-0.307193
-0.309082
-0.310595
-0.31166
-0.312209
-0.312183
-0.311585
-0.310441
-0.308844
-0.30694
-0.30491
-0.302969
-0.301257
-0.299861
-0.298724
-0.29767
-0.296419
-0.294678
-0.292212
-0.28893
-0.284926
-0.280564
-0.27647
-0.273476
-0.272435
-0.273968
-0.27825
-0.284884
-0.292997
-0.301512
-0.30932
-0.315508
-0.319366
-0.320371
-0.318255
-0.31316
-0.305797
-0.297653
-0.290851
-0.287484
-0.288706
-0.294171
-0.302333
-0.311207
-0.319057
-0.324633
-0.327164
-0.326237
-0.321691
-0.313635
-0.302508
-0.289198
-0.275107
-0.262127
-0.252319
-0.247415
-0.248294
-0.254635
-0.265115
-0.277818
-0.290842
-0.302716
-0.312594
-0.320129
-0.325454
-0.328882
-0.330871
-0.33186
-0.332254
-0.332374
-0.332436
-0.332576
-0.332812
-0.333168
-0.333619
-0.334118
-0.334638
-0.335178
-0.335732
-0.33629
-0.336863
-0.337451
-0.338019
-0.338553
-0.338978
-0.33921
-0.339107
-0.338514
-0.337206
-0.334933
-0.331438
-0.326517
-0.320129
-0.312495
-0.304262
-0.296481
-0.290398
-0.287022
-0.286652
-0.288822
-0.292484
-0.296567
-0.30024
-0.303086
-0.305
-0.306087
-0.306571
-0.306738
-0.306828
-0.307025
-0.307406
-0.307996
-0.308707
-0.309407
-0.30996
-0.310254
-0.310227
-0.309928
-0.309447
-0.308964
-0.308651
-0.30861
-0.308891
-0.309443
-0.31015
-0.310824
-0.311316
-0.311529
-0.311378
-0.310899
-0.310137
-0.309224
-0.308262
-0.307394
-0.306702
-0.30624
-0.306025
-0.306033
-0.306229
-0.306553
-0.306969
-0.307429
-0.307928
-0.308471
-0.309057
-0.309713
-0.310438
-0.311202
-0.311974
-0.312659
-0.313176
-0.313402
-0.313175
-0.312311
-0.310591
-0.307815
-0.303772
-0.298295
-0.291306
-0.282922
-0.273571
-0.264021
-0.255427
-0.249132
-0.246329
-0.247713
-0.253229
-0.26203
-0.272836
-0.284301
-0.295301
-0.305058
-0.313162
-0.319466
-0.323914
-0.32658
-0.327503
-0.326738
-0.324334
-0.320366
-0.31502
-0.308645
-0.301787
-0.295113
-0.289283
-0.28477
-0.281698
-0.279902
-0.279022
-0.278723
-0.278842
-0.279343
-0.280283
-0.28169
-0.283528
-0.285657
-0.287911
-0.290112
-0.292145
-0.293951
-0.295532
-0.296916
-0.298169
-0.299315
-0.300415
-0.301458
-0.302459
-0.303406
-0.30429
-0.305104
-0.305834
-0.306468
-0.307015
-0.307492
-0.307872
-0.308206
-0.308472
-0.308702
-0.308893
-0.309043
-0.309173
-0.309252
-0.309281
-0.309244
-0.30913
-0.308917
-0.308578
-0.308099
-0.307435
-0.306575
-0.305476
-0.304146
-0.302588
-0.300809
-0.298884
-0.296867
-0.294886
-0.293068
-0.291531
-0.290388
-0.289668
-0.289337
-0.28931
-0.289437
-0.28958
-0.289591
-0.289361
-0.288847
-0.288051
-0.287056
-0.285973
-0.284934
-0.284127
-0.283688
-0.283735
-0.284333
-0.285458
-0.287041
-0.288946
-0.290979
-0.292967
-0.294733
-0.296159
-0.29716
-0.297745
-0.297968
-0.297902
-0.297644
-0.297281
-0.296843
-0.296313
-0.295649
-0.294729
-0.293484
-0.291876
-0.289908
-0.287714
-0.285424
-0.283242
-0.281355
-0.279936
-0.279069
-0.278756
-0.278924
-0.279419
-0.280025
-0.280574
-0.280961
-0.281163
-0.281278
-0.281528
-0.282135
-0.283253
-0.284887
-0.28692
-0.289145
-0.29136
-0.293342
-0.294962
-0.296111
-0.296716
-0.296746
-0.296216
-0.295196
-0.29386
-0.292428
-0.291142
-0.290184
-0.289703
-0.289775
-0.290426
-0.291681
-0.293638
-0.296347
-0.299834
-0.30402
-0.308706
-0.313571
-0.318291
-0.322573
-0.326178
-0.32895
-0.330772
-0.331606
-0.331431
-0.330284
-0.328215
-0.325368
-0.321942
-0.318182
-0.31441
-0.310906
-0.307868
-0.305462
-0.303778
-0.302834
-0.302593
-0.302927
-0.303652
-0.304444
-0.304931
-0.304728
-0.303561
-0.301315
-0.298078
-0.294192
-0.290149
-0.286522
-0.28381
-0.282307
-0.282001
-0.282664
-0.283866
-0.285169
-0.286252
-0.286952
-0.287307
-0.287547
-0.287999
-0.288898
-0.290417
-0.292465
-0.294865
-0.297391
-0.29995
-0.30256
-0.30535
-0.308463
-0.311864
-0.315434
-0.318929
-0.322072
-0.324611
-0.326414
-0.327388
-0.327518
-0.326811
-0.325314
-0.323066
-0.320105
-0.316482
-0.31226
-0.307564
-0.302602
-0.297637
-0.293052
-0.289259
-0.286653
-0.285522
-0.285944
-0.287754
-0.290649
-0.294223
-0.298089
-0.301934
-0.305545
-0.308794
-0.311623
-0.314027
-0.316028
-0.317664
-0.318966
-0.319965
-0.320669
-0.321113
-0.321294
-0.321212
-0.320884
-0.32035
-0.319673
-0.31896
-0.318359
-0.318043
-0.318193
-0.318957
-0.320427
-0.322566
-0.325236
-0.328202
-0.331166
-0.333768
-0.335643
-0.336403
-0.335646
-0.333017
-0.328233
-0.321195
-0.312122
-0.301657
-0.290882
-0.281087
-0.273577
-0.269581
-0.270121
-0.275552
-0.285131
-0.296877
-0.308421
-0.317814
-0.3239
-0.326203
-0.324625
-0.319249
-0.310362
-0.298837
-0.286519
-0.27637
-0.271676
-0.274297
-0.283391
-0.295987
-0.308805
-0.319626
-0.327574
-0.332666
-0.335349
-0.336193
-0.335691
-0.334268
-0.332246
-0.329887
-0.327417
-0.325063
-0.323116
-0.321827
-0.321433
-0.322035
-0.323575
-0.325839
-0.328512
-0.331234
-0.333673
-0.335584
-0.336805
-0.337198
-0.336645
-0.335013
-0.332143
-0.327864
-0.322061
-0.314759
-0.306288
-0.297409
-0.289272
-0.28326
-0.280498
-0.281417
-0.285544
-0.291772
-0.298781
-0.305514
-0.311291
-0.315818
-0.319122
-0.321344
-0.322736
-0.323519
-0.323882
-0.323974
-0.323877
-0.323573
-0.323034
-0.322201
-0.321024
-0.319506
-0.317748
-0.315917
-0.314258
-0.313034
-0.312444
-0.31255
-0.313298
-0.314553
-0.316171
-0.318004
-0.319944
-0.32189
-0.323673
-0.325101
-0.325963
-0.32602
-0.325146
-0.323321
-0.320699
-0.317564
-0.314349
-0.311475
-0.309338
-0.308165
-0.308019
-0.308798
-0.310314
-0.31234
-0.314621
-0.316888
-0.318931
-0.320554
-0.321696
-0.322339
-0.32259
-0.322557
-0.322424
-0.322376
-0.322532
-0.323038
-0.323952
-0.325259
-0.326881
-0.328637
-0.330316
-0.331706
-0.332622
-0.332929
-0.332548
-0.331472
-0.329771
-0.327577
-0.325075
-0.322534
-0.320233
-0.318429
-0.317309
-0.31696
-0.317355
-0.318397
-0.319943
-0.321889
-0.324101
-0.326441
-0.328824
-0.331129
-0.333237
-0.335022
-0.336398
-0.337274
-0.337591
-0.337294
-0.336363
-0.334799
-0.332635
-0.329871
-0.326583
-0.322869
-0.318848
-0.314674
-0.310505
-0.306526
-0.302885
-0.299705
-0.29709
-0.295038
-0.293509
-0.292431
-0.291741
-0.291402
-0.291477
-0.292064
-0.293293
-0.295226
-0.297799
-0.300851
-0.304118
-0.307314
-0.310191
-0.312591
-0.314448
-0.315735
-0.31652
-0.316901
-0.31698
-0.316858
-0.316629
-0.316381
-0.316155
-0.316006
-0.315924
-0.315917
-0.315954
-0.316005
-0.316029
-0.315961
-0.315762
-0.315379
-0.31474
-0.31382
-0.312584
-0.311022
-0.309174
-0.307134
-0.30502
-0.303021
-0.301354
-0.300254
-0.299896
-0.30036
-0.301623
-0.303498
-0.305709
-0.307845
-0.309449
-0.310018
-0.309072
-0.30612
-0.300772
-0.292864
-0.282656
-0.270992
-0.25948
-0.250308
-0.245647
-0.246769
-0.253259
-0.263054
-0.273264
-0.281293
-0.285513
-0.285414
-0.281592
-0.275502
-0.269256
-0.264924
-0.263947
-0.266529
-0.271752
-0.278146
-0.284325
-0.289455
-0.293318
-0.296212
-0.298692
-0.301297
-0.304383
-0.308015
-0.312035
-0.316198
-0.320251
-0.324013
-0.327389
-0.330347
-0.332872
-0.334989
-0.336692
-0.337971
-0.338798
-0.339091
-0.338758
-0.337681
-0.335708
-0.332707
-0.328594
-0.32338
-0.317238
-0.310552
-0.303861
-0.297658
-0.29217
-0.287093
-0.281722
-0.275219
-0.267267
-0.258591
-0.251234
-0.247875
-0.250482
-0.258961
-0.271275
-0.284708
-0.297057
-0.30714
-0.314638
-0.31974
-0.32284
-0.324394
-0.324814
-0.324489
-0.323783
-0.323025
-0.322534
-0.322564
-0.323252
-0.324626
-0.326569
-0.328852
-0.331206
-0.333379
-0.335173
-0.336435
-0.337096
-0.33711
-0.336443
-0.335084
-0.332991
-0.330089
-0.326322
-0.321578
-0.315795
-0.308967
-0.301197
-0.292764
-0.284131
-0.275892
-0.268705
-0.263071
-0.259275
-0.257299
-0.256913
-0.257759
-0.259433
-0.261539
-0.263693
-0.26561
-0.267106
-0.268156
-0.268843
-0.269383
-0.270027
-0.270997
-0.272456
-0.274435
-0.276873
-0.279627
-0.282513
-0.285327
-0.287934
-0.290236
-0.292144
-0.293645
-0.294755
-0.295512
-0.295965
-0.296159
-0.296142
-0.295957
-0.295642
-0.295221
-0.294701
-0.294092
-0.293408
-0.292611
-0.291685
-0.290571
-0.28922
-0.287559
-0.285511
-0.283028
-0.280032
-0.276385
-0.272665
-0.268668
-0.264577
-0.260646
-0.257172
-0.254411
-0.252591
-0.251789
-0.252015
-0.253114
-0.254863
-0.257016
-0.259347
-0.261651
-0.263815
-0.265755
-0.267427
-0.268806
-0.269861
-0.270595
-0.271008
-0.271126
-0.271025
-0.270813
-0.270628
-0.270633
-0.270916
-0.271514
-0.27234
-0.273312
-0.274282
-0.27515
-0.275888
-0.276514
-0.277075
-0.277634
-0.278262
-0.279039
-0.28011
-0.281582
-0.283562
-0.286011
-0.288802
-0.291654
-0.29425
-0.296241
-0.29734
-0.297391
-0.296315
-0.294118
-0.29088
-0.286718
-0.281787
-0.276295
-0.270546
-0.264946
-0.260103
-0.256707
-0.255419
-0.256665
-0.26047
-0.266432
-0.273848
-0.281944
-0.290055
-0.297722
-0.304679
-0.310783
-0.315967
-0.32023
-0.323582
-0.326034
-0.327585
-0.328236
-0.32799
-0.326851
-0.324862
-0.322111
-0.318747
-0.315045
-0.311337
-0.30802
-0.305421
-0.303812
-0.303212
-0.303464
-0.304255
-0.305226
-0.306101
-0.306776
-0.307381
-0.308273
-0.30985
-0.312437
-0.316075
-0.320517
-0.325322
-0.32999
-0.334124
-0.337509
-0.340086
-0.341943
-0.34323
-0.344139
-0.344879
-0.345567
-0.346346
-0.347267
-0.348339
-0.349529
-0.350777
-0.351966
-0.352986
-0.353702
-0.353988
-0.353715
-0.35276
-0.35099
-0.348307
-0.344681
-0.340112
-0.334713
-0.328782
-0.322752
-0.317257
-0.313026
-0.310732
-0.310841
-0.313435
-0.318173
-0.324407
-0.331353
-0.338339
-0.34493
-0.350935
-0.356307
-0.361174
-0.36564
-0.369791
-0.373659
-0.377256
-0.380501
-0.383316
-0.385621
-0.387344
-0.388418
-0.3888
-0.388456
-0.387364
-0.385537
-0.383014
-0.379861
-0.376218
-0.372303
-0.368355
-0.364666
-0.361494
-0.359026
-0.357261
-0.356049
-0.355096
-0.354042
-0.352628
-0.350854
-0.349024
-0.347777
-0.347863
-0.349808
-0.353668
-0.358953
-0.364905
-0.370736
-0.375882
-0.380033
-0.383095
-0.385102
-0.386107
-0.386188
-0.385344
-0.383605
-0.380974
-0.377553
-0.373504
-0.369121
-0.364774
-0.3608
-0.357427
-0.354661
-0.352249
-0.349827
-0.347052
-0.343749
-0.339989
-0.336055
-0.332388
-0.329406
-0.327477
-0.326833
-0.327552
-0.329683
-0.333208
-0.338026
-0.343928
-0.350551
-0.357446
-0.364138
-0.370228
-0.375427
-0.379563
-0.382592
-0.384547
-0.385528
-0.385638
-0.385004
-0.383714
-0.381875
-0.379559
-0.376833
-0.373753
-0.370389
-0.36677
-0.362947
-0.358966
-0.354923
-0.350923
-0.347168
-0.343914
-0.341471
-0.340122
-0.340027
-0.341169
-0.343331
-0.346137
-0.349097
-0.351755
-0.353726
-0.354735
-0.354601
-0.353287
-0.350909
-0.347756
-0.344317
-0.341205
-0.339135
-0.338607
-0.339857
-0.342703
-0.346685
-0.351153
-0.355522
-0.359354
-0.362398
-0.364486
-0.365546
-0.365568
-0.364564
-0.362542
-0.359553
-0.355705
-0.351217
-0.346449
-0.341986
-0.338512
-0.336733
-0.337146
-0.339917
-0.344786
-0.351193
-0.358378
-0.365572
-0.372077
-0.377286
-0.380667
-0.381729
-0.380075
-0.375475
-0.368014
-0.358216
-0.347183
-0.336353
-0.327033
-0.319784
-0.314314
-0.309824
-0.305627
-0.301601
-0.298278
-0.296452
-0.296799
-0.29953
-0.304374
-0.310771
-0.317997
-0.325342
-0.332229
-0.338231
-0.343158
-0.347001
-0.349869
-0.351942
-0.35341
-0.354436
-0.355092
-0.355484
-0.355636
-0.355571
-0.355297
-0.354842
-0.354211
-0.353414
-0.352463
-0.351395
-0.350221
-0.348924
-0.347541
-0.346061
-0.344489
-0.342782
-0.34095
-0.338929
-0.336709
-0.334258
-0.331544
-0.328581
-0.325395
-0.322051
-0.318677
-0.315434
-0.312523
-0.310154
-0.308491
-0.307615
-0.307486
-0.307992
-0.308927
-0.310067
-0.311182
-0.312089
-0.312623
-0.312737
-0.312401
-0.311661
-0.310639
-0.309529
-0.308534
-0.307872
-0.307699
-0.308094
-0.309047
-0.310471
-0.312227
-0.314158
-0.316122
-0.318021
-0.319733
-0.321181
-0.322321
-0.323092
-0.323486
-0.323518
-0.323214
-0.322655
-0.321951
-0.32122
-0.320597
-0.320185
-0.32007
-0.320266
-0.32075
-0.321446
-0.322269
-0.323086
-0.323773
-0.32416
-0.324098
-0.323405
-0.321919
-0.319531
-0.316212
-0.312094
-0.307423
-0.302674
-0.29846
-0.295423
-0.294096
-0.294753
-0.297323
-0.301497
-0.306717
-0.3124
-0.318041
-0.323227
-0.327722
-0.331407
-0.334286
-0.336428
-0.337942
-0.338929
-0.339529
-0.339818
-0.339857
-0.339655
-0.339141
-0.338218
-0.336709
-0.334461
-0.331316
-0.327267
-0.32247
-0.317329
-0.312504
-0.308691
-0.306427
-0.305806
-0.30644
-0.307654
-0.308733
-0.309125
-0.308638
-0.307461
-0.306173
-0.305561
-0.306406
-0.309155
-0.313693
-0.319393
-0.32533
-0.330664
-0.334746
-0.337246
-0.33811
-0.337504
-0.335778
-0.333475
-0.331261
-0.329841
-0.329818
-0.3315
-0.334867
-0.33953
-0.344954
-0.35061
-0.356055
-0.361
-0.3653
-0.368909
-0.371838
-0.374116
-0.375766
-0.376792
-0.377194
-0.376926
-0.375929
-0.374102
-0.371315
-0.367366
-0.362017
-0.354997
-0.346073
-0.335146
-0.322535
-0.309155
-0.296545
-0.286328
-0.279355
-0.275054
-0.272065
-0.269897
-0.270095
-0.275357
-0.286891
-0.302991
-0.320187
-0.335633
-0.348117
-0.357758
-0.365223
-0.371225
-0.376302
-0.380712
-0.38458
-0.387902
-0.3906
-0.392609
-0.39384
-0.39424
-0.393785
-0.392486
-0.390381
-0.387641
-0.384491
-0.381227
-0.378227
-0.375865
-0.374438
-0.374143
-0.374979
-0.376771
-0.379248
-0.382061
-0.384896
-0.387509
-0.389727
-0.391471
-0.392718
-0.393465
-0.393703
-0.393438
-0.392634
-0.391234
-0.38918
-0.386465
-0.383117
-0.379234
-0.375034
-0.370807
-0.366892
-0.363637
-0.361312
-0.360064
-0.359878
-0.360623
-0.362037
-0.363862
-0.365809
-0.367616
-0.369075
-0.370029
-0.370405
-0.37023
-0.369623
-0.368831
-0.368153
-0.367899
-0.368323
-0.369518
-0.371455
-0.373939
-0.376699
-0.379441
-0.381893
-0.383858
-0.385192
-0.385838
-0.385801
-0.385108
-0.383825
-0.382059
-0.379887
-0.377437
-0.3748
-0.372084
-0.369352
-0.366644
-0.363954
-0.361216
-0.358293
-0.35501
-0.351166
-0.346589
-0.341191
-0.335032
-0.328411
-0.321875
-0.316228
-0.312376
-0.311087
-0.312771
-0.317292
-0.323953
-0.331778
-0.339723
-0.346903
-0.352749
-0.356984
-0.359589
-0.3607
-0.360539
-0.359447
-0.35776
-0.355788
-0.353784
-0.35193
-0.35027
-0.348738
-0.347162
-0.345337
-0.343034
-0.340066
-0.336366
-0.332
-0.327214
-0.322437
-0.318256
-0.31531
-0.31413
-0.315001
-0.317876
-0.322391
-0.327959
-0.333976
-0.339908
-0.345345
-0.350079
-0.353993
-0.357047
-0.359259
-0.360638
-0.361209
-0.360981
-0.359962
-0.358181
-0.355661
-0.352479
-0.348755
-0.344666
-0.340437
-0.336367
-0.332766
-0.329939
-0.328108
-0.327458
-0.327995
-0.329641
-0.332218
-0.335474
-0.339165
-0.34303
-0.346839
-0.350423
-0.353628
-0.356312
-0.358358
-0.359652
-0.359994
-0.359193
-0.356977
-0.353094
-0.347347
-0.339668
-0.330227
-0.319577
-0.308651
-0.298681
-0.29091
-0.286283
-0.285263
-0.287786
-0.293397
-0.301388
-0.310849
-0.320762
-0.330133
-0.338154
-0.344284
-0.348314
-0.350313
-0.350524
-0.349444
-0.347662
-0.345845
-0.344593
-0.344272
-0.344935
-0.346317
-0.348009
-0.349659
-0.351072
-0.352284
-0.353507
-0.35497
-0.35685
-0.359157
-0.361798
-0.364552
-0.367182
-0.369521
-0.371463
-0.372976
-0.374089
-0.374879
-0.37543
-0.375825
-0.376126
-0.376391
-0.376652
-0.376943
-0.377247
-0.377543
-0.377767
-0.377827
-0.3776
-0.376892
-0.375424
-0.37285
-0.368742
-0.362656
-0.354291
-0.343692
-0.331529
-0.319228
-0.308664
-0.301415
-0.29805
-0.298089
-0.300586
-0.304849
-0.310647
-0.317882
-0.326287
-0.335261
-0.343969
-0.351568
-0.35735
-0.360808
-0.361645
-0.359784
-0.355375
-0.348936
-0.341506
-0.33461
-0.329981
-0.328919
-0.331717
-0.33753
-0.344889
-0.352311
-0.358802
-0.363799
-0.36714
-0.368839
-0.369047
-0.367972
-0.365918
-0.363341
-0.360794
-0.358908
-0.358197
-0.358956
-0.361098
-0.364268
-0.367939
-0.371581
-0.37475
-0.377144
-0.378579
-0.378957
-0.37818
-0.376167
-0.372807
-0.368018
-0.361771
-0.354234
-0.345807
-0.337221
-0.329418
-0.323281
-0.319334
-0.317516
-0.317318
-0.318098
-0.319298
-0.320625
-0.322013
-0.323431
-0.324878
-0.326364
-0.327897
-0.329579
-0.331567
-0.334034
-0.337079
-0.340644
-0.344579
-0.348634
-0.352569
-0.356182
-0.359353
-0.362023
-0.364227
-0.365971
-0.367295
-0.368211
-0.368711
-0.368764
-0.368287
-0.367247
-0.365563
-0.363182
-0.360129
-0.356483
-0.352479
-0.348436
-0.344764
-0.341875
-0.340063
-0.339377
-0.339599
-0.340323
-0.341023
-0.341216
-0.340531
-0.338758
-0.335833
-0.33191
-0.327383
-0.322776
-0.318774
-0.316031
-0.314942
-0.315591
-0.317696
-0.320705
-0.324017
-0.327124
-0.329685
-0.331525
-0.332671
-0.333245
-0.333483
-0.333626
-0.333895
-0.334439
-0.335269
-0.336369
-0.33759
-0.338791
-0.33988
-0.340848
-0.341767
-0.342758
-0.343964
-0.345472
-0.347295
-0.349334
-0.351435
-0.353395
-0.355044
-0.356214
-0.356799
-0.356771
-0.356118
-0.354878
-0.353122
-0.350949
-0.348466
-0.345809
-0.343104
-0.340467
-0.337996
-0.335738
-0.333707
-0.331899
-0.330232
-0.328648
-0.327069
-0.325425
-0.323738
-0.322073
-0.320596
-0.319459
-0.318824
-0.318773
-0.319248
-0.320126
-0.321204
-0.322309
-0.323332
-0.324242
-0.325117
-0.326041
-0.327152
-0.328547
-0.330263
-0.3323
-0.334609
-0.3371
-0.339712
-0.342358
-0.34498
-0.347555
-0.350075
-0.352533
-0.354933
-0.357274
-0.359553
-0.36174
-0.363805
-0.365714
-0.367439
-0.368933
-0.370183
-0.371159
-0.371796
-0.372108
-0.372052
-0.371595
-0.370702
-0.369338
-0.367472
-0.365096
-0.362204
-0.358793
-0.354905
-0.350553
-0.345796
-0.34073
-0.335498
-0.330387
-0.325851
-0.322497
-0.320998
-0.321891
-0.325331
-0.331008
-0.338197
-0.346009
-0.353664
-0.360542
-0.366324
-0.37089
-0.374256
-0.376567
-0.37796
-0.378584
-0.378564
-0.377969
-0.37678
-0.374916
-0.372178
-0.368306
-0.363112
-0.356705
-0.349725
-0.343481
-0.339774
-0.340011
-0.344394
-0.351683
-0.359851
-0.367028
-0.372007
-0.374326
-0.37408
-0.371629
-0.3675
-0.362275
-0.356617
-0.351153
-0.346499
-0.343143
-0.341372
-0.341248
-0.342584
-0.344975
-0.347915
-0.350873
-0.353425
-0.355303
-0.356421
-0.356885
-0.35697
-0.357044
-0.357437
-0.358416
-0.360097
-0.362446
-0.365314
-0.368481
-0.371737
-0.374873
-0.377752
-0.380279
-0.382392
-0.384064
-0.385288
-0.386059
-0.386357
-0.386174
-0.38551
-0.38437
-0.382765
-0.380716
-0.378218
-0.375262
-0.371787
-0.367703
-0.362859
-0.357111
-0.350475
-0.343246
-0.336196
-0.330624
-0.328001
-0.329429
-0.334992
-0.343708
-0.353993
-0.364306
-0.374265
-0.381748
-0.387615
-0.391936
-0.394873
-0.396591
-0.397268
-0.397042
-0.396026
-0.394353
-0.392106
-0.389437
-0.386464
-0.383342
-0.380224
-0.377228
-0.374486
-0.372069
-0.370013
-0.368312
-0.366961
-0.365929
-0.365195
-0.364744
-0.364608
-0.364836
-0.3655
-0.366624
-0.368247
-0.370306
-0.372724
-0.375314
-0.377875
-0.380168
-0.381963
-0.383076
-0.383336
-0.38268
-0.381138
-0.378859
-0.376154
-0.37349
-0.371362
-0.3702
-0.37028
-0.371547
-0.373708
-0.376325
-0.37897
-0.381277
-0.383032
-0.384172
-0.384684
-0.384636
-0.384119
-0.38325
-0.382092
-0.380704
-0.379132
-0.377391
-0.375469
-0.373314
-0.370884
-0.368099
-0.364885
-0.361212
-0.357069
-0.352503
-0.347684
-0.342877
-0.338476
-0.33496
-0.332718
-0.332013
-0.332826
-0.334909
-0.337821
-0.341089
-0.344294
-0.347132
-0.34944
-0.351155
-0.3523
-0.352964
-0.353207
-0.353139
-0.352865
-0.352438
-0.351941
-0.351411
-0.350837
-0.35023
-0.349548
-0.348758
-0.347811
-0.346664
-0.345283
-0.34365
-0.34177
-0.339681
-0.337452
-0.335168
-0.332968
-0.330995
-0.329392
-0.328304
-0.327861
-0.328135
-0.329127
-0.330798
-0.333014
-0.335623
-0.33845
-0.341334
-0.344136
-0.346757
-0.349141
-0.35126
-0.353107
-0.354693
-0.356029
-0.357143
-0.358032
-0.358697
-0.359149
-0.359381
-0.359336
-0.358996
-0.358312
-0.357219
-0.355688
-0.353659
-0.351106
-0.348019
-0.344443
-0.340509
-0.336376
-0.332317
-0.328677
-0.325818
-0.324085
-0.323704
-0.32474
-0.327061
-0.330391
-0.334393
-0.338654
-0.342879
-0.346778
-0.350148
-0.352863
-0.354771
-0.355749
-0.355632
-0.354213
-0.351248
-0.346532
-0.340033
-0.332046
-0.323564
-0.316318
-0.312423
-0.313446
-0.31948
-0.329074
-0.340077
-0.350608
-0.359583
-0.366638
-0.371838
-0.375454
-0.377757
-0.378964
-0.379193
-0.378463
-0.376719
-0.373799
-0.369512
-0.363698
-0.356277
-0.347375
-0.337392
-0.327085
-0.31751
-0.309868
-0.305319
-0.304687
-0.308305
-0.31587
-0.326459
-0.338723
-0.351264
-0.362933
-0.372951
-0.380994
-0.387016
-0.391183
-0.393768
-0.395027
-0.395247
-0.394665
-0.393486
-0.391815
-0.389705
-0.387143
-0.384157
-0.380805
-0.377362
-0.374305
-0.372211
-0.371515
-0.372285
-0.374159
-0.376481
-0.378493
-0.379584
-0.379331
-0.377591
-0.374462
-0.370198
-0.365264
-0.360207
-0.355548
-0.351606
-0.348436
-0.34596
-0.344069
-0.342838
-0.342516
-0.343395
-0.345671
-0.34923
-0.353643
-0.358274
-0.362427
-0.365524
-0.367283
-0.367738
-0.367172
-0.366117
-0.365095
-0.364537
-0.364657
-0.365401
-0.366585
-0.36796
-0.369262
-0.370337
-0.371064
-0.371458
-0.37155
-0.371466
-0.371409
-0.371585
-0.372181
-0.37326
-0.374676
-0.37611
-0.377125
-0.377211
-0.375957
-0.373063
-0.368384
-0.361988
-0.354187
-0.345485
-0.336676
-0.328688
-0.32249
-0.318913
-0.318381
-0.32083
-0.325736
-0.332257
-0.339498
-0.346617
-0.353032
-0.358376
-0.362515
-0.36547
-0.367329
-0.368244
-0.368385
-0.367894
-0.366905
-0.36553
-0.363848
-0.36194
-0.359852
-0.357625
-0.355286
-0.352843
-0.350328
-0.347771
-0.345224
-0.342758
-0.340469
-0.338456
-0.336826
-0.335672
-0.335067
-0.335006
-0.335465
-0.336345
-0.337525
-0.33887
-0.340228
-0.341509
-0.342608
-0.343459
-0.344013
-0.344222
-0.344075
-0.343559
-0.342666
-0.34144
-0.339923
-0.338211
-0.336434
-0.334749
-0.333322
-0.33228
-0.33169
-0.331563
-0.331781
-0.332177
-0.332556
-0.332717
-0.332517
-0.331893
-0.330781
-0.329218
-0.327203
-0.324761
-0.321886
-0.318628
-0.315121
-0.311648
-0.308679
-0.306755
-0.306336
-0.307665
-0.310665
-0.314976
-0.32013
-0.325647
-0.331182
-0.336472
-0.341378
-0.345824
-0.349775
-0.353248
-0.356283
-0.358924
-0.36123
-0.363267
-0.365099
-0.366737
-0.368233
-0.369623
-0.370889
-0.372023
-0.373033
-0.373883
-0.374546
-0.374979
-0.375147
-0.375009
-0.37451
-0.3736
-0.372225
-0.370327
-0.367862
-0.364785
-0.361091
-0.356818
-0.352068
-0.347024
-0.341921
-0.337028
-0.332619
-0.328889
-0.325956
-0.323847
-0.322575
-0.322185
-0.322787
-0.324575
-0.327681
-0.332157
-0.337858
-0.344474
-0.351589
-0.358766
-0.365663
-0.371989
-0.377587
-0.382358
-0.386287
-0.38939
-0.391706
-0.393271
-0.394165
-0.394407
-0.394068
-0.393212
-0.391888
-0.390166
-0.388124
-0.385847
-0.383421
-0.380929
-0.378455
-0.376015
-0.373654
-0.371317
-0.368967
-0.366564
-0.364075
-0.3615
-0.358921
-0.356494
-0.354446
-0.35298
-0.352306
-0.352559
-0.353744
-0.355736
-0.358355
-0.36137
-0.364543
-0.367687
-0.370692
-0.37347
-0.376007
-0.378298
-0.380388
-0.382309
-0.384119
-0.38588
-0.387625
-0.389393
-0.391208
-0.393072
-0.394963
-0.396824
-0.398615
-0.400275
-0.401749
-0.402991
-0.40398
-0.404728
-0.40522
-0.405517
-0.405665
-0.40572
-0.405718
-0.405673
-0.40556
-0.405306
-0.40481
-0.403945
-0.402583
-0.400629
-0.398114
-0.39516
-0.392058
-0.389221
-0.38705
-0.385879
-0.385834
-0.386796
-0.388402
-0.390159
-0.391498
-0.391916
-0.39102
-0.388658
-0.385043
-0.380805
-0.377022
-0.374926
-0.375404
-0.378636
-0.383959
-0.390265
-0.396447
-0.401765
-0.405891
-0.408844
-0.41083
-0.412117
-0.412996
-0.413707
-0.414427
-0.415312
-0.416443
-0.417858
-0.419552
-0.421508
-0.423648
-0.425875
-0.428092
-0.430164
-0.431969
-0.433369
-0.434227
-0.434427
-0.433846
-0.432335
-0.429779
-0.42605
-0.421032
-0.414655
-0.40696
-0.398281
-0.389235
-0.380886
-0.374497
-0.371155
-0.371286
-0.374494
-0.379784
-0.38598
-0.392167
-0.39777
-0.40254
-0.406403
-0.40939
-0.41155
-0.412946
-0.413622
-0.413632
-0.413024
-0.411827
-0.410082
-0.407837
-0.405114
-0.401934
-0.398342
-0.394388
-0.390134
-0.385705
-0.381237
-0.376967
-0.373096
-0.369832
-0.3673
-0.365531
-0.364478
-0.36398
-0.363915
-0.364133
-0.36453
-0.365061
-0.365734
-0.36655
-0.367515
-0.368646
-0.369912
-0.371251
-0.372579
-0.373789
-0.374814
-0.375566
-0.375994
-0.376078
-0.375793
-0.375165
-0.374219
-0.373018
-0.371633
-0.37015
-0.36868
-0.367295
-0.366082
-0.365086
-0.364307
-0.36371
-0.363232
-0.362766
-0.362194
-0.361415
-0.360357
-0.358962
-0.357249
-0.355242
-0.35301
-0.350656
-0.348311
-0.34608
-0.344078
-0.342395
-0.341102
-0.340272
-0.339956
-0.34024
-0.341218
-0.342991
-0.34557
-0.348909
-0.352874
-0.357206
-0.36162
-0.365813
-0.369526
-0.372576
-0.374834
-0.37625
-0.376843
-0.376607
-0.375594
-0.373846
-0.371428
-0.368388
-0.364783
-0.360672
-0.356172
-0.351431
-0.346656
-0.342073
-0.337914
-0.334343
-0.331458
-0.329233
-0.327536
-0.326239
-0.325184
-0.324334
-0.323746
-0.32361
-0.324198
-0.325773
-0.328492
-0.332334
-0.337073
-0.342364
-0.347815
-0.353085
-0.357939
-0.362256
-0.365982
-0.369134
-0.371752
-0.373875
-0.37552
-0.376727
-0.377533
-0.377929
-0.377948
-0.377602
-0.376908
-0.375872
-0.374509
-0.372854
-0.370931
-0.368762
-0.366373
-0.363801
-0.361092
-0.358281
-0.355431
-0.352631
-0.349985
-0.347603
-0.345603
-0.344124
-0.343252
-0.343063
-0.343592
-0.344832
-0.346739
-0.349227
-0.352198
-0.355565
-0.359179
-0.362906
-0.366617
-0.370173
-0.373439
-0.376311
-0.378696
-0.38052
-0.381769
-0.382435
-0.38257
-0.382247
-0.381588
-0.380728
-0.379797
-0.378902
-0.378104
-0.377415
-0.37681
-0.376258
-0.375755
-0.375338
-0.375128
-0.375273
-0.37595
-0.377294
-0.379327
-0.381967
-0.385016
-0.388239
-0.391375
-0.394243
-0.396709
-0.398752
-0.400448
-0.401926
-0.403368
-0.404917
-0.406657
-0.408554
-0.410504
-0.412297
-0.41371
-0.414507
-0.41452
-0.413631
-0.41178
-0.408984
-0.405343
-0.400992
-0.396126
-0.39094
-0.385684
-0.380594
-0.375928
-0.37201
-0.369188
-0.367811
-0.368133
-0.370193
-0.373854
-0.378799
-0.384616
-0.390903
-0.397254
-0.403318
-0.408779
-0.413378
-0.416872
-0.419052
-0.419753
-0.418818
-0.416194
-0.4119
-0.40615
-0.399421
-0.392503
-0.38644
-0.382273
-0.380722
-0.381961
-0.385545
-0.390688
-0.396488
-0.402216
-0.407375
-0.411704
-0.415082
-0.417547
-0.419199
-0.420219
-0.420779
-0.42114
-0.421534
-0.422177
-0.423217
-0.424702
-0.42655
-0.428571
-0.430501
-0.432052
-0.432941
-0.432898
-0.43178
-0.429479
-0.42603
-0.421566
-0.416324
-0.410543
-0.404417
-0.39812
-0.391754
-0.385495
-0.379707
-0.374971
-0.371946
-0.371162
-0.372828
-0.376739
-0.382367
-0.389065
-0.396189
-0.40327
-0.409924
-0.415894
-0.421037
-0.425334
-0.428827
-0.43168
-0.434048
-0.436124
-0.438073
-0.439993
-0.441939
-0.44393
-0.445898
-0.447774
-0.449457
-0.450835
-0.451832
-0.452369
-0.45241
-0.451909
-0.450843
-0.44917
-0.446868
-0.443896
-0.440201
-0.435746
-0.430509
-0.424566
-0.418071
-0.411367
-0.404987
-0.399641
-0.396096
-0.394983
-0.396539
-0.400459
-0.405979
-0.412102
-0.417871
-0.422604
-0.425873
-0.427558
-0.42774
-0.426625
-0.424489
-0.421577
-0.418113
-0.414294
-0.410309
-0.40634
-0.402663
-0.399585
-0.397393
-0.396309
-0.396432
-0.397684
-0.399834
-0.402558
-0.405539
-0.408498
-0.411245
-0.41368
-0.415761
-0.417493
-0.41894
-0.420129
-0.421102
-0.421888
-0.422486
-0.422915
-0.423194
-0.423323
-0.423328
-0.423241
-0.423099
-0.422937
-0.422793
-0.422674
-0.422577
-0.422482
-0.422348
-0.422081
-0.421581
-0.420725
-0.419368
-0.417385
-0.414666
-0.411229
-0.407184
-0.402848
-0.398724
-0.395493
-0.393777
-0.393979
-0.396126
-0.399817
-0.404428
-0.409288
-0.41385
-0.417768
-0.420896
-0.423168
-0.424604
-0.425235
-0.425122
-0.424327
-0.422947
-0.421123
-0.419032
-0.416862
-0.414773
-0.41287
-0.41117
-0.409662
-0.408365
-0.407376
-0.406911
-0.407237
-0.408588
-0.411086
-0.41464
-0.418962
-0.423678
-0.428364
-0.432725
-0.436556
-0.439779
-0.442448
-0.444645
-0.446478
-0.448045
-0.449387
-0.450503
-0.451307
-0.451627
-0.451186
-0.449572
-0.446187
-0.440287
-0.431133
-0.418346
-0.402596
-0.38625
-0.373153
-0.366769
-0.367735
-0.373461
-0.380339
-0.385923
-0.389538
-0.391628
-0.39291
-0.393941
-0.394983
-0.396082
-0.397257
-0.398594
-0.400267
-0.402506
-0.405397
-0.408865
-0.412611
-0.416181
-0.419073
-0.420915
-0.421474
-0.420702
-0.418709
-0.415753
-0.412187
-0.408398
-0.404801
-0.401715
-0.39935
-0.397751
-0.396807
-0.396318
-0.396062
-0.395835
-0.395558
-0.395303
-0.395178
-0.395409
-0.396154
-0.397512
-0.399437
-0.401784
-0.4043
-0.406702
-0.408675
-0.409984
-0.410438
-0.40991
-0.408387
-0.405953
-0.40281
-0.39925
-0.395683
-0.392503
-0.390065
-0.388562
-0.387972
-0.388151
-0.388758
-0.389467
-0.390019
-0.390224
-0.38995
-0.389121
-0.387725
-0.385776
-0.383335
-0.38053
-0.377564
-0.374732
-0.372344
-0.370684
-0.369922
-0.370056
-0.370903
-0.372151
-0.373434
-0.374384
-0.374696
-0.374115
-0.372453
-0.369548
-0.365269
-0.359509
-0.352254
-0.343669
-0.334236
-0.324882
-0.316865
-0.311526
-0.309715
-0.311407
-0.315812
-0.321821
-0.328424
-0.334938
-0.341018
-0.3465
-0.351333
-0.355509
-0.359036
-0.361935
-0.364225
-0.365945
-0.367124
-0.367848
-0.368177
-0.368186
-0.367965
-0.367582
-0.367103
-0.366587
-0.366103
-0.365672
-0.365315
-0.365084
-0.364967
-0.36496
-0.365082
-0.365313
-0.365597
-0.365877
-0.366059
-0.366034
-0.365692
-0.364916
-0.363627
-0.361773
-0.359374
-0.356529
-0.353427
-0.350317
-0.347507
-0.345274
-0.343822
-0.343242
-0.343508
-0.344523
-0.346117
-0.3481
-0.350289
-0.352527
-0.354668
-0.356549
-0.358072
-0.359082
-0.359429
-0.358976
-0.357537
-0.355
-0.351244
-0.346301
-0.340353
-0.333827
-0.327433
-0.322062
-0.318595
-0.317625
-0.319307
-0.323322
-0.329007
-0.33566
-0.342647
-0.349475
-0.355806
-0.361362
-0.365936
-0.369302
-0.371241
-0.371526
-0.36995
-0.366386
-0.360851
-0.353617
-0.345305
-0.33688
-0.32955
-0.324468
-0.32237
-0.32335
-0.326835
-0.331849
-0.337386
-0.34272
-0.347465
-0.351448
-0.354612
-0.356898
-0.358187
-0.358346
-0.357295
-0.355057
-0.351784
-0.347793
-0.34347
-0.339178
-0.335149
-0.331486
-0.328123
-0.325029
-0.322316
-0.320261
-0.319308
-0.319767
-0.321703
-0.324813
-0.328577
-0.332416
-0.335869
-0.338626
-0.340587
-0.341725
-0.342055
-0.341644
-0.340514
-0.338676
-0.336126
-0.332877
-0.329
-0.32464
-0.320038
-0.315564
-0.311658
-0.308683
-0.306859
-0.306095
-0.306055
-0.306221
-0.306067
-0.305212
-0.303503
-0.301085
-0.298439
-0.296194
-0.29501
-0.295327
-0.297201
-0.300267
-0.303924
-0.307546
-0.310602
-0.312747
-0.313844
-0.313848
-0.312805
-0.31082
-0.308015
-0.304564
-0.30072
-0.296773
-0.293055
-0.289919
-0.287761
-0.286835
-0.287374
-0.289517
-0.293222
-0.298281
-0.304291
-0.310721
-0.317052
-0.322864
-0.32787
-0.33194
-0.335044
-0.337228
-0.338571
-0.339109
-0.338952
-0.338139
-0.336715
-0.334735
-0.332233
-0.329266
-0.325965
-0.322475
-0.318999
-0.315765
-0.313044
-0.311085
-0.31006
-0.310068
-0.311088
-0.312989
-0.315591
-0.318668
-0.321976
-0.325356
-0.328633
-0.33172
-0.334546
-0.337068
-0.339283
-0.341162
-0.342724
-0.343972
-0.344925
-0.345598
-0.346015
-0.346192
-0.346177
-0.346015
-0.345735
-0.345404
-0.345058
-0.344755
-0.344561
-0.344522
-0.344693
-0.345101
-0.345805
-0.346832
-0.3482
-0.349901
-0.35194
-0.35427
-0.35684
-0.3596
-0.362473
-0.365372
-0.368277
-0.371109
-0.373821
-0.376422
-0.378859
-0.38117
-0.383333
-0.385367
-0.387324
-0.389245
-0.391158
-0.393109
-0.395127
-0.39724
-0.399431
-0.401697
-0.403979
-0.406205
-0.408298
-0.410171
-0.411748
-0.41297
-0.413791
-0.414195
-0.414198
-0.41382
-0.413089
-0.412025
-0.410664
-0.409029
-0.407157
-0.405107
-0.402993
-0.400988
-0.399302
-0.398137
-0.397694
-0.398006
-0.399014
-0.400514
-0.402229
-0.403891
-0.40525
-0.406165
-0.4066
-0.406628
-0.40637
-0.405961
-0.405457
-0.404834
-0.404024
-0.402924
-0.401491
-0.399766
-0.397868
-0.396012
-0.394442
-0.393399
-0.393075
-0.393536
-0.394713
-0.396411
-0.398342
-0.400226
-0.401849
-0.403147
-0.404195
-0.40516
-0.40623
-0.407563
-0.409235
-0.41121
-0.413389
-0.415664
-0.417849
-0.419794
-0.42141
-0.422675
-0.423619
-0.424341
-0.424968
-0.425592
-0.426267
-0.426978
-0.427606
-0.427964
-0.427765
-0.426672
-0.424272
-0.420153
-0.413966
-0.405536
-0.395014
-0.383031
-0.370848
-0.360186
-0.352834
-0.350086
-0.35231
-0.358887
-0.368448
-0.379313
-0.389891
-0.398938
-0.405669
-0.409718
-0.411035
-0.409783
-0.40629
-0.401041
-0.394658
-0.38793
-0.381704
-0.376664
-0.37322
-0.371417
-0.37104
-0.371744
-0.373203
-0.374964
-0.376368
-0.376558
-0.374622
-0.369891
-0.362216
-0.352303
-0.341818
-0.333185
-0.328927
-0.330696
-0.338513
-0.350895
-0.365607
-0.380453
-0.393853
-0.404851
-0.413129
-0.418842
-0.422584
-0.425238
-0.427862
-0.431345
-0.436129
-0.442094
-0.44868
-0.455223
-0.461159
-0.466152
-0.470096
-0.473006
-0.474969
-0.476047
-0.47631
-0.475843
-0.474715
-0.473018
-0.470882
-0.46843
-0.465783
-0.463044
-0.460253
-0.45743
-0.454596
-0.451783
-0.449016
-0.44632
-0.443736
-0.441227
-0.438672
-0.435931
-0.432867
-0.429414
-0.425653
-0.421863
-0.418497
-0.416074
-0.415108
-0.415926
-0.418637
-0.42312
-0.429074
-0.436089
-0.443749
-0.451634
-0.459406
-0.466776
-0.473555
-0.479556
-0.484719
-0.488995
-0.492372
-0.494871
-0.496539
-0.497438
-0.497623
-0.497172
-0.49616
-0.494673
-0.492777
-0.490554
-0.488079
-0.485407
-0.482598
-0.479692
-0.476737
-0.473777
-0.470885
-0.46816
-0.465674
-0.46353
-0.461809
-0.460538
-0.459739
-0.459354
-0.459294
-0.459451
-0.459704
-0.459947
-0.460085
-0.460105
-0.459994
-0.4598
-0.459613
-0.459501
-0.459579
-0.459903
-0.460493
-0.461302
-0.462243
-0.463186
-0.463961
-0.464402
-0.464324
-0.463573
-0.462018
-0.459571
-0.456205
-0.452024
-0.447248
-0.442288
-0.437727
-0.434129
-0.431932
-0.431249
-0.43188
-0.433343
-0.435138
-0.436814
-0.438087
-0.438857
-0.439126
-0.438953
-0.438382
-0.437403
-0.43597
-0.433964
-0.431226
-0.427572
-0.422894
-0.417203
-0.410724
-0.40399
-0.397816
-0.393075
-0.390449
-0.390105
-0.391666
-0.394377
-0.397433
-0.400254
-0.402525
-0.404193
-0.405381
-0.406211
-0.406817
-0.407204
-0.407278
-0.406856
-0.40578
-0.403877
-0.401058
-0.397332
-0.392824
-0.387706
-0.38219
-0.376491
-0.37085
-0.365527
-0.360848
-0.357204
-0.355015
-0.354567
-0.355852
-0.358572
-0.362165
-0.365981
-0.36946
-0.372215
-0.37407
-0.374993
-0.375116
-0.374625
-0.373779
-0.372816
-0.372015
-0.371586
-0.371649
-0.372239
-0.373328
-0.374784
-0.376432
-0.378085
-0.379536
-0.380632
-0.381196
-0.381081
-0.380153
-0.378279
-0.375377
-0.371386
-0.366386
-0.360625
-0.354586
-0.348954
-0.344496
-0.341798
-0.341059
-0.341998
-0.343979
-0.346252
-0.348235
-0.349629
-0.350424
-0.350871
-0.351353
-0.352283
-0.354035
-0.356797
-0.360581
-0.365217
-0.370396
-0.375791
-0.381043
-0.38584
-0.389923
-0.393095
-0.395184
-0.396041
-0.395528
-0.393503
-0.389854
-0.384602
-0.377899
-0.370179
-0.36222
-0.355019
-0.349587
-0.346531
-0.34586
-0.34702
-0.3492
-0.351656
-0.353913
-0.35577
-0.357268
-0.358555
-0.359801
-0.361156
-0.362727
-0.364551
-0.36665
-0.369008
-0.37157
-0.37426
-0.377064
-0.379913
-0.382828
-0.385829
-0.388944
-0.392228
-0.395679
-0.39924
-0.402844
-0.406384
-0.409765
-0.412875
-0.415648
-0.418022
-0.419969
-0.421445
-0.422451
-0.422917
-0.422811
-0.422018
-0.420436
-0.417874
-0.414152
-0.409076
-0.402533
-0.394661
-0.385922
-0.377291
-0.370093
-0.365541
-0.364226
-0.36574
-0.368917
-0.372404
-0.375157
-0.376679
-0.376937
-0.376162
-0.37466
-0.372662
-0.370275
-0.367624
-0.364933
-0.362652
-0.36143
-0.36192
-0.364528
-0.369152
-0.375274
-0.382135
-0.389003
-0.395319
-0.400741
-0.405177
-0.408625
-0.411194
-0.413017
-0.414223
-0.414949
-0.41532
-0.415429
-0.41536
-0.415173
-0.414938
-0.414651
-0.414328
-0.413943
-0.413437
-0.412735
-0.411728
-0.410253
-0.408112
-0.405096
-0.401037
-0.395842
-0.389627
-0.382866
-0.376393
-0.371301
-0.36859
-0.368698
-0.371303
-0.37549
-0.38014
-0.38438
-0.387739
-0.390105
-0.391586
-0.392418
-0.392854
-0.39312
-0.393376
-0.393721
-0.394211
-0.394875
-0.395681
-0.396607
-0.397637
-0.398762
-0.399943
-0.401167
-0.4024
-0.403606
-0.40472
-0.405656
-0.406339
-0.406638
-0.406483
-0.405781
-0.404488
-0.402633
-0.40032
-0.3978
-0.395392
-0.393523
-0.392582
-0.392847
-0.394348
-0.396917
-0.40017
-0.403667
-0.406974
-0.40975
-0.4118
-0.413029
-0.413425
-0.413051
-0.411968
-0.4103
-0.408196
-0.405843
-0.403487
-0.401333
-0.399553
-0.398195
-0.39716
-0.396236
-0.395117
-0.393511
-0.391202
-0.388108
-0.38423
-0.379733
-0.374873
-0.369958
-0.365329
-0.361312
-0.358141
-0.356004
-0.354993
-0.355154
-0.356473
-0.358927
-0.362413
-0.366776
-0.371781
-0.37711
-0.382435
-0.387432
-0.391831
-0.395461
-0.398269
-0.400252
-0.401485
-0.402068
-0.402131
-0.401788
-0.401124
-0.400218
-0.399131
-0.397896
-0.396546
-0.39509
-0.393547
-0.391895
-0.390148
-0.388319
-0.386429
-0.384493
-0.382555
-0.380637
-0.378803
-0.377108
-0.375603
-0.374351
-0.373407
-0.372789
-0.372527
-0.372596
-0.372944
-0.373506
-0.374156
-0.37481
-0.37532
-0.375533
-0.375321
-0.374566
-0.373177
-0.371135
-0.368552
-0.365692
-0.362983
-0.360962
-0.360119
-0.360767
-0.362911
-0.366229
-0.370238
-0.374384
-0.378271
-0.381626
-0.384325
-0.386408
-0.38795
-0.389048
-0.38982
-0.390386
-0.390819
-0.391183
-0.391544
-0.391906
-0.392275
-0.392638
-0.39293
-0.393095
-0.393034
-0.392596
-0.391622
-0.389911
-0.387261
-0.383524
-0.378602
-0.372614
-0.365979
-0.35945
-0.354068
-0.350914
-0.350688
-0.353517
-0.358847
-0.365785
-0.373372
-0.380854
-0.387727
-0.393734
-0.398761
-0.402827
-0.405995
-0.408352
-0.40997
-0.410923
-0.411262
-0.410984
-0.410087
-0.408504
-0.406171
-0.402999
-0.398887
-0.393794
-0.38778
-0.38105
-0.374045
-0.367435
-0.362018
-0.358533
-0.357443
-0.358792
-0.362217
-0.367137
-0.372906
-0.37896
-0.38489
-0.390431
-0.395368
-0.399559
-0.402904
-0.405296
-0.406641
-0.40689
-0.40604
-0.404114
-0.401219
-0.397513
-0.393246
-0.388697
-0.384144
-0.379828
-0.375875
-0.372308
-0.369042
-0.365971
-0.363002
-0.360062
-0.357137
-0.354249
-0.351468
-0.348956
-0.347029
-0.346171
-0.346906
-0.349619
-0.354274
-0.360369
-0.367103
-0.373659
-0.379424
-0.384015
-0.387314
-0.389366
-0.390295
-0.390225
-0.389236
-0.387433
-0.384878
-0.381599
-0.377685
-0.373249
-0.368541
-0.363858
-0.359649
-0.356316
-0.354198
-0.35343
-0.353878
-0.35524
-0.357121
-0.35917
-0.361086
-0.362735
-0.364025
-0.364975
-0.365619
-0.366005
-0.36617
-0.366166
-0.366008
-0.365729
-0.365308
-0.364774
-0.364118
-0.363379
-0.362572
-0.361749
-0.36095
-0.360224
-0.359629
-0.359212
-0.358993
-0.35898
-0.359162
-0.35952
-0.360018
-0.360617
-0.361283
-0.361985
-0.362691
-0.363396
-0.364058
-0.364663
-0.365185
-0.365585
-0.365806
-0.365816
-0.365538
-0.364955
-0.364042
-0.362764
-0.361131
-0.359188
-0.357025
-0.354752
-0.352525
-0.350549
-0.348978
-0.347934
-0.34749
-0.347627
-0.348251
-0.349224
-0.350406
-0.351669
-0.352933
-0.35415
-0.355347
-0.356559
-0.357806
-0.359126
-0.360517
-0.36193
-0.363282
-0.364471
-0.365423
-0.36606
-0.36632
-0.366186
-0.365635
-0.36471
-0.363449
-0.361891
-0.360109
-0.358162
-0.356157
-0.354134
-0.352184
-0.350343
-0.348656
-0.347152
-0.345824
-0.344661
-0.343604
-0.342628
-0.34168
-0.340724
-0.339792
-0.338962
-0.338416
-0.338358
-0.339054
-0.340739
-0.34352
-0.347337
-0.352018
-0.357194
-0.362485
-0.367495
-0.371881
-0.375397
-0.377824
-0.379053
-0.378967
-0.377519
-0.374697
-0.370517
-0.365099
-0.358669
-0.351578
-0.344337
-0.337595
-0.332068
-0.328432
-0.327178
-0.328485
-0.33217
-0.337749
-0.344535
-0.351828
-0.359019
-0.365663
-0.371401
-0.376052
-0.379514
-0.381777
-0.382915
-0.383048
-0.382382
-0.381194
-0.379805
-0.378571
-0.377796
-0.377727
-0.378482
-0.380048
-0.382272
-0.384942
-0.387797
-0.390605
-0.393161
-0.395313
-0.396992
-0.398163
-0.398881
-0.399235
-0.399393
-0.399526
-0.399836
-0.400461
-0.401489
-0.402891
-0.404545
-0.406254
-0.407813
-0.408966
-0.409514
-0.409286
-0.408157
-0.406081
-0.403063
-0.399157
-0.394538
-0.389472
-0.384297
-0.37941
-0.375199
-0.37197
-0.369812
-0.368626
-0.368108
-0.367856
-0.367476
-0.366681
-0.365295
-0.363348
-0.361007
-0.358482
-0.356053
-0.353917
-0.3522
-0.350913
-0.350015
-0.349438
-0.349132
-0.349139
-0.349561
-0.350576
-0.352362
-0.355052
-0.358677
-0.363128
-0.36818
-0.373524
-0.378807
-0.383725
-0.388065
-0.391684
-0.394538
-0.396635
-0.398044
-0.398838
-0.399121
-0.398972
-0.398462
-0.397694
-0.396686
-0.395495
-0.394137
-0.392663
-0.391061
-0.389374
-0.387581
-0.385692
-0.383722
-0.38165
-0.379474
-0.377182
-0.374742
-0.372122
-0.369273
-0.366112
-0.362503
-0.358295
-0.353263
-0.347166
-0.339864
-0.3314
-0.322258
-0.313567
-0.307053
-0.304533
-0.306996
-0.31405
-0.324133
-0.335292
-0.345974
-0.355294
-0.362923
-0.368845
-0.373216
-0.376201
-0.377978
-0.378708
-0.37856
-0.377719
-0.3764
-0.37485
-0.3733
-0.371968
-0.370937
-0.370186
-0.369515
-0.36861
-0.367054
-0.364481
-0.360771
-0.356153
-0.351349
-0.347449
-0.345473
-0.345912
-0.348466
-0.352225
-0.356164
-0.359549
-0.362031
-0.363587
-0.364295
-0.364281
-0.36359
-0.36226
-0.360398
-0.358288
-0.356363
-0.35516
-0.355189
-0.356679
-0.359568
-0.363466
-0.367841
-0.372159
-0.375997
-0.379089
-0.381326
-0.382683
-0.383187
-0.382926
-0.382011
-0.380588
-0.378831
-0.376963
-0.375249
-0.373935
-0.373231
-0.373245
-0.373977
-0.375308
-0.37703
-0.378886
-0.380619
-0.381992
-0.38282
-0.38299
-0.382469
-0.381289
-0.379537
-0.377353
-0.374897
-0.372311
-0.369651
-0.366901
-0.363952
-0.360635
-0.356804
-0.352488
-0.347989
-0.343955
-0.341226
-0.340564
-0.342289
-0.34607
-0.351123
-0.356485
-0.361363
-0.365266
-0.368001
-0.369606
-0.370243
-0.370151
-0.369632
-0.368997
-0.368528
-0.368501
-0.369035
-0.37017
-0.371792
-0.373707
-0.375663
-0.377434
-0.378835
-0.379763
-0.380152
-0.380028
-0.37944
-0.378454
-0.377158
-0.375641
-0.374004
-0.372315
-0.370682
-0.369143
-0.367745
-0.366537
-0.36552
-0.364674
-0.363956
-0.363317
-0.362676
-0.361913
-0.360932
-0.359637
-0.357928
-0.355791
-0.353217
-0.350255
-0.34705
-0.343833
-0.340869
-0.33847
-0.336896
-0.33635
-0.336873
-0.338352
-0.340542
-0.343049
-0.345447
-0.347304
-0.348245
-0.347996
-0.346407
-0.343497
-0.339476
-0.3348
-0.330111
-0.326209
-0.323817
-0.323423
-0.325089
-0.328441
-0.332793
-0.337378
-0.341513
-0.344735
-0.346783
-0.347621
-0.347343
-0.346131
-0.344247
-0.341935
-0.339434
-0.336976
-0.334766
-0.332947
-0.331632
-0.330883
-0.330708
-0.331037
-0.331812
-0.332943
-0.334346
-0.335999
-0.337853
-0.339855
-0.341945
-0.34402
-0.345936
-0.347511
-0.348567
-0.348911
-0.348395
-0.346926
-0.344516
-0.341304
-0.337581
-0.333791
-0.330477
-0.328146
-0.327212
-0.327873
-0.330055
-0.333455
-0.337609
-0.341988
-0.346089
-0.349499
-0.351946
-0.353284
-0.353554
-0.352925
-0.351712
-0.350304
-0.349111
-0.348459
-0.348538
-0.34936
-0.350793
-0.352613
-0.354624
-0.356672
-0.358659
-0.360578
-0.362429
-0.364211
-0.365915
-0.367506
-0.368964
-0.37026
-0.371401
-0.372406
-0.373287
-0.374039
-0.374589
-0.374861
-0.374694
-0.373903
-0.372247
-0.369481
-0.365367
-0.35972
-0.352457
-0.343781
-0.334484
-0.326157
-0.321197
-0.321803
-0.328695
-0.340431
-0.354286
-0.36765
-0.378952
-0.387646
-0.393887
-0.398092
-0.400729
-0.402216
-0.402871
-0.402933
-0.402601
-0.401998
-0.401235
-0.400432
-0.399659
-0.399008
-0.398534
-0.398298
-0.398316
-0.3986
-0.399128
-0.399876
-0.400797
-0.401853
-0.402964
-0.404045
-0.405017
-0.405749
-0.406121
-0.406024
-0.405355
-0.404051
-0.402086
-0.399505
-0.396374
-0.392764
-0.388722
-0.384196
-0.379063
-0.373216
-0.366704
-0.359808
-0.353142
-0.347578
-0.344001
-0.343121
-0.345258
-0.350227
-0.357415
-0.365983
-0.375049
-0.383866
-0.39187
-0.398799
-0.404545
-0.409138
-0.412692
-0.415359
-0.417273
-0.418562
-0.419367
-0.419735
-0.419743
-0.419411
-0.418777
-0.417841
-0.416638
-0.415181
-0.413459
-0.411508
-0.409354
-0.407009
-0.40455
-0.401981
-0.399368
-0.396735
-0.394112
-0.391539
-0.389001
-0.386525
-0.384128
-0.381861
-0.379774
-0.377972
-0.376571
-0.375706
-0.375501
-0.376013
-0.377258
-0.379178
-0.381644
-0.384475
-0.387498
-0.390541
-0.393437
-0.396098
-0.39844
-0.40041
-0.401955
-0.403031
-0.403557
-0.403467
-0.402655
-0.401009
-0.398338
-0.394472
-0.389238
-0.382512
-0.374326
-0.364989
-0.355284
-0.346549
-0.340436
-0.338305
-0.340508
-0.346142
-0.353492
-0.360799
-0.36686
-0.371096
-0.373476
-0.374259
-0.373882
-0.372804
-0.371449
-0.370183
-0.369286
-0.368933
-0.369233
-0.370195
-0.371796
-0.373902
-0.376374
-0.379077
-0.381837
-0.384511
-0.386994
-0.389191
-0.39106
-0.392598
-0.393803
-0.394689
-0.39529
-0.395642
-0.395784
-0.395718
-0.395466
-0.395011
-0.394331
-0.393397
-0.392185
-0.390656
-0.388797
-0.386608
-0.384108
-0.381362
-0.378422
-0.375379
-0.372301
-0.369268
-0.366333
-0.363472
-0.360641
-0.357777
-0.354787
-0.351595
-0.348194
-0.344647
-0.341094
-0.337736
-0.33475
-0.332269
-0.330293
-0.328757
-0.327523
-0.326464
-0.325522
-0.324723
-0.324197
-0.324107
-0.324613
-0.325769
-0.327559
-0.329865
-0.332493
-0.335223
-0.337892
-0.340352
-0.342521
-0.34437
-0.345909
-0.347152
-0.348166
-0.348981
-0.349646
-0.350198
-0.350679
-0.351087
-0.351446
-0.351755
-0.351968
-0.352077
-0.352022
-0.351727
-0.351102
-0.350014
-0.348325
-0.345876
-0.342486
-0.337985
-0.332245
-0.325237
-0.317036
-0.30793
-0.298513
-0.289738
-0.282926
-0.279636
-0.281015
-0.287187
-0.297
-0.308568
-0.319954
-0.329848
-0.337614
-0.343132
-0.346541
-0.348147
-0.348257
-0.347177
-0.345186
-0.342546
-0.339492
-0.336245
-0.332977
-0.329806
-0.32682
-0.32408
-0.321612
-0.319514
-0.318012
-0.317418
-0.31809
-0.320329
-0.324255
-0.329715
-0.336282
-0.343401
-0.35052
-0.357146
-0.362968
-0.367829
-0.371671
-0.374495
-0.376361
-0.37734
-0.377528
-0.377029
-0.375989
-0.374584
-0.373027
-0.371559
-0.370418
-0.369785
-0.369792
-0.370451
-0.371661
-0.373245
-0.374957
-0.376547
-0.377752
-0.378347
-0.378151
-0.37704
-0.375039
-0.372299
-0.369149
-0.366037
-0.363407
-0.361564
-0.360505
-0.35998
-0.359583
-0.359079
-0.358504
-0.358147
-0.358383
-0.359394
-0.361035
-0.362909
-0.36455
-0.365673
-0.366217
-0.366317
-0.366122
-0.365725
-0.365052
-0.363999
-0.362416
-0.360255
-0.35754
-0.35445
-0.351231
-0.348181
-0.345558
-0.343591
-0.342409
-0.34208
-0.342608
-0.343973
-0.346134
-0.34905
-0.352611
-0.356687
-0.361111
-0.365671
-0.370167
-0.374474
-0.378504
-0.382265
-0.385808
-0.389189
-0.392481
-0.395705
-0.398847
-0.401858
-0.404648
-0.407171
-0.409328
-0.411091
-0.412426
-0.413338
-0.413825
-0.413952
-0.413766
-0.413346
-0.41277
-0.412121
-0.411493
-0.410975
-0.410589
-0.410384
-0.410341
-0.410456
-0.410677
-0.410963
-0.411265
-0.411559
-0.41181
-0.412013
-0.412146
-0.412214
-0.4122
-0.412046
-0.411695
-0.411033
-0.409878
-0.40798
-0.405078
-0.400855
-0.39508
-0.387654
-0.378787
-0.369162
-0.359921
-0.35259
-0.348616
-0.348797
-0.352923
-0.359881
-0.368185
-0.37651
-0.384064
-0.390534
-0.395967
-0.40055
-0.404452
-0.407788
-0.41054
-0.412664
-0.414053
-0.414616
-0.41432
-0.413134
-0.411068
-0.408172
-0.404497
-0.400127
-0.395196
-0.389887
-0.384447
-0.379177
-0.374409
-0.370427
-0.367378
-0.365312
-0.364222
-0.364093
-0.364936
-0.366779
-0.369609
-0.373304
-0.377637
-0.382328
-0.387061
-0.39159
-0.395707
-0.399303
-0.402342
-0.404838
-0.406823
-0.408356
-0.409474
-0.410234
-0.410644
-0.410712
-0.410454
-0.409826
-0.408838
-0.407488
-0.405797
-0.403836
-0.401688
-0.399523
-0.397497
-0.395794
-0.39456
-0.393874
-0.39373
-0.39403
-0.394631
-0.395361
-0.39606
-0.396631
-0.396966
-0.39701
-0.396718
-0.396033
-0.394887
-0.3932
-0.390902
-0.387904
-0.384188
-0.379797
-0.374923
-0.369864
-0.365089
-0.361138
-0.358545
-0.357673
-0.358587
-0.361045
-0.364512
-0.368398
-0.37217
-0.375494
-0.378259
-0.380516
-0.38245
-0.384223
-0.386018
-0.38794
-0.390031
-0.392252
-0.394534
-0.396782
-0.398885
-0.400769
-0.402351
-0.403594
-0.404462
-0.404937
-0.404985
-0.404547
-0.403544
-0.401831
-0.399219
-0.395478
-0.390378
-0.383796
-0.375903
-0.367378
-0.359497
-0.353913
-0.351985
-0.354083
-0.359308
-0.366001
-0.372483
-0.377621
-0.38088
-0.382156
-0.381606
-0.379457
-0.376001
-0.371506
-0.366276
-0.360637
-0.354985
-0.349697
-0.345139
-0.34162
-0.339331
-0.338303
-0.338467
-0.339628
-0.341557
-0.34402
-0.346789
-0.349697
-0.352614
-0.355431
-0.358087
-0.360551
-0.362803
-0.364823
-0.36663
-0.368232
-0.36961
-0.370761
-0.371713
-0.372449
-0.372981
-0.373304
-0.373442
-0.37338
-0.373158
-0.372793
-0.372306
-0.371736
-0.37111
-0.370478
-0.369879
-0.369362
-0.368956
-0.368661
-0.368499
-0.368456
-0.368521
-0.368652
-0.368853
-0.369089
-0.369358
-0.369671
-0.370012
-0.370353
-0.370702
-0.371029
-0.37131
-0.371535
-0.371719
-0.371907
-0.372167
-0.372612
-0.373335
-0.374432
-0.375935
-0.377812
-0.379941
