1	18.6932607	0
2	10.1152066	6.0656002
3	7.20006595	4.69224293
4	5.76786356	3.73135982
5	4.94779765	3.07388288
6	4.37788205	2.613868
7	3.93236938	2.27810894
8	3.66226579	2.00929392
9	3.4035219	1.80262174
10	3.21435767	1.63225468
11	3.10399628	1.48759414
12	2.96664332	1.36995434
13	2.84134286	1.27029051
14	2.73480253	1.18401486
15	2.6560463	1.10769672
16	2.57854786	1.04117318
17	2.50282507	0.982677437
18	2.44540979	0.929760046
19	2.3760072	0.883411811
20	2.33610015	0.840142113
21	2.2984625	0.800977969
22	2.27322115	0.764967494
23	2.25451166	0.731936799
24	2.22539222	0.702018439
25	2.20056214	0.674376673
26	2.16947407	0.649155277
27	2.14023238	0.625770749
28	2.11987249	0.603752915
29	2.10316231	0.583165048
30	2.08064582	0.564160736
31	2.06132185	0.54629285
32	2.03931983	0.529664081
33	2.0168472	0.514090168
34	2.00539863	0.499097331
35	1.99033269	0.485064746
36	1.97274698	0.471909397
37	1.96822279	0.459176776
38	1.95590878	0.447258262
39	1.94946528	0.435836513
40	1.93557771	0.425161801
41	1.9229043	0.414980845
42	1.91162714	0.405253549
43	1.89795352	0.396059661
44	1.88916013	0.387155909
45	1.88747379	0.378556117
46	1.87801836	0.370444704
47	1.86822465	0.362692341
48	1.85647371	0.355326559
49	1.85452952	0.348080316
50	1.84615651	0.3412194
51	1.83665679	0.334661036
52	1.82888627	0.328315447
53	1.82234573	0.322185958
54	1.8171521	0.316261409
55	1.81003482	0.310591277
56	1.80325939	0.305118897
57	1.79751953	0.299819917
58	1.78995975	0.294745901
59	1.78326694	0.289826184
60	1.7763429	0.285078445
61	1.77001516	0.280475246
62	1.76376278	0.276021132
63	1.76091838	0.2716545
64	1.75934943	0.267414429
65	1.75267862	0.263383551
66	1.75103843	0.259397998
67	1.74663393	0.255563777
68	1.74146725	0.251857708
69	1.73902182	0.248219468
70	1.7330636	0.244744975
71	1.72713781	0.24136959
72	1.72507911	0.238026014
73	1.7224986	0.234779371
74	1.71895147	0.231633471
75	1.71655643	0.228557407
76	1.7136799	0.225568173
77	1.71141756	0.222650061
78	1.71481386	0.219821475
79	1.71362524	0.217042138
80	1.70955584	0.214367258
81	1.70500314	0.211769087
82	1.70372717	0.209190382
83	1.70281768	0.206671993
84	1.6996111	0.204236486
85	1.69567073	0.201871711
86	1.6929516	0.199542678
87	1.68950043	0.197278926
88	1.68546655	0.195078357
89	1.68212051	0.19291516
90	1.67957577	0.190788441
91	1.67858069	0.18869446
92	1.67697679	0.186650249
93	1.67477234	0.184656275
94	1.67148356	0.182721131
95	1.66735862	0.180844305
96	1.66645669	0.178962759
97	1.66607561	0.177118188
98	1.66540774	0.175312119
99	1.66495727	0.173541868
100	1.66477715	0.171806543
101	1.66253289	0.170120146
102	1.66034275	0.168466398
103	1.65825345	0.166843757
104	1.65779276	0.165240127
105	1.6549838	0.163690284
106	1.65336592	0.162154032
107	1.65139115	0.160650598
108	1.65110601	0.159163345
109	1.65176948	0.157704514
110	1.65047669	0.156276135
111	1.65314428	0.154891008
112	1.65121352	0.153520086
113	1.6494215	0.15217196
114	1.64725571	0.150852529
115	1.64531837	0.149553208
116	1.64352533	0.148274705
117	1.6419845	0.147015405
118	1.63912082	0.1457974
119	1.63875759	0.144572664
120	1.64077193	0.143381924
121	1.63868871	0.142212082
122	1.63725267	0.14105366
123	1.63712689	0.139906938
124	1.63518527	0.138792128
125	1.63436589	0.13768421
126	1.63465314	0.136591778
127	1.63424442	0.135516864
128	1.63260855	0.134468011
129	1.63128395	0.133432148
130	1.6299731	0.132412185
131	1.62959967	0.131401932
132	1.62878543	0.130408985
133	1.62631628	0.12945184
134	1.62484762	0.128494112
135	1.62159704	0.127583413
136	1.62072026	0.126648312
137	1.61897484	0.125735899
138	1.61823507	0.124826945
139	1.61707587	0.123934292
140	1.61616777	0.123052374
141	1.61540024	0.122182056
142	1.61591419	0.1213227
143	1.61556944	0.120474779
144	1.61500984	0.119639449
145	1.61394642	0.118819075
146	1.6117449	0.118025639
147	1.61150346	0.117222991
148	1.61201474	0.116432058
149	1.61141112	0.1156522
150	1.61009449	0.114888679
151	1.60888614	0.114134181
152	1.60770416	0.113389419
153	1.60737924	0.112648777
154	1.60544708	0.111933861
155	1.60547428	0.11121171
156	1.60421192	0.110505979
157	1.60323625	0.109806426
158	1.60336285	0.109111521
159	1.6031857	0.108425429
160	1.60206221	0.107753591
161	1.60258913	0.107085602
162	1.60050604	0.106444839
163	1.60023926	0.105792137
164	1.60015289	0.105147099
165	1.59945075	0.104512188
166	1.59862768	0.103885837
167	1.59955747	0.103267927
168	1.59844276	0.102659253
169	1.59650436	0.102070101
170	1.59535839	0.101476121
171	1.59531538	0.100882702
172	1.5959078	0.100297915
173	1.59470121	0.0997254153
174	1.59382149	0.0991561608
175	1.59306874	0.0985924114
176	1.5924987	0.0980338751
177	1.59176404	0.0974827641
178	1.59121012	0.0969366819
179	1.59148508	0.0963955261
180	1.59109264	0.0958607942
181	1.59165386	0.0953328194
182	1.59094068	0.0948116804
183	1.5898526	0.0942998271
184	1.58907519	0.0937905325
185	1.58925553	0.09328373
186	1.58842063	0.0927859407
187	1.58814961	0.092290155
188	1.5880043	0.0917993643
189	1.58785758	0.0913137706
190	1.58786981	0.0908331727
191	1.5879647	0.0903576559
192	1.58818208	0.0898873046
193	1.5875042	0.0894241233
194	1.58742843	0.0889632063
195	1.58674762	0.0885095897
196	1.5866465	0.0880580679
197	1.58755807	0.0876157909
198	1.58706095	0.0871746972
199	1.58652246	0.0867382965
200	1.58570546	0.0863084526
201	1.58371967	0.0859018991
202	1.58287228	0.0854808216
203	1.58302989	0.0850598792
204	1.58289785	0.0846430215
205	1.58288502	0.0842301296
206	1.58342032	0.0838229465
207	1.58240978	0.0834240959
208	1.58217454	0.0830233502
209	1.58152767	0.0826286293
210	1.58107265	0.0822364125
211	1.58141453	0.0818473771
212	1.58133623	0.081461342
213	1.58023797	0.0810862975
214	1.57970813	0.0807091206
215	1.57899328	0.0803368951
216	1.57866303	0.0799656438
217	1.57850525	0.0795972942
218	1.57769078	0.0792363359
219	1.5769447	0.0788780385
220	1.57616786	0.0785233273
221	1.57596046	0.078168292
222	1.57554671	0.0778172776
223	1.57523105	0.0774689614
224	1.57478904	0.0771243788
225	1.57476457	0.0767816077
226	1.57497598	0.0764421571
227	1.57431718	0.0761082463
228	1.57364882	0.0757773729
229	1.57384438	0.0754467196
230	1.57332834	0.0751204552
231	1.57408459	0.074799065
232	1.57298148	0.074484789
233	1.57324083	0.0741655633
234	1.57233851	0.0738541052
235	1.57233479	0.0735398325
236	1.57191972	0.0732293944
237	1.57127044	0.072923288
238	1.57200475	0.0726205847
239	1.5712202	0.0723209707
240	1.57095626	0.072020115
241	1.57064178	0.0717219629
242	1.57028138	0.0714264966
243	1.56955429	0.0711362611
244	1.56998807	0.0708460417
245	1.56908151	0.0705626741
246	1.56809726	0.0702826982
247	1.56802013	0.0699981952
248	1.56770478	0.0697166548
249	1.56715145	0.069438864
250	1.5673433	0.0691613736
251	1.56645533	0.0688915304
252	1.56558719	0.0686236209
253	1.56575057	0.0683525758
254	1.56583683	0.0680835256
255	1.56502533	0.0678213674
256	1.56460501	0.0675577427
257	1.56368942	0.0673010762
258	1.56314242	0.0670424421
259	1.56274336	0.0667847786
260	1.56209599	0.0665310517
261	1.56162605	0.0662778031
262	1.56117241	0.0660263868
263	1.56038058	0.0657800839
264	1.56007012	0.0655316495
265	1.55987865	0.06528464
266	1.55958213	0.0650398824
267	1.56030886	0.0648003474
268	1.56049389	0.0645588192
269	1.55988291	0.0643217146
270	1.55976308	0.0640835977
271	1.55891446	0.0638527455
272	1.55922173	0.0636187321
273	1.55890546	0.0633864826
274	1.55807561	0.063160577
275	1.55772254	0.062931889
276	1.55839138	0.062707429
277	1.55886574	0.0624828426
278	1.55899262	0.062258213
279	1.5594076	0.0620364483
280	1.55895259	0.0618165581
281	1.55910991	0.0615967705
282	1.55865709	0.0613800067
283	1.55886967	0.0611634843
284	1.55924991	0.0609493018
285	1.55887554	0.0607365944
286	1.55864916	0.0605246505
287	1.55868681	0.060313775
288	1.55828915	0.0601056631
289	1.5580779	0.0598980562
290	1.55780191	0.059692147
291	1.55792658	0.0594871496
292	1.55751625	0.0592848416
293	1.5586875	0.0590940728
294	1.5582364	0.0588947943
295	1.55821347	0.0586951554
296	1.55834511	0.0584970086
297	1.55808977	0.0583006063
298	1.55768094	0.0581064
299	1.55840566	0.0579165836
300	1.55796786	0.057725183
301	1.5576665	0.0575341916
302	1.55739718	0.0573443114
303	1.55755033	0.0571552608
304	1.55760307	0.0569672744
305	1.55782679	0.0567809357
306	1.55795514	0.0565955221
307	1.55814242	0.0564114818
308	1.55820304	0.0562283602
309	1.55740644	0.0560520339
310	1.55799303	0.0558742901
311	1.55809576	0.0556947244
312	1.55756426	0.0555187517
313	1.55715315	0.0553428976
314	1.55672446	0.0551683066
315	1.55641416	0.0549940418
316	1.55713272	0.0548247042
317	1.55656278	0.054654718
318	1.55630444	0.0544834583
319	1.55624463	0.0543126966
320	1.5557965	0.0541448182
321	1.55574093	0.0539761712
322	1.55565931	0.0538086051
323	1.55485516	0.0536480236
324	1.55421112	0.0534863089
325	1.5540846	0.0533218852
326	1.553649	0.0531601004
327	1.55305344	0.0530008672
328	1.55323393	0.0528395865
329	1.55238371	0.0526858197
330	1.55221174	0.0525264463
331	1.5519408	0.0523684549
332	1.55178048	0.052210964
333	1.55151977	0.0520548252
334	1.55104999	0.0519010922
335	1.55045715	0.0517495493
336	1.55075541	0.0515963923
337	1.54998945	0.0514489723
338	1.54938568	0.051300299
339	1.54958658	0.0511493641
340	1.54948421	0.0509990272
341	1.54897169	0.0508520452
342	1.54908952	0.0507034915
343	1.54880983	0.0505564394
344	1.54861591	0.0504098449
345	1.54773284	0.0502714634
346	1.54745598	0.0501269325
347	1.54732996	0.0499826329
348	1.54783562	0.0498415624
349	1.54769493	0.0496989484
350	1.54724379	0.049558999
351	1.54761156	0.0494191699
352	1.54750886	0.0492788812
353	1.54722599	0.0491400928
354	1.54812388	0.0490094815
355	1.54860589	0.0488737969
356	1.54868328	0.0487365722
357	1.54851569	0.0486003433
358	1.54851893	0.0484645883
359	1.54910639	0.0483331497
360	1.54878836	0.0481999373
361	1.54841777	0.0480678441
362	1.54872609	0.0479360488
363	1.5487677	0.0478040116
364	1.54861378	0.0476729297
365	1.54799159	0.0475463789
366	1.54859164	0.0474202571
367	1.54823848	0.0472923617
368	1.5483396	0.047163958
369	1.54858231	0.0470367668
370	1.54942313	0.0469171551
371	1.54903344	0.0467923121
372	1.548591	0.046668618
373	1.54893882	0.0465447973
374	1.54860791	0.0464215222
375	1.54874217	0.0462979257
376	1.54876068	0.0461747966
377	1.54846996	0.0460532322
378	1.54802664	0.0459335319
379	1.54812715	0.0458124452
380	1.54790709	0.0456924147
381	1.54775101	0.0455727537
382	1.54756116	0.0454538487
383	1.54752425	0.0453351852
384	1.54737464	0.0452173717
385	1.54731674	0.0450999611
386	1.54729335	0.0449831279
387	1.5467393	0.0448703043
388	1.54664321	0.0447547621
389	1.5467214	0.0446397796
390	1.54708012	0.0445267599
391	1.54723065	0.0444131352
392	1.54697248	0.0443005867
393	1.54683971	0.0441880615
394	1.54688051	0.0440759279
395	1.54681832	0.0439643871
396	1.5465954	0.0438539311
397	1.54610355	0.043746226
398	1.54623006	0.0436364938
399	1.54631669	0.0435272151
400	1.54633272	0.0434184
401	1.54686614	0.0433134013
402	1.5466891	0.0432060183
403	1.54630002	0.0431005592
404	1.54662272	0.0429950828
405	1.54666918	0.0428889472
406	1.54596581	0.0427890765
407	1.54549896	0.0426864904
408	1.54504673	0.0425842621
409	1.54486539	0.0424805302
410	1.54474417	0.0423770921
411	1.5447653	0.04227399
412	1.54450151	0.0421722063
413	1.54432441	0.0420704663
414	1.54480893	0.0419716368
415	1.54485977	0.0418705311
416	1.54515062	0.041770891
417	1.54556414	0.0416727678
418	1.54539934	0.0415733981
419	1.54530535	0.0414742838
420	1.54537354	0.0413755916
421	1.54523364	0.0412775488
422	1.54566986	0.0411820397
423	1.54529226	0.0410864137
424	1.54478282	0.0409926701
425	1.54464236	0.0408964573
426	1.5444714	0.0408008136
427	1.54382534	0.0407103761
428	1.54366507	0.0406155738
429	1.54386037	0.0405213684
430	1.54343865	0.0404293271
431	1.54323531	0.0403360349
432	1.54322301	0.0402426663
433	1.54313317	0.0401498274
434	1.54346445	0.040058683
435	1.54387648	0.039968713
436	1.54383757	0.0398770606
437	1.54378147	0.0397858482
438	1.5442152	0.039697377
439	1.54444481	0.0396076142
440	1.54436291	0.0395176816
441	1.54438319	0.0394280776
442	1.54406784	0.0393401349
443	1.54392458	0.0392515918
444	1.54341213	0.0391665323
445	1.54281991	0.0390829948
446	1.54217895	0.0390006202
447	1.54240112	0.0389140033
448	1.5425036	0.0388272766
449	1.54244743	0.0387408422
450	1.54279359	0.0386562979
451	1.54237772	0.0385728225
452	1.5421613	0.0384880915
453	1.542074	0.0384032279
454	1.54158575	0.0383217429
455	1.54086191	0.0382443548
456	1.54100664	0.0381607594
457	1.54088304	0.0380774568
458	1.54021642	0.0380001532
459	1.54005799	0.0379176944
460	1.53968066	0.037837142
461	1.53972	0.0377550863
462	1.53964375	0.0376734423
463	1.53956795	0.0375921504
464	1.54010284	0.0375149381
465	1.54023294	0.0374344864
466	1.5400036	0.0373548573
467	1.54023467	0.037275583
468	1.5397659	0.0371988817
469	1.53977466	0.0371195674
470	1.53977922	0.0370405899
471	1.53997146	0.0369624463
472	1.53968679	0.0368852323
473	1.53927066	0.036809598
474	1.53912074	0.0367322459
475	1.53905014	0.0366549827
476	1.53888599	0.036578344
477	1.53866272	0.0365023413
478	1.53885603	0.0364264885
479	1.53871017	0.0363507335
480	1.53849966	0.0362756124
481	1.53857656	0.0362002768
482	1.53872828	0.0361254904
483	1.53832725	0.0360529223
484	1.53833429	0.0359784335
485	1.53820406	0.0359044869
486	1.53808233	0.0358308157
487	1.53781175	0.0357582627
488	1.53784772	0.0356850057
489	1.53748048	0.0356139198
490	1.53702646	0.0355441322
491	1.53689665	0.035471978
492	1.53715529	0.0354008233
493	1.53695251	0.0353295971
494	1.53732253	0.0352600173
495	1.53717361	0.0351890994
496	1.5368818	0.0351193635
497	1.53682692	0.0350487437
498	1.53664385	0.0349788428
499	1.5361247	0.0349125973
500	1.536532	0.0348451479
501	1.53669345	0.0347759707
502	1.53632904	0.034708605
503	1.53624005	0.0346397159
504	1.53617744	0.0345710429
505	1.5362085	0.0345025993
506	1.53628089	0.0344344883
507	1.53600228	0.0343676973
508	1.53585692	0.0343003517
509	1.53596357	0.0342331298
510	1.53603486	0.0341660803
511	1.53621748	0.0340997071
512	1.53552575	0.0340401214
513	1.53517588	0.0339755643
514	1.53521241	0.0339094836
515	1.53555328	0.0338453532
516	1.5353517	0.0337803617
517	1.53549528	0.0337153277
518	1.53525544	0.0336510932
519	1.53516832	0.0335863677
520	1.53542422	0.0335227534
521	1.53532569	0.0334585551
522	1.53498059	0.033396238
523	1.53468649	0.0333336779
524	1.53461727	0.0332701358
525	1.53484855	0.033207568
526	1.53467428	0.033144893
527	1.53429705	0.0330841461
528	1.53451631	0.0330222133
529	1.5343337	0.0329602944
530	1.53419813	0.032898384
531	1.5342229	0.0328364378
532	1.5338357	0.032776998
533	1.53355152	0.0327167346
534	1.5334186	0.0326557373
535	1.53342057	0.0325946986
536	1.53346822	0.0325339224
537	1.53306094	0.032475887
538	1.53336517	0.0324169479
539	1.53307614	0.0323580936
540	1.53310829	0.0322981872
541	1.53320058	0.0322386181
542	1.53304354	0.0321795197
543	1.53300307	0.0321202827
544	1.53305046	0.032061273
545	1.53279869	0.0320034334
546	1.53309508	0.0319461914
547	1.53351716	0.0318905772
548	1.5331855	0.0318341073
549	1.5332687	0.0317762304
550	1.53350872	0.0317193619
551	1.53363399	0.0316620424
552	1.5336259	0.0316046847
553	1.53415093	0.0315518941
554	1.53420263	0.0314949836
555	1.53368118	0.0314425523
556	1.53335411	0.031387702
557	1.53369654	0.0313332186
558	1.53351907	0.0312775685
559	1.53383496	0.0312232108
560	1.5336343	0.0311680999
561	1.53334855	0.0311138516
562	1.53292321	0.0310613961
563	1.53268134	0.0310071665
564	1.53300938	0.0309539244
565	1.53306716	0.0308991926
566	1.53280204	0.0308457378
567	1.53273382	0.0307914116
568	1.53284293	0.0307373947
569	1.53243023	0.0306861452
570	1.53210886	0.0306339926
571	1.53215586	0.0305803789
572	1.5320549	0.0305270834
573	1.53217473	0.0304740427
574	1.53201718	0.0304213593
575	1.53212233	0.0303686343
576	1.53214825	0.030315922
577	1.53191439	0.0302642835
578	1.53198606	0.030212008
579	1.53220597	0.0301606287
580	1.53207328	0.0301089194
581	1.53205138	0.0300571048
582	1.53156607	0.0300093781
583	1.53168285	0.0299581313
584	1.5317911	0.0299070287
585	1.5320656	0.0298571653
586	1.53197515	0.0298063515
587	1.53184907	0.0297558408
588	1.53196115	0.0297054467
589	1.53226909	0.0296566091
590	1.53278169	0.0296107734
591	1.53246808	0.0295623312
592	1.53223013	0.0295133525
593	1.5319161	0.0294652535
594	1.53168487	0.029416556
595	1.53121262	0.029370907
596	1.53133443	0.0293218795
597	1.53120476	0.0292730508
598	1.53086605	0.0292260587
599	1.53065369	0.0291780388
600	1.53051901	0.0291297195
601	1.53036825	0.0290816409
602	1.53016907	0.0290340147
603	1.53001546	0.0289862717
604	1.5296891	0.0289401184
605	1.52958629	0.0288924661
606	1.52948434	0.0288449686
607	1.52925422	0.028798366
608	1.52918628	0.0287510804
609	1.52912981	0.0287039256
610	1.52906099	0.0286569525
611	1.52889	0.0286105608
612	1.52896226	0.0285639028
613	1.5289073	0.0285173588
614	1.52934149	0.0284742189
615	1.52958034	0.0284289211
616	1.52916706	0.0283857741
617	1.52945477	0.0283412261
618	1.52956663	0.0282955873
619	1.5296889	0.0282501397
620	1.5294735	0.0282053961
621	1.52967735	0.0281607135
622	1.52955854	0.0281156897
623	1.52941057	0.0280709495
624	1.5290388	0.0280284257
625	1.52887561	0.0279840553
626	1.52879981	0.027939455
627	1.52874667	0.027894945
628	1.52858366	0.0278510026
629	1.52846341	0.027806984
630	1.52841623	0.0277628859
631	1.52844694	0.0277189047
632	1.5283587	0.0276751861
633	1.52839487	0.0276314891
634	1.5286431	0.0275890212
635	1.52889057	0.0275466838
636	1.52887451	0.0275033761
637	1.52933145	0.0274639953
638	1.5293313	0.0274209482
639	1.52920064	0.0273783472
640	1.52899255	0.0273363594
641	1.52887018	0.0272939869
642	1.52906568	0.0272521731
643	1.52867043	0.0272126563
644	1.52869478	0.0271704115
645	1.52840418	0.0271298409
646	1.52870591	0.0270895221
647	1.52869841	0.0270476537
648	1.52878196	0.0270060425
649	1.52872048	0.0269645008
650	1.52882973	0.0269232382
651	1.52855811	0.0268832515
652	1.52848422	0.0268421211
653	1.52840658	0.0268011276
654	1.52839889	0.0267601483
655	1.52827041	0.0267196016
656	1.52815969	0.0266790999
657	1.5283693	0.0266393158
658	1.52809557	0.0266002369
659	1.52792379	0.026560427
660	1.52808485	0.0265206722
661	1.52772815	0.0264829488
662	1.52759634	0.0264432724
663	1.52749918	0.0264035666
664	1.52755852	0.0263638689
665	1.52729276	0.0263255634
666	1.52739739	0.0262862434
667	1.52702366	0.0262494905
668	1.52678991	0.0262112356
669	1.52705944	0.0261734416
670	1.5268392	0.0261353034
671	1.52705612	0.0260972538
672	1.52689165	0.0260589369
673	1.52709308	0.0260209949
674	1.52703601	0.0259824507
675	1.52738814	0.0259463442
676	1.52755585	0.0259085041
677	1.5273436	0.0258711039
678	1.52733203	0.0258329485
679	1.52710422	0.0257959074
680	1.52732739	0.0257589376
681	1.52743232	0.0257213262
682	1.52735575	0.0256837256
683	1.52721604	0.0256465013
684	1.52715247	0.0256090852
685	1.52731871	0.0255722392
686	1.52738941	0.0255350596
687	1.52734539	0.0254979286
688	1.52728327	0.0254609433
689	1.5274829	0.0254247725
690	1.52742056	0.0253880014
691	1.52726242	0.025351753
692	1.52708985	0.0253157048
693	1.52691246	0.0252797957
694	1.52672096	0.0252440948
695	1.52631891	0.0252109738
696	1.52637375	0.0251748108
697	1.52646164	0.0251388454
698	1.52655015	0.0251029857
699	1.52647653	0.0250671809
700	1.52638757	0.0250315285
701	1.52613115	0.0249971335
702	1.52602555	0.0249617481
703	1.52589486	0.0249265828
704	1.52612073	0.024892199
705	1.5262417	0.0248571849
706	1.52595843	0.0248235904
707	1.52621887	0.0247898456
708	1.52625108	0.0247548526
709	1.52605975	0.0247206768
710	1.52571234	0.0246883001
711	1.52567984	0.0246535981
712	1.52553743	0.0246193836
713	1.52539635	0.0245852585
714	1.52524153	0.0245513129
715	1.52532493	0.024517117
716	1.52557674	0.0244841683
717	1.52540736	0.0244506061
718	1.52563503	0.0244176122
719	1.52573287	0.0243838477
720	1.52591097	0.0243506317
721	1.52591554	0.0243168587
722	1.52581258	0.0242833968
723	1.52579811	0.0242498141
724	1.52562722	0.024216922
725	1.52589541	0.0241850043
726	1.52608632	0.0241524451
727	1.52621686	0.0241195758
728	1.52617285	0.0240864847
729	1.52594684	0.0240545045
730	1.52621877	0.0240230902
731	1.52655412	0.0239925674
732	1.52646528	0.0239599552
733	1.52674858	0.0239289425
734	1.52665341	0.023896531
735	1.52659874	0.0238640812
736	1.52655815	0.0238316917
737	1.52665863	0.0237995675
738	1.52663365	0.0237673318
739	1.52646646	0.0237357584
740	1.52633759	0.0237040329
741	1.52601863	0.0236741895
742	1.52584795	0.0236428988
743	1.52559698	0.02361241
744	1.52573386	0.0235810696
745	1.52593887	0.0235503083
746	1.52575446	0.0235194615
747	1.52564481	0.0234882319
748	1.52566762	0.0234568416
749	1.5258049	0.0234259258
750	1.52572322	0.0233948336
751	1.52575315	0.0233637012
752	1.52592641	0.0233332749
753	1.52593613	0.0233022898
754	1.52618036	0.0232726648
755	1.5260192	0.023242398
756	1.52594408	0.0232117755
757	1.52578972	0.0231816259
758	1.52575259	0.023151073
759	1.52583267	0.0231207095
760	1.52566864	0.0230908693
761	1.5255826	0.0230606868
762	1.5256125	0.0230304428
763	1.52560417	0.0230002603
764	1.52581325	0.0229711055
765	1.52588181	0.0229411803
766	1.52585784	0.0229112435
767	1.52586531	0.0228813734
768	1.52576983	0.0228517792
769	1.52561117	0.0228226138
770	1.52534833	0.0227944875
771	1.52513516	0.0227659194
772	1.52497028	0.0227370269
773	1.52504143	0.0227077242
774	1.52504199	0.0226783861
775	1.52524611	0.0226500422
776	1.52507012	0.0226215377
777	1.52555976	0.0225977222
778	1.52547901	0.0225688205
779	1.52543872	0.022539885
780	1.52538707	0.0225110469
781	1.52524977	0.0224826422
782	1.52527097	0.022453902
783	1.52507153	0.022426111
784	1.52505115	0.0223975155
785	1.52512038	0.0223690906
786	1.52539005	0.0223422566
787	1.52526848	0.0223141982
788	1.52540619	0.0222863057
789	1.52571915	0.0222602566
790	1.52582804	0.0222323454
791	1.52581258	0.0222042441
792	1.52584578	0.0221762333
793	1.52572059	0.0221486217
794	1.52581792	0.0221209406
795	1.52593252	0.0220934123
796	1.52591925	0.0220656608
797	1.52572665	0.0220388154
798	1.52589629	0.0220118506
799	1.52588097	0.0219843067
800	1.52574696	0.0219572348
801	1.52542501	0.0219321828
802	1.52535232	0.0219049563
803	1.5252665	0.0218778456
804	1.52540686	0.0218510845
805	1.52562467	0.0218250259
806	1.52562005	0.0217979482
807	1.52583576	0.0217720043
808	1.52619589	0.0217480372
809	1.52593756	0.0217226888
810	1.52582906	0.0216961416
811	1.52594153	0.0216696808
812	1.52588131	0.0216430776
813	1.52561711	0.0216180689
814	1.52564455	0.0215915285
815	1.52535762	0.0215669423
816	1.52535156	0.021540513
817	1.52529874	0.0215142124
818	1.52509603	0.0214888664
819	1.52507183	0.0214626421
820	1.52528153	0.0214374925
821	1.52545701	0.0214120993
822	1.52545344	0.0213860508
823	1.5255609	0.0213603353
824	1.52517039	0.0213379819
825	1.52498731	0.0213129031
826	1.52486737	0.021287438
827	1.52476045	0.021261966
828	1.52474942	0.0212362902
829	1.52458682	0.0212112958
830	1.52462213	0.0211857695
831	1.52465583	0.0211603019
832	1.52488316	0.0211360899
833	1.52496461	0.0211108734
834	1.52497733	0.0210855645
835	1.52481861	0.0210609097
836	1.52458554	0.0210370067
837	1.52444691	0.0210123297
838	1.52441844	0.0209872746
839	1.52435952	0.0209623427
840	1.52412664	0.0209386811
841	1.52407325	0.0209138518
842	1.52414427	0.020889134
843	1.52416321	0.0208643631
844	1.52416024	0.0208396425
845	1.52405631	0.0208152394
846	1.52411071	0.0207907062
847	1.52389799	0.0207672481
848	1.52389212	0.0207427592
849	1.52368875	0.0207193242
850	1.52346953	0.0206961082
851	1.5235722	0.0206720431
852	1.52336855	0.0206487832
853	1.52326887	0.0206248166
854	1.52327558	0.0206006668
855	1.52322958	0.0205766239
856	1.52322522	0.0205525862
857	1.52310664	0.0205289463
858	1.52319492	0.0205052096
859	1.52325241	0.0204814192
860	1.52304536	0.0204586501
861	1.52285095	0.0204358123
862	1.52287507	0.0204121191
863	1.5228607	0.0203884716
864	1.52261244	0.0203663854
865	1.52250049	0.0203431481
866	1.52260142	0.0203199076
867	1.52232423	0.0202983611
868	1.52213856	0.020275825
869	1.52229121	0.0202530673
870	1.52221608	0.0202299273
871	1.52206545	0.020207262
872	1.52207491	0.0201840907
873	1.52228331	0.0201620462
874	1.52213022	0.0201395588
875	1.5223514	0.0201177567
876	1.52216905	0.0200956176
877	1.52195703	0.020073822
878	1.52174097	0.0200521216
879	1.52215392	0.0200335608
880	1.52213487	0.0200108045
881	1.52208628	0.0199881497
882	1.52190328	0.0199663251
883	1.52191134	0.0199437148
884	1.52206433	0.0199217408
885	1.52178215	0.0199012288
886	1.52183698	0.0198788424
887	1.52194495	0.0198567243
888	1.52201127	0.0198344739
889	1.52190243	0.0198124615
890	1.52182841	0.0197903386
891	1.52215867	0.0197708828
892	1.52212594	0.0197487452
893	1.52197494	0.0197272074
894	1.52218142	0.0197062217
895	1.52225843	0.0196843541
896	1.5224173	0.019663026
897	1.52239078	0.019641123
898	1.52264661	0.019620917
899	1.52254748	0.0195993421
900	1.52263653	0.0195777673
901	1.52256907	0.0195561546
902	1.52249643	0.0195346086
903	1.52247774	0.0195129846
904	1.52248223	0.0194913999
905	1.52258765	0.0194701475
906	1.52263912	0.0194487253
907	1.52284969	0.0194284223
908	1.52278666	0.0194071276
909	1.52276074	0.0193857949
910	1.52284257	0.0193646645
911	1.52271071	0.019343857
912	1.52265918	0.0193227153
913	1.52263221	0.0193015701
914	1.52261828	0.0192804574
915	1.52241822	0.0192604239
916	1.52235067	0.0192395156
917	1.52223879	0.01921886
918	1.52231974	0.0191980949
919	1.52245776	0.0191777008
920	1.52253299	0.0191570031
921	1.52293397	0.0191403989
922	1.52344673	0.0191265062
923	1.52335783	0.0191059907
924	1.52338103	0.0190853273
925	1.52370078	0.0190673728
926	1.5238066	0.0190470753
927	1.5236991	0.0190268317
928	1.52356765	0.0190067827
929	1.52338973	0.018987156
930	1.5235402	0.0189673359
931	1.52363355	0.0189471926
932	1.52357941	0.0189269404
933	1.52332148	0.0189084117
934	1.52322258	0.0188884258
935	1.5235056	0.0188703445
936	1.52338544	0.0188505664
937	1.52348963	0.0188307363
938	1.52352118	0.0188106873
939	1.5239449	0.0187954263
940	1.52399793	0.018775506
941	1.52390989	0.0187557597
942	1.5237212	0.0187367983
943	1.52365006	0.018717064
944	1.52366506	0.0186972426
945	1.52369199	0.0186774765
946	1.52363531	0.0186578189
947	1.52376319	0.0186385551
948	1.52348442	0.0186209788
949	1.52342691	0.0186014459
950	1.52318432	0.0185834473
951	1.52318911	0.018563907
952	1.52309815	0.0185446299
953	1.52297475	0.0185255812
954	1.52302651	0.0185062347
955	1.5229967	0.0184868804
956	1.52296663	0.0184675671
957	1.52288679	0.0184484423
958	1.52285204	0.0184292178
959	1.52282102	0.0184100268
960	1.52276228	0.0183909434
961	1.52271944	0.018371856
962	1.52257259	0.0183533453
963	1.52253361	0.0183343282
964	1.52257665	0.0183153597
965	1.52273487	0.0182970634
966	1.52279957	0.0182782367
967	1.52287103	0.0182594744
968	1.52300384	0.0182410943
969	1.52301927	0.0182222762
970	1.52309071	0.0182036303
971	1.52299068	0.0181851578
972	1.52294211	0.0181665137
973	1.52293486	0.0181478445
974	1.52287317	0.0181293171
975	1.52295002	0.0181108858
976	1.52267737	0.0180943817
977	1.52250294	0.0180767021
978	1.52267845	0.0180590707
979	1.5227412	0.0180407333
980	1.52278547	0.0180223787
981	1.52262822	0.0180046932
982	1.52247816	0.0179869838
983	1.52249245	0.0179686914
984	1.52233353	0.0179511333
985	1.52233823	0.0179329094
986	1.52224296	0.0179149749
987	1.52227162	0.0178968469
988	1.52220936	0.017878841
989	1.52206824	0.0178613203
990	1.52213502	0.0178434034
991	1.52228429	0.0178260223
992	1.5221404	0.0178086333
993	1.52181428	0.0177936848
994	1.52173827	0.0177759461
995	1.52188753	0.0177587075
996	1.52159769	0.0177432426
997	1.52173999	0.0177260166
998	1.52173789	0.0177082552
999	1.52157129	0.0176913129
1000	1.52141344	0.0176743257
