1	5.21535829	0
2	5.13916916	0.0538738477
3	4.99460608	0.123378586
4	4.98236393	0.0931393182
5	5.00051638	0.076259859
6	4.9605691	0.0732694234
7	4.92170654	0.0723787176
8	4.93861707	0.0652769783
9	4.98051425	0.0701934047
10	4.96146754	0.0657073964
11	4.91179666	0.0762302803
12	4.87849158	0.0768094636
13	4.86953333	0.0714215303
14	4.90097666	0.0729136755
15	4.84847937	0.0848729253
16	4.91800243	0.104223273
17	4.94499127	0.101526781
18	4.93105969	0.0968375386
19	4.93884031	0.092052871
20	4.95410518	0.0887068638
21	4.95681776	0.0845241916
22	4.98556946	0.0854324258
23	4.98547519	0.0817180245
24	4.97962356	0.0785223373
25	4.98812349	0.0758401004
26	4.9926044	0.073055428
27	4.98836831	0.0704723783
28	5.00256794	0.0693713152
29	4.99338187	0.0675846691
30	4.99337369	0.0653318473
31	5.03939382	0.077761524
32	5.04346013	0.0754377194
33	5.04168004	0.073172727
34	5.0503352	0.0715306396
35	5.03890101	0.0703948534
36	5.02030339	0.0708535188
37	5.02639113	0.069199594
38	5.02434601	0.0674087659
39	5.0127945	0.066662752
40	5.02185489	0.06560901
41	5.01526667	0.0643387227
42	5.01701416	0.0628305755
43	5.00255546	0.0630110733
44	4.99645481	0.0618736275
45	4.98646232	0.0613002332
46	4.98758077	0.0599778219
47	4.98701514	0.0587043651
48	4.98292635	0.0576235749
49	4.97984486	0.0565299166
50	4.97160582	0.0559965054
51	4.9640794	0.0554020333
52	4.9641402	0.0543366429
53	4.95293534	0.0544544562
54	4.94782581	0.0536852221
55	4.94460811	0.0528054681
56	4.9400403	0.0520597019
57	4.93419809	0.051473141
58	4.9295792	0.0507924852
59	4.9259073	0.050064145
60	4.93075536	0.049463922
61	4.92981419	0.0486619913
62	4.92657211	0.0479849997
63	4.9293029	0.0473009726
64	4.9243335	0.0468222076
65	4.92411035	0.0461023977
66	4.93011401	0.0457931197
67	4.92884993	0.0451270838
68	4.93222644	0.0445895904
69	4.92892598	0.0440653426
70	4.93216499	0.0435547156
71	4.93368466	0.0429677722
72	4.94714908	0.0444305555
73	4.94934665	0.043876231
74	4.94475964	0.0435224221
75	4.94242351	0.0430047748
76	4.94485942	0.042507855
77	4.94272182	0.0420095176
78	4.9410811	0.0415029617
79	4.94849437	0.0416344245
80	4.94505231	0.0412560327
81	4.94409692	0.0407577598
82	4.9417834	0.0403263213
83	4.94062549	0.0398570824
84	4.94614852	0.0397634181
85	4.94342823	0.0393885532
86	4.9421332	0.0389518302
87	4.94204387	0.0385042104
88	4.93991827	0.0381252888
89	4.9390076	0.0377077895
90	4.94564386	0.037868276
91	4.94801274	0.0375261613
92	4.94217847	0.0375690634
93	4.94152464	0.037170784
94	4.94288148	0.0368001061
95	4.94400149	0.0364297762
96	4.9441002	0.0360504331
97	4.94498834	0.0356897174
98	4.94029923	0.0356322453
99	4.94358963	0.0354239211
100	4.94334331	0.0350705382
101	4.9438561	0.0347270539
102	4.94098052	0.0345054434
103	4.94285957	0.0342215639
104	4.94551721	0.0339955496
105	4.94613919	0.0336774719
106	4.94425898	0.0334122046
107	4.94351186	0.033108293
108	4.94159912	0.0328569403
109	4.93852474	0.0326990165
110	4.93360884	0.0327691932
111	4.9286365	0.0328490557
112	4.9265516	0.0326218566
113	4.93280342	0.0329267837
114	4.9322127	0.0326432507
115	4.9341816	0.0324187199
116	4.9429533	0.0333048157
117	4.93876189	0.0332828594
118	4.93644113	0.0330816136
119	4.93900447	0.0329027778
120	4.94026801	0.0326528402
121	4.93993861	0.0323846434
122	4.9374943	0.0322113086
123	4.93680619	0.0319567769
124	4.93566025	0.0317196003
125	4.94134704	0.0319715526
126	4.93932408	0.031781746
127	4.93602218	0.0317025542
128	4.93367906	0.0315413489
129	4.92943178	0.0315815117
130	4.92871906	0.0313466182
131	4.92516163	0.0313085409
132	4.92942757	0.0313606359
133	4.92617125	0.0312934448
134	4.92658417	0.0310626358
135	4.92789937	0.0308603726
136	4.92943327	0.0306715554
137	4.93111767	0.0304938918
138	4.93671697	0.0307827027
139	4.93419551	0.0306643391
140	4.93182945	0.0305364545
141	4.93377783	0.0303819785
142	4.93305989	0.0301765023
143	4.93492951	0.0300233394
144	4.93349259	0.0298492097
145	4.93325623	0.0296442889
146	4.93538702	0.0295177255
147	4.93828935	0.0294592648
148	4.93766566	0.0292668172
149	4.93898017	0.0290999011
150	4.93634738	0.0290247566
151	4.93806871	0.0288835365
152	4.93871755	0.0287008001
153	4.9402286	0.0285529626
154	4.93984816	0.0283700881
155	4.93991408	0.0281871318
156	4.93727273	0.0281299306
157	4.94242386	0.0284184817
158	4.94205382	0.028241027
159	4.94130018	0.0280734644
160	4.94655771	0.028386044
161	4.94893511	0.0283091148
162	4.94551923	0.0283397038
163	4.94553023	0.0281658427
164	4.94600563	0.0279981115
165	4.94785808	0.0278896408
166	4.95109423	0.0279087509
167	4.95169527	0.0277481039
168	4.95077188	0.0275982964
169	4.94848172	0.0275298502
170	4.94695648	0.0274101284
171	4.94680845	0.027250235
172	4.94574867	0.0271124033
173	4.9482657	0.0270722688
174	4.9485072	0.0269177582
175	4.94753334	0.0267815535
176	4.94562418	0.0266973468
177	4.9451142	0.0265513849
178	4.94611423	0.0264210456
179	4.94794707	0.0263369379
180	4.94665903	0.0262220995
181	4.94862491	0.026150814
182	4.94972541	0.0260302738
183	4.94942242	0.0258897951
184	4.94947187	0.0257491369
185	4.95094563	0.0256520932
186	4.950504	0.0255179798
187	4.95108691	0.0253881769
188	4.94969593	0.0252912096
189	4.94925158	0.0251612969
190	4.95184437	0.0251621035
191	4.95388464	0.0251129458
192	4.95703384	0.0251788321
193	4.95796061	0.0250654221
194	4.95558972	0.0250480968
195	4.95267746	0.0250883728
196	4.95131327	0.0249974327
197	4.95122062	0.0248707139
198	4.9549775	0.0250272463
199	4.9561521	0.0249290296
200	4.95857947	0.0249222827
201	4.96024893	0.0248541437
202	4.95977368	0.0247356466
203	4.95810734	0.0246698599
204	4.95826518	0.0245494342
205	4.95931645	0.0244521794
206	4.95946194	0.0243339124
207	4.95913706	0.0242185258
208	4.95728543	0.0241727705
209	4.95702392	0.0240585258
210	4.95756185	0.0239499744
211	4.95636709	0.0238662495
212	4.95370856	0.0239012858
213	4.95315281	0.0237955333
214	4.95262208	0.0236902572
215	4.95124781	0.0236198966
216	4.9508927	0.0235132145
217	4.95002539	0.0234208492
218	4.95175812	0.0233774223
219	4.95149197	0.0232721911
220	4.95115206	0.0231688906
221	4.9512001	0.0230641038
222	4.95072798	0.0229650432
223	4.95336523	0.0230129907
224	4.95512976	0.0229778028
225	4.95714447	0.0229638346
226	4.95606432	0.0228876142
227	4.95651616	0.0227912474
228	4.95508032	0.0227364698
229	4.95758186	0.0227743826
230	4.95781088	0.022676515
231	4.96148175	0.0228735381
232	4.96241521	0.0227939843
233	4.96172154	0.0227067085
234	4.96373632	0.0226988814
235	4.96375994	0.0226023027
236	4.9637184	0.0225065684
237	4.96523333	0.0224625314
238	4.966504	0.0224040623
239	4.96494767	0.0223643125
240	4.9653469	0.0222746909
241	4.96813091	0.0223555685
242	4.96914802	0.0222863159
243	4.96867797	0.0221995591
244	4.96882018	0.0221090327
245	4.96764196	0.0220501638
246	4.96896292	0.0220000608
247	4.96857882	0.0219143443
248	4.9661273	0.021962676
249	4.96561935	0.0218803458
250	4.96600314	0.0217961901
251	4.9633944	0.0218649124
252	4.9627594	0.0217873657
253	4.96174991	0.0217246241
254	4.96011744	0.0217003419
255	4.95858323	0.0216694088
256	4.95761452	0.0216064045
257	4.95632027	0.0215610619
258	4.95816319	0.0215561092
259	4.95538938	0.0216506095
260	4.95978265	0.0220085576
261	4.96423131	0.0223693265
262	4.9643313	0.0222841708
263	4.96485291	0.0222055441
264	4.96449183	0.0221243679
265	4.96465787	0.0220415027
266	4.96484194	0.0219594085
267	4.9646703	0.0218778344
268	4.96509167	0.0218002581
269	4.96623681	0.0217492717
270	4.96658397	0.0216714894
271	4.96704008	0.0215963199
272	4.96918195	0.0216228743
273	4.97030142	0.0215726287
274	4.97067282	0.0214970933
275	4.97119949	0.0214253727
276	4.97197109	0.0213616339
277	4.97116512	0.0212997149
278	4.97180615	0.0212327412
279	4.97083147	0.0211789977
280	4.97311357	0.021225954
281	4.97483491	0.0212200984
282	4.97456148	0.0211466114
283	4.97471431	0.0210724407
284	4.97552828	0.0210139565
285	4.97587588	0.0209430981
286	4.9745203	0.0209136953
287	4.97399678	0.0208473768
288	4.97471554	0.0207873769
289	4.97601529	0.0207560425
290	4.97684751	0.0207011472
291	4.97814629	0.0206707113
292	4.978365	0.0206010783
293	4.98186044	0.020825197
294	4.98010796	0.02082797
295	4.9787332	0.0208026877
296	4.9778536	0.020750996
297	4.97925686	0.0207285196
298	4.97778345	0.0207112604
299	4.9780685	0.0206439534
300	4.98067818	0.0207394349
301	4.97902171	0.0207365792
302	4.97669232	0.020798337
303	4.97637554	0.0207321079
304	4.97751779	0.0206953527
305	4.98034844	0.0208201835
306	4.98074268	0.0207558759
307	4.98184946	0.020717755
308	4.98085026	0.0206745707
309	4.98175939	0.0206276418
310	4.98250161	0.0205744499
311	4.98094379	0.0205671863
312	4.98078912	0.0205018474
313	4.9812655	0.02044188
314	4.98322722	0.0204706915
315	4.98229818	0.0204267762
316	4.98263038	0.0203648356
317	4.98197435	0.0203111571
318	4.98086424	0.0202775999
319	4.98017615	0.0202257048
320	4.97936481	0.0201787661
321	4.9799542	0.0201245095
322	4.98028796	0.0200647785
323	4.97914275	0.0200353132
324	4.97788892	0.0200126705
325	4.97844946	0.0199589418
326	4.97858494	0.0198981778
327	4.98133801	0.020026876
328	4.98063433	0.0199781771
329	4.98164101	0.0199427998
330	4.98175681	0.0198827033
331	4.98104059	0.0198355304
332	4.97993626	0.0198065025
333	4.98205211	0.0198597167
334	4.98166604	0.0198040087
335	4.98358228	0.0198373832
336	4.9841694	0.0197870297
337	4.98460266	0.0197330574
338	4.98486	0.0196763535
339	4.98388436	0.0196424845
340	4.98370283	0.0195855512
341	4.98400951	0.0195305164
342	4.98387582	0.0194738672
343	4.98451544	0.0194275936
344	4.98461308	0.0193713634
345	4.9852103	0.0193244186
346	4.98516933	0.0192686111
347	4.98504557	0.0192134794
348	4.9878703	0.0193647973
349	4.98710523	0.0193244179
350	4.98607274	0.0192967683
351	4.98746338	0.0192918357
352	4.98815334	0.0192493633
353	4.99038564	0.0193238368
354	4.99021912	0.0192699671
355	4.99100981	0.0192319003
356	4.99170974	0.0191906108
357	4.99005994	0.0192076409
358	4.98893148	0.0191871085
359	4.98913197	0.01913471
360	4.99086324	0.0191597184
361	4.99144154	0.0191153698
362	4.9920299	0.0190716176
363	4.99308495	0.0190482393
364	4.99399141	0.0190174649
365	4.99326522	0.0189792223
366	4.99444222	0.0189638275
367	4.99538896	0.0189357723
368	4.99541898	0.0188843402
369	4.99458016	0.0188517837
370	4.99467934	0.0188010938
371	4.99390754	0.0187662517
372	4.99351768	0.018719854
373	4.99369653	0.0186705211
374	4.99270313	0.0186470087
375	4.99265366	0.018597349
376	4.99257025	0.0185480749
377	4.99237878	0.018499864
378	4.99379058	0.0185047144
379	4.99388837	0.0184561476
380	4.99493223	0.0184370751
381	4.99338144	0.018453789
382	4.99233467	0.0184351449
383	4.99233275	0.0183870115
384	4.99255955	0.0183405274
385	4.99186695	0.0183059623
386	4.99215335	0.0182607778
387	4.9922138	0.0182136924
388	4.99125657	0.0181918864
389	4.99132629	0.0181452542
390	4.990781	0.0181069193
391	4.99060636	0.0180614523
392	4.9901029	0.0180223926
393	4.99089246	0.0179938208
394	4.99089874	0.0179481523
395	4.99025943	0.0179140965
396	4.9909275	0.0178813119
397	4.99187155	0.0178611738
398	4.99169212	0.0178171976
399	4.99190238	0.0177737835
400	4.9904889	0.0177854648
401	4.99064263	0.0177417764
402	4.99051324	0.0176981144
403	4.98966346	0.0176745879
404	4.98887037	0.0176486238
405	4.98989947	0.0176350252
406	4.98923138	0.0176042396
407	4.99002939	0.0175790635
408	4.99036324	0.0175391475
409	4.99110776	0.0175120594
410	4.9918845	0.0174865645
411	4.99156855	0.0174468721
412	4.99141465	0.0174052042
413	4.9913621	0.0173631401
414	4.99221956	0.0173423598
415	4.99130639	0.0173245958
416	4.9912183	0.0172831741
417	4.99033443	0.0172643134
418	4.98998505	0.0172265461
419	4.98961962	0.0171893083
420	4.98959571	0.017148398
421	4.98981509	0.0171090688
422	4.98989669	0.0170687205
423	4.9912728	0.0170837515
424	4.99111296	0.0170442075
425	4.99131603	0.0170053131
426	4.99163541	0.0169683936
427	4.99287201	0.0169736543
428	4.99356573	0.0169481666
429	4.99555718	0.0170252588
430	4.99529404	0.0169876985
431	4.9947139	0.0169581874
432	4.9956142	0.0169428138
433	4.99602771	0.0169087302
434	4.99570937	0.0168727665
435	4.99544764	0.0168360084
436	4.99492166	0.0168056077
437	4.99434636	0.0167769951
438	4.99415832	0.0167397451
439	4.9931806	0.0167301425
440	4.99270571	0.0166988581
441	4.99241276	0.0166635615
442	4.99228517	0.0166263497
443	4.99314964	0.0166112768
444	4.99327076	0.0165743055
445	4.99380998	0.0165458289
446	4.9936908	0.0165091598
447	4.99328627	0.016477182
448	4.99271405	0.0164503354
449	4.99258777	0.0164141824
450	4.99303596	0.0163838244
451	4.99361579	0.0163577533
452	4.99167217	0.0164366272
453	4.99184846	0.0164012886
454	4.99158921	0.0163672112
455	4.99166466	0.0163314133
456	4.99091405	0.0163128392
457	4.99113513	0.0162786416
458	4.99105111	0.0162433155
459	4.990518	0.0162166732
460	4.99010912	0.0161865734
461	4.990037	0.0161516222
462	4.99071578	0.0161309188
463	4.99055379	0.0160968922
464	4.99062724	0.0160623682
465	4.99053204	0.0160281076
466	4.99020515	0.0159970455
467	4.98951505	0.0159776687
468	4.98907615	0.0159495556
469	4.98905157	0.0159155669
470	4.99030441	0.0159309384
471	4.99068723	0.0159017136
472	4.99113686	0.0158743791
473	4.99030421	0.0158626401
474	4.99067987	0.0158336221
475	4.99217893	0.015871092
476	4.99230998	0.0158382904
477	4.99109396	0.0158516988
478	4.99145567	0.0158226624
479	4.99205956	0.0158011497
480	4.99303093	0.0157980597
481	4.99286801	0.0157660555
482	4.99202036	0.015756116
483	4.99223631	0.0157249744
484	4.99186109	0.0156969608
485	4.99222899	0.0156689066
486	4.99257111	0.0156404006
487	4.99233113	0.0156101257
488	4.99338576	0.0156137231
489	4.99202817	0.0156407022
490	4.99187786	0.0156095046
491	4.99190723	0.015577741
492	4.99228799	0.0155507317
493	4.99286438	0.0155298667
494	4.99318166	0.0155016706
495	4.99352616	0.0154741814
496	4.99341256	0.0154434004
497	4.99309464	0.0154155992
498	4.99320451	0.0153850356
499	4.99272543	0.0153616612
500	4.99214243	0.0153419966
501	4.99125226	0.0153371766
502	4.99163385	0.0153113707
503	4.99167081	0.0152809752
504	4.99181899	0.0152513743
505	4.99120879	0.0152333755
506	4.99018388	0.0152377095
507	4.98987544	0.0152107763
508	4.9910243	0.0152241583
509	4.99027619	0.0152126181
510	4.99032592	0.0151828708
511	4.99090694	0.0151642716
512	4.99235092	0.0152032483
513	4.99158297	0.0151929956
514	4.9926387	0.0152000733
515	4.99217905	0.0151775069
516	4.9914802	0.0151641738
517	4.99120341	0.0151373685
518	4.99173599	0.0151175119
519	4.99260222	0.0151131806
520	4.9931756	0.0150949897
521	4.99481836	0.0151551419
522	4.99429667	0.0151350857
523	4.99466578	0.0151106471
524	4.99584378	0.0151276571
525	4.99530399	0.0151084699
526	4.99469934	0.015091841
527	4.99403448	0.0150778416
528	4.99292093	0.0150903482
529	4.99257659	0.0150657503
530	4.99289673	0.0150407253
531	4.99308702	0.0150136037
532	4.99302915	0.0149854942
533	4.99331769	0.0149601563
534	4.99342341	0.0149325146
535	4.99470608	0.0149595916
536	4.99521099	0.0149402001
537	4.99497154	0.0149142974
538	4.99434025	0.0148999299
539	4.99414015	0.0148736298
540	4.99418586	0.0148461563
541	4.99430928	0.0148192272
542	4.9939544	0.0147961339
543	4.99424942	0.0147718259
544	4.99500466	0.014763966
545	4.99451188	0.0147450977
546	4.99439462	0.0147185583
547	4.99566665	0.0147465152
548	4.99414181	0.0147982329
549	4.99319314	0.0148016547
550	4.99447202	0.014829888
551	4.99459426	0.0148034772
552	4.99570237	0.0148180751
553	4.99535309	0.0147953952
554	4.99495546	0.014774031
555	4.99486478	0.0147476894
556	4.99457143	0.014724082
557	4.99390334	0.0147127964
558	4.99352144	0.0146913851
559	4.99285023	0.0146804283
560	4.99243655	0.0146600409
561	4.99256313	0.0146344554
562	4.99215659	0.0146140612
563	4.99215904	0.0145881039
564	4.99177127	0.0145673912
565	4.99211988	0.0145457788
566	4.99246847	0.0145242559
567	4.99235926	0.0144990505
568	4.99192462	0.0144800373
569	4.99238065	0.0144617684
570	4.99217807	0.0144378157
571	4.99236711	0.0144137682
572	4.99314562	0.0144095783
573	4.99331695	0.0143854492
574	4.99324483	0.0143605683
575	4.99295612	0.0143384952
576	4.99332444	0.0143183317
577	4.99326569	0.014293637
578	4.99351207	0.0142710308
579	4.99455492	0.0142844346
580	4.99407088	0.0142680047
581	4.9942029	0.0142440578
582	4.99374603	0.0142269084
583	4.99415472	0.0142083742
584	4.99380498	0.0141883484
585	4.99303244	0.0141851114
586	4.99342874	0.0141664395
587	4.99399496	0.0141536168
588	4.9932817	0.0141475064
589	4.99331762	0.0141235325
590	4.99250643	0.0141228705
591	4.99149894	0.0141348642
592	4.99215991	0.0141264331
593	4.99263294	0.0141105288
594	4.99204387	0.0140990644
595	4.99179771	0.0140775171
596	4.99211666	0.0140575098
597	4.99176177	0.0140384419
598	4.9921027	0.0140191056
599	4.99201946	0.0139959486
600	4.99172152	0.0139757929
601	4.99155058	0.0139535839
602	4.99095565	0.0139430825
603	4.99205541	0.0139632643
604	4.9925408	0.0139485804
605	4.99273687	0.0139269028
606	4.99230945	0.0139104783
607	4.99235651	0.0138876411
608	4.99412936	0.0139775003
609	4.99425756	0.0139551366
610	4.99340931	0.0139580156
611	4.99420325	0.0139577325
612	4.99294277	0.0139917244
613	4.99267909	0.0139713838
614	4.99259212	0.0139488998
615	4.99255145	0.013926278
616	4.9937817	0.013957905
617	4.99311037	0.0139514179
618	4.99206887	0.0139676639
619	4.991916	0.0139459355
620	4.99182766	0.0139237218
621	4.99161253	0.0139029623
622	4.99136451	0.0138828224
623	4.99194962	0.0138728633
624	4.99271489	0.0138717226
625	4.99291157	0.013850922
626	4.99438494	0.0139069387
627	4.99438707	0.0138847588
628	4.99483906	0.0138700044
629	4.99491715	0.0138481733
630	4.9968652	0.0139625374
631	4.99665219	0.0139420345
632	4.99701853	0.0139247865
633	4.99745034	0.0139094822
634	4.99752699	0.0138877541
635	4.99818099	0.0138812743
636	4.99862237	0.0138664637
637	4.99874248	0.0138452155
638	4.99841648	0.0138273522
639	4.99915089	0.0138252028
640	4.99887099	0.0138064341
641	4.99870063	0.0137859462
642	4.999265	0.0137760202
643	4.99958507	0.0137583134
644	4.99991111	0.0137408122
645	5.00046023	0.0137304762
646	5.00032058	0.0137099318
647	4.99972823	0.0137015321
648	4.99929183	0.0136873359
649	4.99914614	0.0136670214
650	4.99932926	0.0136472219
651	4.99991659	0.013638891
652	4.99972979	0.0136192516
653	4.99921308	0.0136081936
654	4.9982146	0.0136239677
655	4.99824728	0.0136032069
656	4.99764022	0.0135960087
657	4.99738502	0.0135777095
658	4.99708528	0.0135603828
659	4.99661404	0.0135479912
660	4.99665202	0.0135275172
661	4.99623934	0.0135133454
662	4.99628669	0.0134930155
663	4.99611889	0.0134737074
664	4.99689236	0.0134755981
665	4.99681285	0.0134555687
666	4.99762828	0.0134600505
667	4.99844721	0.0134647602
668	5.00032957	0.0135755424
669	5.00073087	0.0135611801
670	5.00082169	0.0135412436
671	5.00035648	0.0135290516
672	5.00000263	0.0135135458
673	5.0001378	0.0134941423
674	5.00074266	0.0134876705
675	5.00102046	0.0134705494
676	5.00084274	0.0134517949
677	5.00089903	0.0134320429
678	5.00043616	0.0134202043
679	5.00137654	0.0134333464
680	5.00095324	0.0134202593
681	5.00049196	0.0134084778
682	5.00060152	0.0133892649
683	5.00076441	0.013370652
684	4.99988374	0.013380076
685	4.99996682	0.013360801
686	4.99974648	0.0133431412
687	4.99953049	0.013325467
688	4.99869984	0.0133319632
689	4.99814642	0.013324095
690	4.99793148	0.0133065183
691	4.99856158	0.0133021719
692	4.99836773	0.0132843615
693	4.99783064	0.013276045
694	4.99783592	0.0132569163
695	4.99773675	0.0132382126
696	4.99718691	0.0132306059
697	4.99786935	0.0132292126
698	4.99807213	0.0132118136
699	4.99753307	0.0132039052
700	4.99781605	0.0131880744
701	4.99882787	0.0132080183
702	4.99872385	0.013189613
703	4.99817495	0.0131822677
704	4.99804819	0.0131641524
705	4.99792466	0.0131460594
706	4.99770011	0.0131293566
707	4.99714263	0.0131226163
708	4.99713488	0.0131040838
709	4.99733292	0.0130870978
710	4.99726556	0.0130688386
711	4.99743264	0.0130515256
712	4.99836208	0.0130662471
713	4.99786563	0.013057349
714	4.99784059	0.0130390854
715	4.99752467	0.0130246756
716	4.99880861	0.0130696151
717	4.99855235	0.0130538988
718	4.99979994	0.013095199
719	4.99983331	0.0130770285
720	5.00013564	0.0130623603
721	5.0000177	0.0130447758
722	4.99995105	0.0130268785
723	5.00046825	0.013019124
724	5.0002054	0.0130037949
725	5.00131935	0.0130334834
726	5.00123091	0.013015831
727	5.00152904	0.0130013414
728	5.0012099	0.0129873989
729	5.00169709	0.0129787185
730	5.00168522	0.0129609449
731	5.00170057	0.0129432235
732	5.00111826	0.0129386337
733	5.0014935	0.0129264223
734	5.00109892	0.0129148323
735	5.00060128	0.0129068453
736	5.0010107	0.0128958009
737	5.00069271	0.0128822232
738	5.00087669	0.0128660813
739	5.00083555	0.0128487369
740	5.00047347	0.0128364747
741	5.00109826	0.0128343479
742	5.00119282	0.0128173992
743	5.00064535	0.0128118352
744	5.00085309	0.0127962991
745	5.00161739	0.0128019279
746	5.00192624	0.0127884921
747	5.00330386	0.0128453592
748	5.00327287	0.0128282237
749	5.00316603	0.0128115414
750	5.00263263	0.0128055582
751	5.0028405	0.0127901939
752	5.00362658	0.0127973189
753	5.00325095	0.0127858356
754	5.00300916	0.0127711642
755	5.00230295	0.0127737597
756	5.00201463	0.0127601167
757	5.00229504	0.0127463412
758	5.00172783	0.0127421397
759	5.00102582	0.0127446748
760	5.00090772	0.0127284527
761	5.00104033	0.0127124175
762	5.00078406	0.0126983173
763	5.00090354	0.0126822368
764	4.99996945	0.0126999897
765	4.99910214	0.0127129693
766	4.9992123	0.01269685
767	4.99944234	0.0126823797
768	4.99967963	0.012668086
769	4.9999182	0.0126538588
770	5.00002336	0.0126378621
771	5.00051617	0.0126310757
772	5.00055798	0.0126147834
773	4.99977156	0.0126229536
774	4.99899916	0.0126302546
775	4.99842818	0.0126268569
776	4.9978343	0.0126245435
777	4.99730181	0.0126195205
778	4.99790032	0.0126174846
779	4.99820742	0.0126050244
780	4.99806092	0.0125897155
781	4.99782532	0.0125757997
782	4.99781355	0.0125597236
783	4.99753333	0.0125468087
784	4.99797282	0.0125385
785	4.99851076	0.0125340619
786	4.99842938	0.0125183795
787	4.99966283	0.0125630931
788	4.99977774	0.0125476756
789	5.00044773	0.0125496466
790	5.00014454	0.0125374228
791	5.00062408	0.0125307402
792	5.00145944	0.012542732
793	5.0012674	0.0125283852
794	5.00098164	0.0125158649
795	5.00044865	0.0125114652
796	5.00025766	0.0124972049
797	5.00079491	0.0124930672
798	5.00219077	0.0125551502
799	5.0023405	0.0125403293
800	5.00231004	0.0125246909
801	5.001859	0.0125171735
802	5.00180984	0.0125016625
803	5.00164342	0.0124872014
804	5.00194247	0.0124752504
805	5.00224466	0.0124634126
806	5.00186884	0.0124536141
807	5.00220351	0.0124426783
808	5.00251739	0.0124312371
809	5.00167702	0.0124442432
810	5.00170816	0.0124289189
811	5.00162622	0.0124138635
812	5.00112771	0.0124085808
813	5.00138307	0.0123959453
814	5.00123823	0.0123815631
815	5.00126471	0.0123663993
816	5.00092761	0.012355838
817	5.0007109	0.0123426148
818	4.99991997	0.0123528419
819	4.99986698	0.0123378727
820	4.99976265	0.0123232677
821	4.99985379	0.0123085947
822	4.99986683	0.0122936276
823	5.00022932	0.0122840331
824	5.00023321	0.0122691259
825	5.00040616	0.0122554732
826	5.00103407	0.0122567109
827	5.00070854	0.0122462124
828	5.00066492	0.0122315
829	5.00057445	0.01221708
830	5.00016324	0.0122092791
831	5.00063509	0.0122037011
832	5.00063471	0.0121890332
833	5.00080927	0.0121756503
834	5.00066382	0.0121619199
835	5.00053058	0.0121480846
836	5.00014308	0.012139732
837	4.99993204	0.0121270625
838	4.99995415	0.0121126112
839	4.9999267	0.0120982053
840	5.00021747	0.0120872963
841	5.00014901	0.0120731177
842	4.99985312	0.0120624044
843	4.99965119	0.0120497855
844	4.99990752	0.0120382346
845	4.99965149	0.0120267104
846	4.99902682	0.0120287062
847	5.0000676	0.0120594468
848	4.99980497	0.0120480852
849	4.99984023	0.0120339459
850	4.99966118	0.0120211204
851	4.99964829	0.0120070014
852	4.99951913	0.0119936034
853	4.99928968	0.0119817376
854	4.99886824	0.0119751167
855	4.99829812	0.0119746745
856	4.99877232	0.0119700709
857	4.99888538	0.0119566374
858	4.99876198	0.0119433387
859	4.99861572	0.0119303305
860	4.99830592	0.0119204795
861	4.99831536	0.0119066384
862	4.99810425	0.0118946971
863	4.99818225	0.0118811699
864	4.99814157	0.0118674882
865	4.99763059	0.0118647642
866	4.99834379	0.01187248
867	4.99745409	0.011892076
868	4.997843	0.011884733
869	4.99733131	0.0118820666
870	4.99715727	0.0118696836
871	4.99696568	0.0118576021
872	4.99764013	0.0118631697
873	4.99794528	0.0118535045
874	4.99833462	0.0118463348
875	4.99824311	0.0118331495
876	4.99780809	0.011827635
877	4.99801564	0.0118159695
878	4.99775001	0.0118054971
879	4.99790975	0.0117931472
880	4.99850361	0.0117946886
881	4.99871533	0.0117832007
882	4.99871359	0.0117698412
883	4.99882639	0.0117570523
884	4.99913258	0.0117477389
885	4.99869925	0.0117424539
886	4.99836618	0.0117339232
887	4.99840283	0.0117207516
888	4.99893344	0.0117195571
889	4.99941526	0.0117162746
890	4.99913996	0.0117063443
891	4.99957128	0.0117011493
892	5.00041336	0.0117182925
893	5.00064795	0.0117075179
894	5.00122496	0.011708633
895	5.00083442	0.0117020621
896	5.00093971	0.0116894755
897	5.00101924	0.0116767143
898	5.00109453	0.011663954
899	5.00174482	0.0116690931
900	5.00183602	0.0116564838
901	5.00266933	0.0116732948
902	5.00283384	0.0116615124
903	5.00285691	0.0116486211
904	5.00263171	0.011637912
905	5.00249891	0.0116258101
906	5.0027926	0.0116166872
907	5.00253158	0.0116068117
908	5.00231244	0.0115960974
909	5.00217712	0.0115841299
910	5.00211866	0.0115715476
911	5.00208077	0.0115589076
912	5.00220099	0.0115468585
913	5.00202982	0.0115354799
914	5.00196335	0.0115230505
915	5.00292672	0.011550657
916	5.00339828	0.011547669
917	5.00352335	0.0115357534
918	5.00301657	0.0115343136
919	5.00345361	0.0115300397
920	5.00389625	0.0115260002
921	5.0037986	0.0115138992
922	5.00362385	0.0115027373
923	5.00349805	0.0114909629
924	5.0035181	0.0114785443
925	5.00360733	0.0114664819
926	5.00360827	0.0114540991
927	5.00346007	0.0114427017
928	5.00364913	0.0114319329
929	5.00394697	0.0114235064
930	5.0035332	0.0114187142
931	5.0033995	0.0114072318
932	5.00387057	0.0114047144
933	5.00418189	0.0113967391
934	5.00445423	0.0113877906
935	5.00446463	0.0113756159
936	5.00462503	0.0113645932
937	5.00410624	0.0113642999
938	5.00434017	0.0113545918
939	5.00385625	0.0113528068
940	5.00356375	0.0113444968
941	5.00358881	0.0113324687
942	5.00393895	0.0113258462
943	5.00364586	0.0113176274
944	5.00339528	0.0113084121
945	5.00308105	0.0113008103
946	5.00244118	0.011306965
947	5.00214624	0.0112988713
948	5.00196265	0.0112884441
949	5.00161228	0.0112819854
950	5.0017493	0.0112709416
951	5.00159896	0.0112600925
952	5.00099525	0.0112644372
953	5.00080088	0.011254294
954	5.00082375	0.0112425203
955	5.00057935	0.0112334043
956	5.00061033	0.0112216966
957	5.0008025	0.0112116161
958	5.00085275	0.0112000255
959	5.00122168	0.0111944211
960	5.00104385	0.0111841726
961	5.00184918	0.0112014913
962	5.00177353	0.0111901028
963	5.00149416	0.0111819697
964	5.00217939	0.0111913463
965	5.00213622	0.0111798323
966	5.00248451	0.011173683
967	5.00243671	0.0111622303
968	5.00201167	0.0111587885
969	5.00205353	0.0111473512
970	5.00208298	0.011135898
971	5.00205853	0.0111244564
972	5.00214003	0.01111331
973	5.001986	0.0111029556
974	5.00176296	0.0110937963
975	5.00121801	0.0110957944
976	5.00123807	0.0110844439
977	5.00139417	0.0110741976
978	5.00118559	0.0110648384
979	5.00113332	0.0110536597
980	5.00087057	0.0110455029
981	5.000813	0.0110343935
982	5.00099526	0.011024662
983	5.00097594	0.0110134636
984	5.00208342	0.0110578131
985	5.00187655	0.0110485217
986	5.0017823	0.0110377183
987	5.00157735	0.0110284379
988	5.00142818	0.0110182843
989	5.00144621	0.0110071582
990	5.00114016	0.0110002938
991	5.00135855	0.0109913613
992	5.00143504	0.0109805474
993	5.0012387	0.0109712446
994	5.00125938	0.0109602266
995	5.00186521	0.0109659425
996	5.00178728	0.0109552094
997	5.00167482	0.0109447985
998	5.00171655	0.0109339113
999	5.00130729	0.0109306231
1000	5.00111555	0.0109213741
