0	-0.183933335	0.88956901
1	-0.116917533	0.873265345
2	-0.00838123912	0.774976296
3	-0.107578764	0.443168261
4	-0.0135473939	0.512094979
5	0.154538298	0.680009704
6	0.152045376	0.707409405
7	0.403335041	0.696116215
8	0.42843405	0.734532174
9	0.312037479	0.810967438
10	0.409174279	0.890312795
11	0.531527792	0.940533955
12	0.596588928	0.900675733
13	0.677002942	0.984622471
14	0.660452432	0.722301321
15	0.837710784	0.879750909
16	0.903559639	0.850425465
17	0.988901473	0.783548912
18	0.863730913	0.508103195
19	0.647930349	0.528083105
20	0.804752746	0.353751314
21	0.648559958	0.292264109
22	0.497540661	0.278224596
23	0.484985294	0.29291326
24	0.396612885	0.203309357
25	0.233618957	0.160936565
26	0.248581144	0.262032437
27	0.175807198	0.247255045
28	-0.0564068316	0.169833841
29	-0.0457705915	0.143669161
30	-0.0417241712	-0.0114806072
31	-0.200176565	-0.346283379
32	0.0774060602	-0.42197577
33	0.0763005374	-0.435614929
34	0.196815038	-0.503102864
35	0.587374405	-0.436299403
36	0.459298829	-0.33766858
37	0.372011537	-0.26129855
38	0.516618418	-0.101247875
39	0.618095597	0.130085416
40	0.69153319	0.0529277386
41	0.970950409	-0.201956467
42	0.972919254	-0.313542004
43	0.938868645	-0.495452626
44	0.763846924	-0.419160447
45	0.768874647	-0.621294576
46	0.804523121	-0.728214625
47	0.832296476	-0.901683038
48	0.626570907	-0.964115219
49	0.563849202	-0.977711743
50	0.55209579	-0.957724837
51	0.58611536	-0.782218087
52	0.47722184	-0.710451794
53	0.426845581	-0.776446137
54	0.410057968	-0.827985577
55	0.349863494	-0.871565895
56	0.356759906	-0.803571035
57	0.303909341	-0.572296859
58	0.236286765	-0.700598037
59	0.0956010924	-0.823776382
60	0.00371557338	-0.951432043
61	-0.0369409633	-0.988229532
62	-0.126225629	-0.942607794
63	-0.57056354	-0.964281872
64	-0.732392296	-0.893040948
65	-0.886861476	-0.844363786
66	-0.879829678	-0.736324762
67	-0.83209222	-0.681481833
68	-0.754701292	-0.660164065
69	-0.59756353	-0.681804326
70	-0.481944061	-0.719046804
71	-0.281999769	-0.703726906
72	-0.454497057	-0.497269587
73	-0.484213014	-0.521463669
74	-0.533686355	-0.613414058
75	-0.625135962	-0.482478541
76	-0.844157947	-0.460909158
77	-0.974079829	-0.24355476
78	-0.894478368	-0.0929850488
79	-0.771488844	0.0970442424
80	-0.965396656	0.166357496
81	-0.921168312	0.225619454
82	-0.999869832	0.313035091
83	-0.758080431	0.360273765
84	-0.663350623	0.144877458
85	-0.573736632	-0.00742791788
86	-0.441533986	0.0917157975
87	-0.407272336	0.317879309
88	-0.316728511	0.520088539
89	-0.307332465	0.636105663
90	-0.257007473	0.673133213
91	-0.336246218	0.71578317
92	-0.479132917	0.713404118
93	-0.520807898	0.663405426
94	-0.779166034	0.622353492
95	-0.870714266	0.509307426
96	-0.826179926	0.850840513
97	-0.696975179	0.955201464
98	-0.547780269	0.989220874
99	-0.440110921	0.873073697
100	-0.183933335	0.88956901
