0	-0.874885396	-0.484329995
1	-0.866510612	-0.499158651
2	-0.861007603	-0.508592084
3	-0.742544068	-0.669797214
4	-0.641711618	-0.766946021
5	-0.577805136	-0.816174752
6	-0.556777763	-0.830661497
7	-0.454372507	-0.890811779
8	-0.434967303	-0.900446248
9	-0.425000874	-0.905192939
10	-0.391340256	-0.920246056
11	-0.29903561	-0.954241953
12	-0.278816159	-0.960344495
13	-0.227803546	-0.973707114
14	-0.127518286	-0.99183622
15	-0.0077260936	-0.999970153
16	0.0254542578	-0.999675988
17	0.0292360459	-0.999572535
18	0.037988424	-0.999278179
19	0.0988856821	-0.9950988
20	0.162934154	-0.986636945
21	0.387238308	-0.92197966
22	0.491101127	-0.871102568
23	0.517489208	-0.855689733
24	0.5358526	-0.844311549
25	0.566060671	-0.824363583
26	0.577870775	-0.816128279
27	0.606456138	-0.795116943
28	0.817287398	-0.576230257
29	0.828785137	-0.559566973
30	0.872819421	-0.488043296
31	0.909755385	-0.415144722
32	0.92948816	-0.368851949
33	0.982600212	-0.185733207
34	0.995838523	-0.0911352607
35	0.99638317	-0.0849739879
36	0.999426685	-0.0338570593
37	0.999316391	0.0369695907
38	0.994096927	0.10849562
39	0.993710858	0.111976473
40	0.993652096	0.11249672
41	0.99119353	0.132421248
42	0.988382125	0.151989394
43	0.983789413	0.179327605
44	0.945553265	0.325467391
45	0.944073888	0.329733974
46	0.919697242	0.392628303
47	0.918643485	0.395087519
48	0.864069285	0.503372894
49	0.857503342	0.514478395
50	0.815560149	0.578672312
51	0.763348656	0.64598671
52	0.753196027	0.657796128
53	0.724827227	0.688930687
54	0.717472917	0.6965864
55	0.666930675	0.745119772
56	0.657094162	0.753808505
57	0.635113782	0.772418594
58	0.540604184	0.841277075
59	0.539751574	0.841824351
60	0.490951061	0.871187153
61	0.482205267	0.876058263
62	0.348809718	0.937193566
63	0.30172823	0.953393977
64	0.225179499	0.974317296
65	0.219870656	0.975529033
66	0.14954306	0.988755214
67	0.105631352	0.994405359
68	0.0673789949	0.997727453
69	0.0653233701	0.997864148
70	-0.0085777646	0.99996321
71	-0.0495759723	0.998770355
72	-0.0566940143	0.998391601
73	-0.14246536	0.989799788
74	-0.182645383	0.983178857
75	-0.200895226	0.979612734
76	-0.464362835	0.885645052
77	-0.488159119	0.872754648
78	-0.552845429	0.833283824
79	-0.681567605	0.73175515
80	-0.691370031	0.722500851
81	-0.80538898	0.592746649
82	-0.80869085	0.58823389
83	-0.922399208	0.38623788
84	-0.957635186	0.287984115
85	-0.984339841	0.176281243
86	-0.989679658	0.143297506
87	-0.991421271	0.130705256
88	-0.993273357	0.115793081
89	-0.999094445	0.0425474997
90	-0.999349644	0.0360595262
91	-0.999931873	-0.0116725995
92	-0.986207727	-0.16551229
93	-0.971407994	-0.237416322
94	-0.958775872	-0.284163383
95	-0.953884923	-0.30017254
96	-0.899859064	-0.436180771
97	-0.898196853	-0.439593465
98	-0.888070901	-0.459706509
99	-0.884443398	-0.466647486
100	-0.874885396	-0.484329995
